-0.310302 -0.0167357 0.0717337 
-0.310451 -0.0168009 0.071732 
-0.310576 -0.0169316 0.071739 
-0.31065 -0.0170637 0.0717428 
-0.310677 -0.0171974 0.0717432 
-0.310645 -0.0173321 0.0717401 
-0.310607 -0.0173865 0.0717385 
-0.310516 -0.0174702 0.071733 
-0.310449 -0.0175157 0.0717285 
-0.310272 -0.0175661 0.0717218 
-0.310078 -0.0175788 0.0717148 
-0.309894 -0.0174969 0.0717187 
-0.309886 -0.0174925 0.0717188 
-0.309729 -0.0173732 0.0717221 
-0.309765 -0.0172438 0.0717361 
-0.309868 -0.0171721 0.0717476 
-0.309975 -0.0171072 0.0717566 
-0.310045 -0.0170619 0.0717606 
-0.310186 -0.0169687 0.0717633 
-0.310189 -0.0169644 0.071763 
-0.310251 -0.0168333 0.0717522 
-0.310259 -0.0168202 0.0717503 
-0.31097 -0.0169629 0.0716822 
-0.311107 -0.0169572 0.0716744 
-0.311205 -0.0169409 0.071659 
-0.311262 -0.0169771 0.0716546 
-0.311369 -0.0170748 0.0716429 
-0.311388 -0.0170975 0.0716392 
-0.311448 -0.0172238 0.0716271 
-0.311447 -0.0173581 0.0716261 
-0.311438 -0.0173821 0.0716274 
-0.311369 -0.0174993 0.0716307 
-0.311344 -0.017529 0.0716304 
-0.311222 -0.0175979 0.0716351 
-0.311076 -0.017641 0.0716368 
-0.310952 -0.0176597 0.0716357 
-0.310906 -0.0176657 0.0716346 
-0.310893 -0.0176625 0.0716353 
-0.310732 -0.0176348 0.0716371 
-0.310547 -0.0175489 0.0716416 
-0.310564 -0.0174216 0.0716589 
-0.310651 -0.0172902 0.0716753 
-0.310736 -0.0171912 0.0716842 
-0.310768 -0.0171539 0.0716862 
-0.310866 -0.0170584 0.0716883 
-0.310924 -0.0170109 0.0716865 
-0.311582 -0.0170165 0.0715939 
-0.311661 -0.0169378 0.07158 
-0.311762 -0.0169236 0.0715646 
-0.311908 -0.0170171 0.0715528 
-0.311922 -0.0170279 0.0715509 
-0.312024 -0.0171197 0.0715246 
-0.312032 -0.0171304 0.0715217 
-0.312084 -0.017254 0.0715024 
-0.312089 -0.0173871 0.071512 
-0.312088 -0.0173936 0.0715124 
-0.312032 -0.0175331 0.0715242 
-0.312029 -0.0175375 0.0715242 
-0.311914 -0.0176744 0.0715224 
-0.311813 -0.0176871 0.0715376 
-0.311698 -0.0176583 0.0715543 
-0.311561 -0.0175887 0.07157 
-0.311557 -0.017585 0.0715704 
-0.311431 -0.0174633 0.0715838 
-0.311467 -0.0173322 0.0715958 
-0.311528 -0.0172145 0.0716012 
-0.311536 -0.0171955 0.0716014 
-0.311563 -0.0170572 0.0715971 
-0.311866 -0.0166595 0.0714298 
-0.311978 -0.0166544 0.0714161 
-0.312005 -0.0166655 0.0714165 
-0.31217 -0.0167359 0.0714121 
-0.312262 -0.01678 0.0714035 
-0.312333 -0.0168297 0.0713998 
-0.312417 -0.0169042 0.0713972 
-0.312526 -0.0170321 0.0713945 
-0.312601 -0.0171635 0.0713953 
-0.312646 -0.0172955 0.0713922 
-0.312659 -0.0174276 0.0713873 
-0.312642 -0.0175578 0.0713746 
-0.312589 -0.0176916 0.0713639 
-0.31257 -0.0177223 0.0713624 
-0.312494 -0.0178257 0.0713509 
-0.312381 -0.0179357 0.0713363 
-0.31235 -0.01796 0.0713328 
-0.312162 -0.0180916 0.0713031 
-0.312125 -0.0181121 0.0712983 
-0.311884 -0.0182217 0.0712709 
-0.311752 -0.0182321 0.0712796 
-0.311785 -0.0181249 0.071331 
-0.311792 -0.0180939 0.0713437 
-0.311791 -0.0180093 0.0713739 
-0.311849 -0.0178885 0.0714102 
-0.311926 -0.0177642 0.0714414 
-0.312006 -0.0176362 0.0714668 
-0.312078 -0.0175061 0.0714857 
-0.312135 -0.0174486 0.0714919 
-0.312199 -0.01737 0.0714971 
-0.31222 -0.0172341 0.0714997 
-0.312208 -0.0171667 0.0714979 
-0.312189 -0.0170982 0.0714944 
-0.312067 -0.0169651 0.0714846 
-0.311932 -0.0168284 0.0714667 
-0.311868 -0.0166826 0.0714364 
-0.312365 -0.0166939 0.0713155 
-0.312437 -0.0166589 0.0712954 
-0.312539 -0.0166664 0.0712779 
-0.312592 -0.0166902 0.0712761 
-0.3127 -0.0167436 0.071267 
-0.312794 -0.016805 0.071257 
-0.312849 -0.0168487 0.07125 
-0.312924 -0.016925 0.0712385 
-0.312989 -0.017011 0.0712256 
-0.313009 -0.0170458 0.071218 
-0.313062 -0.0171693 0.0711992 
-0.313096 -0.0172971 0.0711857 
-0.31311 -0.0174269 0.0711755 
-0.313094 -0.0175552 0.0711588 
-0.313069 -0.0176909 0.071155 
-0.31305 -0.0177669 0.0711607 
-0.31302 -0.0178322 0.0711616 
-0.312943 -0.0179457 0.0711577 
-0.312922 -0.0179704 0.0711562 
-0.312775 -0.0181057 0.0711382 
-0.312758 -0.0181184 0.0711367 
-0.312656 -0.0181796 0.0711472 
-0.31253 -0.0182313 0.0711529 
-0.312405 -0.0182592 0.0711612 
-0.31232 -0.0182379 0.0711841 
-0.312302 -0.0181691 0.071218 
-0.312313 -0.0181285 0.0712344 
-0.312333 -0.0180524 0.0712617 
-0.312386 -0.0179318 0.0712982 
-0.312582 -0.0178073 0.0713309 
-0.31259 -0.0178019 0.0713323 
-0.312647 -0.0176744 0.0713566 
-0.312653 -0.0175469 0.0713738 
-0.312648 -0.0175365 0.0713748 
-0.312581 -0.0174198 0.0713831 
-0.31253 -0.017288 0.0713864 
-0.312451 -0.0171552 0.0713825 
-0.312346 -0.0170206 0.0713721 
-0.312256 -0.0168818 0.0713554 
-0.312259 -0.0168683 0.0713537 
-0.312314 -0.0167684 0.0713364 
-0.312348 -0.0167275 0.071326 
-0.311927 -0.0164976 0.0711277 
-0.311978 -0.0164094 0.0711084 
-0.312089 -0.0163718 0.0710979 
-0.312274 -0.0163881 0.0710985 
-0.312447 -0.0164145 0.0710956 
-0.312585 -0.0164612 0.071101 
-0.312691 -0.0165 0.071103 
-0.312863 -0.0165658 0.0710955 
-0.312885 -0.0165772 0.0710957 
-0.313063 -0.0166796 0.0710897 
-0.313089 -0.0166972 0.0710875 
-0.313241 -0.0168214 0.0710818 
-0.313271 -0.0168501 0.0710797 
-0.313356 -0.0169466 0.0710723 
-0.313418 -0.0170538 0.0710521 
-0.313422 -0.0170669 0.0710479 
-0.313469 -0.0171916 0.0710308 
-0.313482 -0.0173151 0.0710056 
-0.31349 -0.0174434 0.0709914 
-0.313474 -0.0175716 0.070974 
-0.313426 -0.0176988 0.07095 
-0.313349 -0.0178235 0.0709189 
-0.313248 -0.0179481 0.0708848 
-0.31314 -0.0180786 0.0708613 
-0.313048 -0.0181814 0.070848 
-0.313017 -0.0182125 0.0708443 
-0.312921 -0.0183126 0.0708455 
-0.312884 -0.0183643 0.0708717 
-0.312877 -0.0183692 0.0708724 
-0.312791 -0.0184259 0.0708841 
-0.312734 -0.01845 0.0709089 
-0.312668 -0.0184615 0.0709327 
-0.312606 -0.0184534 0.0709594 
-0.312587 -0.0184352 0.0709773 
-0.312558 -0.0184178 0.0709927 
-0.312373 -0.0184388 0.0709879 
-0.312193 -0.0184389 0.0709861 
-0.312051 -0.018397 0.0709979 
-0.311992 -0.0183475 0.0710125 
-0.311937 -0.0183106 0.071021 
-0.311749 -0.0182429 0.0710245 
-0.311736 -0.018232 0.0710261 
-0.311692 -0.0181109 0.0710524 
-0.31164 -0.0180551 0.071059 
-0.311565 -0.017988 0.0710644 
-0.311702 -0.0178638 0.0711022 
-0.311799 -0.0178008 0.071123 
-0.311882 -0.0177371 0.0711415 
-0.311882 -0.0176093 0.0711568 
-0.311868 -0.0174797 0.0711673 
-0.311888 -0.0173478 0.0711777 
-0.311954 -0.0172144 0.071189 
-0.311975 -0.0171556 0.0711915 
-0.31199 -0.017079 0.0711925 
-0.31193 -0.0169415 0.0711821 
-0.311935 -0.0168342 0.0711756 
-0.311934 -0.0168017 0.0711727 
-0.311918 -0.0166592 0.0711551 
-0.311922 -0.0166376 0.0711525 
-0.311932 -0.016512 0.0711311 
-0.312207 -0.0163507 0.0709403 
-0.31237 -0.0163409 0.0709389 
-0.312497 -0.0163264 0.0709292 
-0.312621 -0.0163244 0.0709179 
-0.312723 -0.0163577 0.070924 
-0.312892 -0.0164153 0.0709308 
-0.313044 -0.0164616 0.0709208 
-0.313069 -0.0164731 0.0709215 
-0.313305 -0.0165994 0.0709301 
-0.313324 -0.0166106 0.0709297 
-0.313487 -0.0167205 0.0709211 
-0.313523 -0.0167496 0.0709208 
-0.313628 -0.0168457 0.0709159 
-0.313744 -0.0169747 0.070914 
-0.313761 -0.017002 0.0709089 
-0.313806 -0.0170957 0.0708903 
-0.31385 -0.0172204 0.0708726 
-0.313898 -0.0173537 0.0708712 
-0.313891 -0.0174139 0.0708552 
-0.313873 -0.0174741 0.0708367 
-0.313836 -0.0175976 0.070807 
-0.313789 -0.0177249 0.0707828 
-0.313714 -0.0178503 0.0707531 
-0.313625 -0.0179778 0.0707263 
-0.313588 -0.0180366 0.0707198 
-0.313529 -0.0181108 0.0707086 
-0.313412 -0.0182455 0.0706939 
-0.313401 -0.0182586 0.0706935 
-0.313337 -0.0183493 0.0707098 
-0.313282 -0.0183964 0.0707106 
-0.313204 -0.0184517 0.0707085 
-0.31313 -0.0185013 0.0707268 
-0.313044 -0.0185395 0.0707432 
-0.312957 -0.0185611 0.0707611 
-0.312855 -0.0185738 0.0707764 
-0.312781 -0.0185559 0.0708017 
-0.312674 -0.0185365 0.0708193 
-0.312484 -0.018542 0.070815 
-0.312405 -0.0185004 0.0708312 
-0.312378 -0.0184843 0.0708368 
-0.312261 -0.0184062 0.0708582 
-0.312248 -0.0183885 0.0708633 
-0.312149 -0.0182893 0.0708849 
-0.312128 -0.018271 0.070888 
-0.311985 -0.0181615 0.0709006 
-0.311964 -0.0181496 0.0709008 
-0.311945 -0.0180265 0.0709245 
-0.311909 -0.0179016 0.0709425 
-0.311934 -0.0177747 0.0709643 
-0.311909 -0.0176466 0.0709765 
-0.311898 -0.0176386 0.0709759 
-0.311739 -0.0175162 0.0709679 
-0.311765 -0.0173847 0.0709801 
-0.31181 -0.0173274 0.0709884 
-0.311854 -0.0172525 0.0709963 
-0.311847 -0.0171183 0.0709975 
-0.311838 -0.0169815 0.0709946 
-0.311857 -0.0169689 0.0709963 
-0.311992 -0.0168427 0.0710044 
-0.312003 -0.0168297 0.0710045 
-0.312083 -0.0167005 0.071 
-0.312089 -0.0166872 0.070999 
-0.312144 -0.0165582 0.0709846 
-0.312146 -0.0165544 0.0709842 
-0.312181 -0.0164469 0.0709647 
-0.312204 -0.0164012 0.0709544 
-0.312299 -0.0163553 0.0707742 
-0.312397 -0.0163005 0.0707623 
-0.312579 -0.0162995 0.0707639 
-0.312768 -0.0163153 0.0707656 
-0.312924 -0.0163288 0.0707599 
-0.313125 -0.0163826 0.0707625 
-0.313136 -0.0163863 0.0707626 
-0.313405 -0.0164949 0.0707727 
-0.313431 -0.016507 0.0707737 
-0.313623 -0.016603 0.0707714 
-0.313665 -0.0166274 0.0707691 
-0.313802 -0.0167198 0.0707601 
-0.313836 -0.0167474 0.0707562 
-0.31397 -0.0168719 0.0707484 
-0.313995 -0.0169004 0.0707452 
-0.314063 -0.0169954 0.070732 
-0.314146 -0.017124 0.0707263 
-0.314169 -0.0171936 0.070714 
-0.314177 -0.0172466 0.0707022 
-0.314204 -0.0173747 0.0706876 
-0.314208 -0.0175027 0.0706717 
-0.314148 -0.0176218 0.0706302 
-0.3141 -0.0177489 0.0706052 
-0.314022 -0.0178739 0.0705742 
-0.313914 -0.0179972 0.0705364 
-0.313799 -0.0181243 0.0705045 
-0.313661 -0.0182507 0.0704701 
-0.313603 -0.0183196 0.0704653 
-0.313535 -0.0183872 0.0704578 
-0.313442 -0.0184735 0.0704522 
-0.313447 -0.0185173 0.0704892 
-0.313414 -0.0185498 0.0704981 
-0.313373 -0.0185814 0.0705057 
-0.313328 -0.0186148 0.0705321 
-0.313316 -0.0186177 0.0705696 
-0.313335 -0.0186017 0.0705955 
-0.313342 -0.0185863 0.0706191 
-0.313276 -0.0185813 0.0706448 
-0.313199 -0.0185638 0.0706694 
-0.313039 -0.0185711 0.0706719 
-0.312945 -0.0185321 0.0706921 
-0.312938 -0.0185289 0.0706934 
-0.312792 -0.0184906 0.0707038 
-0.312758 -0.018423 0.0707273 
-0.312732 -0.0183688 0.0707436 
-0.312696 -0.0183061 0.0707597 
-0.312717 -0.0181851 0.0707938 
-0.312702 -0.0181546 0.0707997 
-0.312659 -0.0180627 0.0708153 
-0.312712 -0.0179381 0.0708439 
-0.312656 -0.0178111 0.0708573 
-0.312669 -0.0176829 0.0708745 
-0.312602 -0.0176179 0.0708735 
-0.312521 -0.017553 0.0708701 
-0.312476 -0.0174209 0.0708736 
-0.312513 -0.0173549 0.0708806 
-0.312535 -0.0172877 0.0708851 
-0.312414 -0.017153 0.0708729 
-0.312298 -0.017016 0.0708579 
-0.312335 -0.0168773 0.0708549 
-0.312347 -0.0168521 0.0708544 
-0.31236 -0.0167359 0.0708452 
-0.31235 -0.0166588 0.070835 
-0.312343 -0.016592 0.070825 
-0.31232 -0.0164889 0.0708054 
-0.312309 -0.0164439 0.0707955 
-0.312981 -0.0165839 0.0706804 
-0.313135 -0.0165531 0.0706787 
-0.313273 -0.0165286 0.0706726 
-0.313321 -0.0164703 0.0706492 
-0.313408 -0.0164491 0.0706313 
-0.313495 -0.0164425 0.0706117 
-0.313623 -0.016473 0.0705974 
-0.313728 -0.0165084 0.0705775 
-0.313751 -0.0165205 0.0705777 
-0.313928 -0.0166229 0.0705709 
-0.313954 -0.0166408 0.0705692 
-0.31409 -0.0167494 0.0705545 
-0.314101 -0.0167602 0.0705519 
-0.31424 -0.01689 0.0705554 
-0.314344 -0.0170185 0.0705503 
-0.314356 -0.0170456 0.0705443 
-0.314387 -0.0171386 0.0705224 
-0.314417 -0.0172626 0.0705009 
-0.314414 -0.0172922 0.0704911 
-0.314392 -0.0173812 0.070461 
-0.314404 -0.0175111 0.0704493 
-0.314379 -0.017638 0.0704278 
-0.314277 -0.0177554 0.0703768 
-0.31419 -0.0178787 0.0703413 
-0.31412 -0.0180089 0.0703216 
-0.314016 -0.0181376 0.070294 
-0.313874 -0.0182625 0.0702563 
-0.313818 -0.0183196 0.0702459 
-0.313733 -0.0183923 0.0702285 
-0.313566 -0.0185237 0.0702002 
-0.313544 -0.0185453 0.0701992 
-0.313443 -0.0186483 0.0702054 
-0.313419 -0.0186714 0.0702088 
-0.313352 -0.0187274 0.0702165 
-0.313358 -0.0187526 0.0702555 
-0.313404 -0.0187484 0.0703067 
-0.313451 -0.0187307 0.0703323 
-0.313532 -0.018694 0.0703827 
-0.313584 -0.0186529 0.0704394 
-0.313599 -0.0186435 0.0704475 
-0.313703 -0.0185559 0.0705176 
-0.313718 -0.0185403 0.0705286 
-0.313784 -0.0184427 0.0705887 
-0.313787 -0.0184327 0.0705944 
-0.313879 -0.0183176 0.0706474 
-0.313904 -0.018238 0.0706789 
-0.313908 -0.0182008 0.0706918 
-0.313929 -0.0180809 0.0707275 
-0.313943 -0.017958 0.0707564 
-0.313939 -0.0179523 0.0707575 
-0.313858 -0.0178342 0.0707746 
-0.313773 -0.0177458 0.0707815 
-0.313721 -0.0177091 0.0707822 
-0.313544 -0.0175816 0.0707804 
-0.313498 -0.0175586 0.0707784 
-0.313279 -0.0174515 0.0707647 
-0.313147 -0.0173985 0.0707542 
-0.312914 -0.0173198 0.0707325 
-0.312687 -0.0171852 0.0707095 
-0.31267 -0.0171776 0.0707075 
-0.312397 -0.0170482 0.0706751 
-0.312416 -0.0169422 0.0706735 
-0.312429 -0.0169101 0.0706731 
-0.312571 -0.0168217 0.0706818 
-0.312692 -0.0167674 0.0706877 
-0.312735 -0.0167374 0.0706881 
-0.312907 -0.016679 0.0706934 
-0.312965 -0.016616 0.0706859 
-0.313862 -0.0165284 0.0704587 
-0.313951 -0.016539 0.0704377 
-0.31401 -0.0165634 0.0704357 
-0.314113 -0.0166099 0.0704268 
-0.314203 -0.0166598 0.0704019 
-0.314219 -0.0166707 0.0704006 
-0.314342 -0.0167705 0.0703817 
-0.314359 -0.0167878 0.0703776 
-0.31447 -0.0169102 0.0703619 
-0.314482 -0.0169313 0.0703567 
-0.314533 -0.0170302 0.0703345 
-0.31456 -0.0171153 0.0703145 
-0.31456 -0.0171493 0.0703025 
-0.3146 -0.0172761 0.0702877 
-0.31459 -0.0173987 0.0702574 
-0.314584 -0.0175255 0.0702375 
-0.314579 -0.0175326 0.0702343 
-0.314495 -0.0176416 0.0701869 
-0.314454 -0.0177702 0.0701654 
-0.314376 -0.0178953 0.0701344 
-0.314268 -0.0180186 0.0700966 
-0.314158 -0.0181457 0.0700649 
-0.314121 -0.0182038 0.0700585 
-0.31406 -0.0182781 0.0700469 
-0.313901 -0.0184035 0.0700087 
-0.313721 -0.01853 0.0699689 
-0.313705 -0.0185456 0.0699676 
-0.313547 -0.0186629 0.0699444 
-0.313477 -0.0187147 0.0699376 
-0.313419 -0.0187911 0.0699564 
-0.313393 -0.0188147 0.0699604 
-0.313324 -0.0188654 0.0699669 
-0.31338 -0.0188724 0.0700193 
-0.313443 -0.0188578 0.0700529 
-0.313508 -0.0188399 0.0700926 
-0.313557 -0.018822 0.070146 
-0.313643 -0.0187809 0.0701935 
-0.313697 -0.0187503 0.070226 
-0.313744 -0.0186962 0.0702832 
-0.313756 -0.0186867 0.0702904 
-0.313843 -0.0185914 0.0703575 
-0.31385 -0.018581 0.070364 
-0.313972 -0.0184677 0.0704239 
-0.314018 -0.0183899 0.0704598 
-0.314031 -0.0183533 0.0704749 
-0.314083 -0.0182345 0.0705178 
-0.314128 -0.0181133 0.0705535 
-0.314126 -0.0181065 0.0705552 
-0.314096 -0.0179912 0.0705796 
-0.314055 -0.0178658 0.0705989 
-0.314026 -0.0178436 0.0706003 
-0.313893 -0.0177405 0.070604 
-0.313773 -0.0176501 0.0706032 
-0.31371 -0.0176125 0.0706008 
-0.313531 -0.0174813 0.0705925 
-0.313405 -0.0174212 0.0705828 
-0.313242 -0.0173491 0.0705683 
-0.31305 -0.0172144 0.0705494 
-0.312952 -0.017077 0.0705362 
-0.313048 -0.0170154 0.0705433 
-0.313264 -0.0169555 0.0705592 
-0.313304 -0.0169338 0.0705605 
-0.313416 -0.0168722 0.0705625 
-0.313593 -0.0168321 0.0705669 
-0.313723 -0.0167801 0.070562 
-0.313726 -0.0167752 0.0705611 
-0.313777 -0.0166994 0.0705426 
-0.313836 -0.0166422 0.0705215 
-0.313897 -0.0166044 0.0704991 
-0.313895 -0.0165992 0.0704966 
-0.314122 -0.0165816 0.0702844 
-0.314164 -0.0165652 0.0702551 
-0.314225 -0.0165875 0.0702491 
-0.314286 -0.0166121 0.0702376 
-0.314403 -0.0166781 0.0702173 
-0.314429 -0.0166953 0.070214 
-0.314522 -0.0167725 0.070194 
-0.31456 -0.0168104 0.0701858 
-0.314652 -0.0169175 0.0701679 
-0.31466 -0.0169309 0.0701647 
-0.314734 -0.0170541 0.0701451 
-0.314747 -0.0171079 0.0701294 
-0.31475 -0.0171713 0.0701078 
-0.314786 -0.0172978 0.0700919 
-0.314783 -0.0174219 0.0700652 
-0.31478 -0.0174291 0.0700625 
-0.314728 -0.0175404 0.0700228 
-0.31471 -0.0176688 0.0700046 
-0.314662 -0.0177964 0.0699805 
-0.314585 -0.0179216 0.0699494 
-0.314477 -0.018045 0.0699118 
-0.314338 -0.0181672 0.0698671 
-0.31417 -0.0182872 0.0698165 
-0.314048 -0.018409 0.0697915 
-0.31404 -0.0184171 0.0697901 
-0.313857 -0.0185424 0.0697477 
-0.313658 -0.0186685 0.069707 
-0.313604 -0.018707 0.0696989 
-0.313448 -0.0187977 0.0696715 
-0.313299 -0.018884 0.0696503 
-0.313223 -0.0189319 0.0696449 
-0.313112 -0.0189937 0.0696363 
-0.313048 -0.0190506 0.0696556 
-0.313106 -0.0190591 0.0697082 
-0.313252 -0.0190286 0.0697852 
-0.313314 -0.0190111 0.0698138 
-0.313419 -0.0189767 0.0698692 
-0.313502 -0.0189369 0.0699327 
-0.313522 -0.0189279 0.0699421 
-0.313677 -0.0188441 0.0700233 
-0.3137 -0.0188291 0.0700361 
-0.313809 -0.0187407 0.0701049 
-0.313823 -0.0187257 0.0701156 
-0.313938 -0.0186156 0.0701822 
-0.31396 -0.0185904 0.0701958 
-0.314023 -0.0185026 0.0702389 
-0.314117 -0.0183856 0.0702881 
-0.314121 -0.0183586 0.0702978 
-0.314123 -0.0182672 0.0703271 
-0.314142 -0.0181459 0.07036 
-0.314128 -0.0181185 0.0703655 
-0.314067 -0.0180235 0.070381 
-0.314015 -0.0178974 0.0703977 
-0.313982 -0.017869 0.070399 
-0.31386 -0.0177706 0.0704005 
-0.313753 -0.0176411 0.0704025 
-0.313656 -0.0175088 0.0704014 
-0.313641 -0.0174959 0.0704006 
-0.313495 -0.0173757 0.0703898 
-0.313528 -0.0173144 0.0703937 
-0.313562 -0.0172393 0.0703964 
-0.313674 -0.0171546 0.0704039 
-0.313793 -0.0170967 0.0704099 
-0.313841 -0.0170667 0.0704111 
-0.313992 -0.0169979 0.0704125 
-0.314131 -0.0169464 0.0704097 
-0.314133 -0.0169417 0.070409 
-0.31418 -0.0168521 0.0703905 
-0.314191 -0.0167843 0.0703712 
-0.314183 -0.0167519 0.0703609 
-0.3142 -0.0166852 0.0703316 
-0.314154 -0.0166164 0.070301 
-0.314241 -0.0165803 0.070083 
-0.314292 -0.016569 0.0700554 
-0.314303 -0.0165511 0.0700195 
-0.314346 -0.0165673 0.0699872 
-0.314366 -0.0165788 0.0699858 
-0.314468 -0.0166499 0.069966 
-0.314522 -0.0166932 0.0699593 
-0.314644 -0.0168026 0.0699495 
-0.314656 -0.0168161 0.0699471 
-0.31476 -0.0169403 0.0699342 
-0.314782 -0.0169906 0.0699211 
-0.314799 -0.0170583 0.0698998 
-0.31486 -0.0171853 0.0698877 
-0.314867 -0.0172542 0.069872 
-0.314863 -0.0173066 0.0698573 
-0.314875 -0.0174338 0.0698384 
-0.314846 -0.017557 0.0698086 
-0.314786 -0.0176787 0.0697724 
-0.314747 -0.0178077 0.0697518 
-0.314669 -0.0179329 0.0697208 
-0.314561 -0.0180563 0.0696831 
-0.314422 -0.0181786 0.0696385 
-0.314288 -0.018304 0.0696024 
-0.314132 -0.0184291 0.0695637 
-0.313934 -0.0185514 0.0695137 
-0.313887 -0.0185937 0.0695067 
-0.313769 -0.0186829 0.0694873 
-0.313545 -0.0188081 0.0694424 
-0.313521 -0.0188237 0.0694391 
-0.313307 -0.0189363 0.0694026 
-0.313185 -0.0189974 0.0693843 
-0.313059 -0.0190734 0.0693782 
-0.313022 -0.0190939 0.0693767 
-0.312997 -0.0191373 0.0694065 
-0.313143 -0.0191194 0.0694791 
-0.313155 -0.0191175 0.0694848 
-0.31328 -0.0190949 0.069556 
-0.313463 -0.0190411 0.0696289 
-0.313551 -0.0190116 0.0696671 
-0.313664 -0.0189617 0.0697385 
-0.313684 -0.0189527 0.0697478 
-0.313824 -0.0188752 0.0698243 
-0.313845 -0.0188554 0.069843 
-0.313868 -0.0188118 0.0698816 
-0.313895 -0.0187555 0.0699222 
-0.313907 -0.0187273 0.06994 
-0.313925 -0.0186473 0.0699841 
-0.313935 -0.0186175 0.0699984 
-0.31397 -0.0185339 0.0700355 
-0.31398 -0.0184488 0.0700672 
-0.313969 -0.0184178 0.0700768 
-0.313976 -0.0182976 0.070112 
-0.313945 -0.0182563 0.0701201 
-0.313881 -0.0181763 0.070133 
-0.313779 -0.0180979 0.0701393 
-0.313698 -0.0180525 0.0701393 
-0.313525 -0.0179573 0.0701363 
-0.313464 -0.0179252 0.070134 
-0.313237 -0.0177959 0.0701237 
-0.313201 -0.0177805 0.0701212 
-0.312935 -0.0176641 0.0700998 
-0.312778 -0.0175308 0.0700895 
-0.312703 -0.0173975 0.0700865 
-0.312738 -0.0172636 0.070094 
-0.312902 -0.0172005 0.0701142 
-0.313255 -0.0172052 0.0701541 
-0.313572 -0.0172039 0.0701867 
-0.313874 -0.0172171 0.0702143 
-0.314086 -0.0171668 0.0702276 
-0.314265 -0.0171174 0.0702338 
-0.314272 -0.0171121 0.0702335 
-0.314388 -0.0170457 0.070229 
-0.314435 -0.0169573 0.0702134 
-0.314435 -0.0169432 0.0702105 
-0.314456 -0.01685 0.0701845 
-0.314428 -0.0168002 0.0701695 
-0.314354 -0.0167038 0.0701363 
-0.314304 -0.0166427 0.0701111 
-0.314425 -0.0166422 0.0698897 
-0.314323 -0.0165452 0.0698365 
-0.314285 -0.0165008 0.0697922 
-0.314315 -0.0165077 0.0697579 
-0.314408 -0.0165669 0.0697326 
-0.314426 -0.0165787 0.0697317 
-0.31456 -0.0166863 0.0697141 
-0.314571 -0.0166971 0.0697118 
-0.314705 -0.0168228 0.0697054 
-0.314741 -0.0168738 0.0696952 
-0.314774 -0.0169418 0.0696779 
-0.314851 -0.0170683 0.0696651 
-0.314857 -0.0170984 0.0696574 
-0.314866 -0.0171881 0.0696332 
-0.314899 -0.017315 0.0696175 
-0.314909 -0.0174422 0.0695985 
-0.314902 -0.0175692 0.0695786 
-0.314896 -0.0175762 0.0695753 
-0.314803 -0.0176853 0.0695268 
-0.314758 -0.0178132 0.0695033 
-0.314676 -0.0179378 0.0694707 
-0.314572 -0.0180618 0.0694348 
-0.314431 -0.0181837 0.0693894 
-0.314349 -0.018308 0.0693735 
-0.314344 -0.0183162 0.0693727 
-0.314176 -0.0184392 0.0693284 
-0.314002 -0.0185652 0.0692884 
-0.313882 -0.0186666 0.0692693 
-0.313842 -0.0186969 0.069263 
-0.313612 -0.0188204 0.0692142 
-0.313501 -0.0188918 0.069199 
-0.313398 -0.0189529 0.0691853 
-0.313265 -0.0190291 0.0691708 
-0.313245 -0.0190832 0.0692004 
-0.313311 -0.0191004 0.0692539 
-0.313456 -0.0190824 0.0693288 
-0.313607 -0.0190447 0.0693902 
-0.313705 -0.0190168 0.0694325 
-0.313849 -0.0189688 0.0695108 
-0.313872 -0.0189601 0.069521 
-0.314039 -0.0188842 0.0696033 
-0.314069 -0.0188649 0.0696241 
-0.314108 -0.0188255 0.0696656 
-0.314146 -0.0187688 0.0697135 
-0.314155 -0.0187535 0.0697246 
-0.314154 -0.0186805 0.0697723 
-0.314158 -0.0186644 0.0697811 
-0.314152 -0.0185769 0.0698233 
-0.314116 -0.0185547 0.0698314 
-0.314027 -0.0185172 0.0698412 
-0.313853 -0.0184607 0.0698479 
-0.313832 -0.0184427 0.0698518 
-0.313686 -0.0183641 0.0698603 
-0.313595 -0.0183225 0.0698617 
-0.313478 -0.0182532 0.0698648 
-0.313405 -0.018199 0.0698678 
-0.313239 -0.0180935 0.0698676 
-0.313193 -0.0180726 0.0698656 
-0.313023 -0.0179437 0.0698635 
-0.312928 -0.0178988 0.0698574 
-0.312734 -0.0178123 0.0698425 
-0.3126 -0.0176811 0.0698375 
-0.312538 -0.0175486 0.0698391 
-0.312614 -0.0174169 0.069856 
-0.312762 -0.0173628 0.0698765 
-0.313005 -0.0172856 0.0699079 
-0.313054 -0.0172643 0.0699138 
-0.313388 -0.017248 0.0699514 
-0.313704 -0.0172468 0.0699837 
-0.314008 -0.0172621 0.0700113 
-0.31419 -0.0172797 0.0700259 
-0.314294 -0.0172896 0.0700333 
-0.314563 -0.0173356 0.0700494 
-0.314677 -0.0172648 0.0700488 
-0.314692 -0.0172502 0.070048 
-0.314773 -0.0171548 0.070036 
-0.314773 -0.0171129 0.0700291 
-0.314688 -0.0169669 0.0699997 
-0.314682 -0.0169529 0.0699959 
-0.314591 -0.0168145 0.0699558 
-0.314573 -0.0167915 0.069948 
-0.314444 -0.0166575 0.069896 
-0.31453 -0.016644 0.0696441 
-0.314473 -0.0165873 0.069597 
-0.31444 -0.0165604 0.0695523 
-0.31451 -0.0166045 0.0695333 
-0.31453 -0.0166194 0.0695259 
-0.31461 -0.0166966 0.0694958 
-0.314627 -0.0167138 0.0694914 
-0.314747 -0.0168366 0.0694775 
-0.314761 -0.016858 0.0694727 
-0.314818 -0.0169564 0.0694518 
-0.314854 -0.0170428 0.0694338 
-0.314858 -0.017077 0.0694227 
-0.31492 -0.0172051 0.0694127 
-0.314938 -0.0173294 0.0693903 
-0.314951 -0.0174571 0.0693728 
-0.314946 -0.0174643 0.0693698 
-0.314882 -0.017575 0.0693276 
-0.314868 -0.017704 0.0693111 
-0.314797 -0.0178281 0.069277 
-0.314648 -0.0179427 0.0692173 
-0.314619 -0.0180778 0.0692115 
-0.314492 -0.0182019 0.0691721 
-0.314324 -0.0183219 0.069122 
-0.314214 -0.0184445 0.0690999 
-0.314207 -0.0184526 0.0690985 
-0.314032 -0.0185784 0.0690582 
-0.313849 -0.0187055 0.0690211 
-0.3138 -0.0187443 0.0690141 
-0.313658 -0.0188359 0.0689903 
-0.313549 -0.0189154 0.0689791 
-0.313479 -0.0189759 0.0689798 
-0.313411 -0.0190222 0.0689762 
-0.313462 -0.0190549 0.0690245 
-0.313521 -0.0190743 0.069076 
-0.313601 -0.0190755 0.0691338 
-0.313672 -0.0190586 0.0691644 
-0.313798 -0.0190254 0.069224 
-0.313912 -0.0189875 0.0692941 
-0.313933 -0.018979 0.0693044 
-0.314038 -0.0189277 0.0693694 
-0.314072 -0.0188907 0.0694155 
-0.314081 -0.018882 0.0694242 
-0.31407 -0.0188399 0.0694667 
-0.314098 -0.0187944 0.0694992 
-0.314109 -0.0187541 0.0695249 
-0.314124 -0.0186868 0.0695619 
-0.314121 -0.0186513 0.069579 
-0.31401 -0.0185878 0.0696007 
-0.314004 -0.0185773 0.0696043 
-0.31403 -0.0184598 0.0696456 
-0.313991 -0.0184187 0.0696548 
-0.313915 -0.0183401 0.0696694 
-0.313846 -0.0182834 0.0696765 
-0.313695 -0.0182179 0.0696754 
-0.313606 -0.0181847 0.0696724 
-0.313407 -0.018092 0.0696666 
-0.313331 -0.0180475 0.0696648 
-0.313174 -0.0179629 0.069658 
-0.313077 -0.0178336 0.0696616 
-0.313116 -0.017704 0.0696789 
-0.313072 -0.0175715 0.0696828 
-0.313175 -0.0174392 0.0697014 
-0.313227 -0.0174195 0.0697083 
-0.313548 -0.0173814 0.0697451 
-0.313893 -0.017419 0.0697797 
-0.314055 -0.0174379 0.0697944 
-0.314206 -0.0174549 0.0698069 
-0.314459 -0.0174434 0.0698253 
-0.314697 -0.0174552 0.0698379 
-0.314908 -0.0174734 0.0698436 
-0.314989 -0.0174111 0.0698411 
-0.315014 -0.0173739 0.0698381 
-0.315014 -0.0172658 0.069826 
-0.314996 -0.0171871 0.0698137 
-0.31497 -0.0171184 0.0698002 
-0.314897 -0.016996 0.0697709 
-0.314878 -0.0169689 0.0697633 
-0.314734 -0.0168175 0.0697163 
-0.31472 -0.016803 0.069711 
-0.314551 -0.0166596 0.0696511 
-0.314291 -0.0164985 0.0693367 
-0.314191 -0.0164376 0.0692806 
-0.314274 -0.0164809 0.0692729 
-0.31433 -0.016515 0.0692632 
-0.314442 -0.0165957 0.0692468 
-0.314468 -0.0166165 0.0692437 
-0.314587 -0.0167176 0.0692341 
-0.31464 -0.0167741 0.0692255 
-0.314683 -0.0168372 0.0692108 
-0.314789 -0.0169646 0.0692046 
-0.314801 -0.0169923 0.0691983 
-0.314826 -0.0170852 0.0691753 
-0.314875 -0.0172113 0.0691598 
-0.314918 -0.01734 0.0691489 
-0.314916 -0.0173479 0.0691465 
-0.314881 -0.0174602 0.0691108 
-0.314893 -0.0175903 0.0690992 
-0.314857 -0.0177161 0.0690738 
-0.314738 -0.0178331 0.0690208 
-0.314648 -0.0179566 0.0689852 
-0.314592 -0.0180876 0.0689685 
-0.314505 -0.0182175 0.0689448 
-0.314335 -0.0183372 0.0688938 
-0.314175 -0.0184611 0.0688524 
-0.314116 -0.0185186 0.0688412 
-0.314029 -0.0185913 0.0688238 
-0.313817 -0.0187133 0.068774 
-0.313672 -0.0188138 0.0687493 
-0.313626 -0.0188431 0.0687419 
-0.31339 -0.0189693 0.0686984 
-0.313334 -0.0190055 0.0686925 
-0.313165 -0.0191065 0.0686768 
-0.313129 -0.019126 0.0686733 
-0.313134 -0.0191712 0.0687096 
-0.313161 -0.0191998 0.0687525 
-0.313255 -0.0191987 0.0688138 
-0.31333 -0.0191828 0.0688453 
-0.313471 -0.0191499 0.0689079 
-0.313559 -0.0191259 0.0689705 
-0.313611 -0.0191079 0.068997 
-0.313695 -0.0190721 0.0690473 
-0.313748 -0.0190305 0.0691035 
-0.313764 -0.0190215 0.0691123 
-0.313862 -0.0189475 0.0691788 
-0.313884 -0.0189222 0.0691993 
-0.31391 -0.0188682 0.0692383 
-0.313929 -0.0188183 0.0692694 
-0.313971 -0.0187545 0.0693044 
-0.313996 -0.0187069 0.0693283 
-0.314047 -0.0185924 0.0693779 
-0.314047 -0.0185877 0.0693797 
-0.314033 -0.0184756 0.0694168 
-0.314009 -0.0184288 0.0694287 
-0.313951 -0.0183557 0.0694434 
-0.313921 -0.0182331 0.0694685 
-0.313915 -0.0182281 0.069469 
-0.313783 -0.0181085 0.0694782 
-0.313699 -0.018045 0.0694795 
-0.313589 -0.0179808 0.0694771 
-0.31342 -0.0178516 0.0694733 
-0.313385 -0.0178122 0.0694735 
-0.313301 -0.0177208 0.069472 
-0.313256 -0.0175883 0.069476 
-0.313294 -0.0175224 0.0694839 
-0.313459 -0.0174557 0.0695051 
-0.313588 -0.0174358 0.0695196 
-0.313905 -0.0174347 0.0695516 
-0.314012 -0.0174541 0.0695613 
-0.314232 -0.0174933 0.0695794 
-0.314512 -0.0175272 0.0695991 
-0.314759 -0.0175635 0.069611 
-0.314799 -0.017574 0.0696124 
-0.314982 -0.0176198 0.0696154 
-0.315088 -0.0175602 0.0696152 
-0.315116 -0.0175372 0.0696142 
-0.31516 -0.0174147 0.069605 
-0.315154 -0.0173692 0.0696005 
-0.315125 -0.0172713 0.0695875 
-0.315026 -0.0171283 0.069565 
-0.314995 -0.0170815 0.0695547 
-0.314911 -0.0169807 0.0695297 
-0.314747 -0.0168331 0.0694884 
-0.314732 -0.0168186 0.069483 
-0.314563 -0.0166752 0.0694236 
-0.314542 -0.0166596 0.0694164 
-0.314317 -0.0165135 0.0693446 
-0.314032 -0.0163905 0.0690214 
-0.313982 -0.0163693 0.0689721 
-0.314088 -0.0164397 0.0689484 
-0.314114 -0.0164575 0.0689466 
-0.314296 -0.0165838 0.0689455 
-0.31432 -0.0166049 0.0689429 
-0.314428 -0.0167065 0.0689332 
-0.314507 -0.0167943 0.0689246 
-0.314528 -0.0168295 0.0689175 
-0.314652 -0.0169606 0.068921 
-0.314739 -0.0170902 0.0689155 
-0.314757 -0.0171594 0.0689021 
-0.31476 -0.0172122 0.068889 
-0.314796 -0.01734 0.0688754 
-0.31479 -0.0174651 0.0688506 
-0.314751 -0.0175878 0.0688187 
-0.314735 -0.0177164 0.0688013 
-0.314688 -0.0178439 0.0687771 
-0.31461 -0.0179691 0.0687464 
-0.314502 -0.0180924 0.068709 
-0.314363 -0.0182146 0.0686645 
-0.314207 -0.0183362 0.068619 
-0.314085 -0.0184656 0.0685926 
-0.314001 -0.0185698 0.0685815 
-0.313973 -0.0186008 0.0685778 
-0.31378 -0.0187259 0.068536 
-0.313697 -0.0188029 0.0685278 
-0.313621 -0.0188617 0.0685191 
-0.313445 -0.01897 0.0684933 
-0.313405 -0.0189929 0.0684875 
-0.313199 -0.0191073 0.068463 
-0.313173 -0.0191309 0.0684672 
-0.313104 -0.0191815 0.0684736 
-0.313123 -0.0192124 0.0685146 
-0.313218 -0.0192113 0.0685758 
-0.313293 -0.0191954 0.068607 
-0.313433 -0.0191625 0.0686696 
-0.31356 -0.0191263 0.0687422 
-0.313586 -0.0191174 0.0687536 
-0.313719 -0.0190639 0.0688248 
-0.313786 -0.0190278 0.0688668 
-0.313836 -0.0189969 0.0688983 
-0.313869 -0.0189423 0.0689519 
-0.31388 -0.0189328 0.0689594 
-0.313897 -0.0188698 0.0690062 
-0.313861 -0.018832 0.0690294 
-0.313847 -0.0188099 0.0690412 
-0.313767 -0.0187417 0.0690707 
-0.313761 -0.0187238 0.0690779 
-0.313686 -0.0186455 0.0691028 
-0.31366 -0.0186098 0.0691129 
-0.313601 -0.0185111 0.0691381 
-0.313578 -0.0184915 0.0691414 
-0.313584 -0.0183697 0.0691728 
-0.313514 -0.0182991 0.0691814 
-0.313445 -0.0182461 0.0691846 
-0.31338 -0.0181206 0.0691997 
-0.313304 -0.0180761 0.0691979 
-0.313157 -0.0179915 0.0691927 
-0.312969 -0.0178965 0.0691811 
-0.312889 -0.0178607 0.0691751 
-0.312635 -0.0177281 0.0691553 
-0.3127 -0.017597 0.0691735 
-0.31286 -0.0175021 0.0691989 
-0.313222 -0.0174797 0.0692434 
-0.313571 -0.0174804 0.0692823 
-0.313929 -0.0175473 0.0693159 
-0.314234 -0.0175796 0.0693415 
-0.314318 -0.0175976 0.0693474 
-0.314519 -0.0176398 0.0693593 
-0.314764 -0.01769 0.069369 
-0.314964 -0.0177004 0.0693731 
-0.315125 -0.0176746 0.0693719 
-0.315195 -0.0175619 0.0693683 
-0.315203 -0.0175202 0.0693659 
-0.315195 -0.0174197 0.0693574 
-0.315149 -0.0172819 0.0693388 
-0.315147 -0.0172759 0.0693377 
-0.315035 -0.0171335 0.0693152 
-0.314906 -0.0169863 0.0692792 
-0.314891 -0.0169691 0.0692738 
-0.314743 -0.0168348 0.0692303 
-0.314637 -0.016752 0.0691993 
-0.314535 -0.0166802 0.0691699 
-0.314328 -0.0165505 0.069111 
-0.314278 -0.0165217 0.0690963 
-0.313713 -0.0162941 0.0686919 
-0.313724 -0.0163138 0.0686521 
-0.313743 -0.016325 0.0686516 
-0.313948 -0.0164505 0.0686536 
-0.313979 -0.0164727 0.0686525 
-0.314112 -0.0165755 0.0686481 
-0.314212 -0.0166643 0.0686442 
-0.314243 -0.0166998 0.068639 
-0.314364 -0.0168271 0.0686345 
-0.314504 -0.0169612 0.0686458 
-0.314541 -0.0170245 0.0686395 
-0.314566 -0.0170871 0.0686302 
-0.314633 -0.0172164 0.0686234 
-0.314657 -0.0173424 0.0686053 
-0.314649 -0.0174674 0.0685802 
-0.314663 -0.0175977 0.0685694 
-0.314647 -0.0177263 0.0685521 
-0.3146 -0.0178538 0.0685278 
-0.314523 -0.0179789 0.0684971 
-0.314414 -0.0181022 0.0684597 
-0.314288 -0.0182263 0.0684206 
-0.314198 -0.0183577 0.0684014 
-0.31405 -0.0184834 0.0683653 
-0.314019 -0.0185266 0.0683618 
-0.313933 -0.0186183 0.0683492 
-0.313755 -0.0187465 0.0683151 
-0.313738 -0.0187618 0.0683134 
-0.313564 -0.0188771 0.068285 
-0.313442 -0.0189514 0.0682665 
-0.313345 -0.0190085 0.0682538 
-0.313209 -0.0190876 0.0682392 
-0.313107 -0.0191467 0.0682333 
-0.313017 -0.019191 0.0682248 
-0.313036 -0.0192218 0.0682658 
-0.31313 -0.0192207 0.0683268 
-0.313206 -0.0192049 0.0683581 
-0.313346 -0.019172 0.0684203 
-0.313472 -0.0191358 0.0684928 
-0.313499 -0.0191269 0.0685041 
-0.313631 -0.0190735 0.0685751 
-0.313698 -0.0190374 0.0686172 
-0.313748 -0.0190065 0.0686485 
-0.31375 -0.0189646 0.0686938 
-0.313763 -0.0189442 0.0687102 
-0.313769 -0.018897 0.0687453 
-0.313783 -0.0188414 0.0687799 
-0.313782 -0.0188084 0.0687978 
-0.313738 -0.0187323 0.0688319 
-0.313732 -0.0187226 0.0688357 
-0.313664 -0.0186187 0.0688706 
-0.313661 -0.0186152 0.0688715 
-0.313514 -0.0185197 0.0688885 
-0.31349 -0.0185013 0.0688914 
-0.31334 -0.0183988 0.0689023 
-0.313307 -0.0183793 0.0689033 
-0.313229 -0.0182555 0.0689205 
-0.313162 -0.0181923 0.0689244 
-0.313085 -0.0181292 0.068926 
-0.31286 -0.0180213 0.0689145 
-0.312803 -0.0179991 0.0689105 
-0.312609 -0.0178685 0.0689014 
-0.312471 -0.0178019 0.0688903 
-0.312336 -0.0177354 0.0688783 
-0.312437 -0.0176563 0.068898 
-0.312549 -0.0176064 0.0689161 
-0.312797 -0.0175566 0.0689504 
-0.313141 -0.0176113 0.0689889 
-0.313207 -0.0176245 0.0689958 
-0.313563 -0.0176416 0.0690341 
-0.31388 -0.0176407 0.069066 
-0.314176 -0.0176631 0.0690904 
-0.314447 -0.0176967 0.0691076 
-0.314573 -0.0177344 0.0691122 
-0.314691 -0.0177735 0.0691143 
-0.314891 -0.0177999 0.0691164 
-0.315015 -0.0177157 0.0691209 
-0.315039 -0.0176941 0.069121 
-0.315116 -0.0175711 0.069117 
-0.315123 -0.017546 0.0691155 
-0.315125 -0.0174275 0.0691044 
-0.315104 -0.0173437 0.0690928 
-0.315083 -0.0172819 0.0690815 
-0.314979 -0.017137 0.0690548 
-0.314945 -0.0170934 0.0690437 
-0.314848 -0.0169874 0.0690139 
-0.314744 -0.0168896 0.0689797 
-0.314676 -0.0168323 0.0689569 
-0.314452 -0.0166805 0.0689001 
-0.314422 -0.0166619 0.0688918 
-0.314183 -0.0165233 0.0688288 
-0.314022 -0.0164386 0.0687856 
-0.313862 -0.0163607 0.0687379 
-0.313265 -0.0161641 0.0683775 
-0.313263 -0.0161753 0.068336 
-0.313287 -0.0161873 0.0683364 
-0.313476 -0.0162972 0.0683308 
-0.313491 -0.0163081 0.0683293 
-0.313714 -0.0164396 0.0683455 
-0.31383 -0.0165258 0.0683456 
-0.313877 -0.0165662 0.0683438 
-0.314029 -0.0166948 0.0683457 
-0.314169 -0.0168257 0.0683507 
-0.314175 -0.0168334 0.0683498 
-0.31425 -0.0169509 0.0683376 
-0.314389 -0.0170886 0.0683542 
-0.314444 -0.0172162 0.0683427 
-0.314466 -0.017342 0.0683243 
-0.314512 -0.0174746 0.0683203 
-0.314526 -0.0176048 0.0683095 
-0.31451 -0.0177333 0.0682921 
-0.314462 -0.0178608 0.0682679 
-0.314385 -0.0179859 0.0682371 
-0.314277 -0.0181091 0.0681998 
-0.314151 -0.0182331 0.0681608 
-0.314061 -0.0183644 0.0681416 
-0.313913 -0.0184901 0.0681055 
-0.313888 -0.0185303 0.0681038 
-0.313798 -0.0186253 0.0680903 
-0.313681 -0.0187354 0.0680752 
-0.313656 -0.0187599 0.0680727 
-0.313463 -0.0188909 0.0680434 
-0.313435 -0.0189128 0.0680409 
-0.313257 -0.0190267 0.0680224 
-0.313219 -0.019048 0.0680178 
-0.313011 -0.0191597 0.067999 
-0.313004 -0.0191645 0.0679995 
-0.312903 -0.0192271 0.0680073 
-0.312993 -0.0192271 0.0680671 
-0.313068 -0.0192113 0.0680984 
-0.313208 -0.0191784 0.0681603 
-0.313335 -0.0191423 0.0682328 
-0.313361 -0.0191334 0.068244 
-0.313493 -0.01908 0.0683147 
-0.31356 -0.0190439 0.0683568 
-0.31361 -0.0190131 0.0683882 
-0.313644 -0.0189585 0.0684416 
-0.313652 -0.0189492 0.0684489 
-0.313675 -0.0188843 0.0684967 
-0.313699 -0.018846 0.0685204 
-0.313762 -0.018755 0.0685701 
-0.313767 -0.0187351 0.0685798 
-0.313809 -0.0186211 0.0686293 
-0.313808 -0.0186005 0.068637 
-0.313799 -0.0185046 0.0686686 
-0.313788 -0.0184196 0.0686925 
-0.313769 -0.0183845 0.0687 
-0.31377 -0.0182621 0.0687285 
-0.313703 -0.0181777 0.0687393 
-0.313662 -0.018138 0.0687425 
-0.31365 -0.0180107 0.0687611 
-0.313787 -0.0179141 0.0687866 
-0.313855 -0.0178812 0.0687965 
-0.314072 -0.0178178 0.0688211 
-0.314331 -0.0178269 0.0688383 
-0.314557 -0.0178209 0.0688497 
-0.314752 -0.0178071 0.068855 
-0.314887 -0.0177222 0.0688593 
-0.314902 -0.0177081 0.0688592 
-0.315004 -0.0175977 0.0688538 
-0.315013 -0.0175747 0.068852 
-0.315032 -0.0174419 0.0688366 
-0.315031 -0.0174282 0.0688342 
-0.314962 -0.0172858 0.0688153 
-0.314915 -0.0171998 0.0687963 
-0.31487 -0.017136 0.06878 
-0.314726 -0.0169877 0.0687402 
-0.314707 -0.0169703 0.0687341 
-0.31454 -0.0168357 0.0686882 
-0.314367 -0.0167184 0.068645 
-0.314312 -0.0166835 0.0686304 
-0.314047 -0.0165325 0.068572 
-0.313813 -0.0164115 0.0685138 
-0.31374 -0.0163758 0.0684952 
-0.313396 -0.0162196 0.0684147 
-0.313646 -0.01643 0.0682065 
-0.313512 -0.0163807 0.0681421 
-0.313351 -0.0163319 0.0680717 
-0.313518 -0.0164431 0.0680716 
-0.313775 -0.0165859 0.0681131 
-0.313985 -0.0167236 0.0681397 
-0.314186 -0.0168642 0.0681708 
-0.314246 -0.0169356 0.0681666 
-0.314282 -0.0169901 0.0681606 
-0.314355 -0.0171169 0.068148 
-0.314356 -0.0171973 0.068123 
-0.314347 -0.0172341 0.068109 
-0.314371 -0.0173598 0.0680903 
-0.314337 -0.0174809 0.0680549 
-0.314338 -0.0176091 0.068039 
-0.314309 -0.0177356 0.0680163 
-0.3143 -0.0177432 0.0680122 
-0.314166 -0.0178496 0.0679553 
-0.314085 -0.0179741 0.0679233 
-0.313983 -0.018098 0.0678884 
-0.313885 -0.0182257 0.0678598 
-0.31386 -0.0182845 0.0678562 
-0.313815 -0.0183595 0.067848 
-0.31369 -0.0184884 0.0678209 
-0.313653 -0.0185584 0.0678203 
-0.313603 -0.0186277 0.0678169 
-0.313538 -0.0187204 0.0678168 
-0.313498 -0.018769 0.0678164 
-0.3134 -0.0188604 0.0678108 
-0.313338 -0.0189076 0.0678055 
-0.313233 -0.0189854 0.0677997 
-0.313151 -0.0190527 0.0678047 
-0.313116 -0.0190741 0.0678037 
-0.313097 -0.0191179 0.0678344 
-0.313094 -0.0191447 0.0678705 
-0.313151 -0.0191414 0.0679235 
-0.313208 -0.019126 0.0679554 
-0.313262 -0.0191082 0.0679918 
-0.313291 -0.0190885 0.06804 
-0.313373 -0.0190474 0.0680858 
-0.313422 -0.0190166 0.0681169 
-0.313456 -0.018962 0.0681705 
-0.313467 -0.0189525 0.0681777 
-0.313555 -0.0188574 0.0682437 
-0.31356 -0.0188476 0.0682498 
-0.313698 -0.0187349 0.0683123 
-0.313753 -0.0186577 0.0683495 
-0.313769 -0.0186213 0.0683653 
-0.313741 -0.0185178 0.0684019 
-0.313732 -0.0185065 0.0684053 
-0.313724 -0.0183868 0.0684396 
-0.313687 -0.0183363 0.0684495 
-0.313623 -0.0182658 0.0684605 
-0.313598 -0.0181415 0.0684824 
-0.313645 -0.0180141 0.0685067 
-0.313861 -0.0178837 0.0685415 
-0.313887 -0.0178714 0.0685447 
-0.314143 -0.0178345 0.0685661 
-0.314369 -0.0178252 0.0685776 
-0.314564 -0.0178154 0.0685826 
-0.314729 -0.0178019 0.068581 
-0.314836 -0.0177155 0.0685792 
-0.314849 -0.0177011 0.0685784 
-0.314897 -0.01757 0.0685693 
-0.314901 -0.0175488 0.0685667 
-0.314899 -0.0174215 0.0685457 
-0.314887 -0.0173888 0.0685405 
-0.314825 -0.0172765 0.0685208 
-0.314702 -0.0171321 0.0684931 
-0.314672 -0.0170982 0.0684835 
-0.314549 -0.0169825 0.0684499 
-0.314354 -0.0168355 0.068407 
-0.314303 -0.0168001 0.0683935 
-0.31412 -0.0166821 0.0683463 
-0.313956 -0.0165868 0.0682989 
-0.313828 -0.016519 0.0682604 
-0.313084 -0.0162788 0.0678702 
-0.313144 -0.0163208 0.0678392 
-0.313168 -0.016337 0.0678339 
-0.313206 -0.0163794 0.0678072 
-0.313262 -0.016442 0.0677821 
-0.3135 -0.0165814 0.0678144 
-0.313574 -0.0166318 0.0678218 
-0.31369 -0.016716 0.0678329 
-0.313861 -0.0168512 0.0678501 
-0.314028 -0.0169546 0.067888 
-0.314099 -0.0170015 0.0679045 
-0.314139 -0.0170553 0.0679016 
-0.314182 -0.0171293 0.0678952 
-0.314223 -0.0172538 0.0678758 
-0.314203 -0.017333 0.0678463 
-0.314185 -0.0173692 0.0678303 
-0.314178 -0.0174939 0.067805 
-0.314113 -0.0176125 0.0677628 
-0.314071 -0.017737 0.0677351 
-0.314062 -0.0177446 0.0677312 
-0.313929 -0.0178509 0.0676746 
-0.313848 -0.0179752 0.0676425 
-0.31374 -0.0180982 0.0676053 
-0.313605 -0.0182205 0.0675629 
-0.313536 -0.0183452 0.0675497 
-0.313531 -0.0183535 0.067549 
-0.313358 -0.0184748 0.0675024 
-0.313268 -0.0186125 0.0674951 
-0.313258 -0.0186346 0.0674964 
-0.313184 -0.0187554 0.0675002 
-0.313167 -0.0187766 0.0675004 
-0.313047 -0.0188965 0.0674966 
-0.313031 -0.0189093 0.0674957 
-0.31288 -0.0190244 0.067489 
-0.31286 -0.0190374 0.0674878 
-0.312708 -0.0191276 0.0674791 
-0.312684 -0.0191717 0.0675088 
-0.312699 -0.0191929 0.0675494 
-0.312757 -0.0191904 0.067602 
-0.312812 -0.019177 0.0676555 
-0.312908 -0.0191435 0.067702 
-0.312977 -0.0191147 0.0677388 
-0.313025 -0.0190756 0.0677934 
-0.313052 -0.0190563 0.0678132 
-0.313094 -0.0190114 0.0678557 
-0.313151 -0.0189577 0.0678976 
-0.313205 -0.0189083 0.0679313 
-0.313257 -0.0188509 0.0679668 
-0.313427 -0.0187368 0.0680294 
-0.313478 -0.0186802 0.0680569 
-0.313521 -0.0186224 0.0680827 
-0.313552 -0.0185062 0.0681265 
-0.313553 -0.0184791 0.0681353 
-0.313539 -0.018387 0.0681611 
-0.313553 -0.0182651 0.0681918 
-0.313648 -0.0181399 0.0682239 
-0.313878 -0.018051 0.0682542 
-0.31411 -0.0180222 0.0682697 
-0.314304 -0.0180204 0.0682731 
-0.314398 -0.017991 0.0682773 
-0.314482 -0.0179598 0.0682795 
-0.314625 -0.0178878 0.068279 
-0.314664 -0.017842 0.0682799 
-0.314721 -0.017726 0.0682783 
-0.31473 -0.0177004 0.0682769 
-0.314739 -0.0175562 0.0682641 
-0.314738 -0.0175398 0.068262 
-0.314699 -0.0174111 0.0682429 
-0.314654 -0.0173261 0.0682262 
-0.314613 -0.0172633 0.0682111 
-0.314479 -0.0171196 0.0681836 
-0.314313 -0.0169753 0.0681494 
-0.314302 -0.0169661 0.0681467 
-0.314111 -0.0168268 0.0681027 
-0.31388 -0.0166821 0.0680603 
-0.313625 -0.0165392 0.0680024 
-0.313608 -0.0165297 0.0679983 
-0.313303 -0.0163778 0.0679319 
-0.312792 -0.0162764 0.0675784 
-0.312784 -0.0162865 0.0675359 
-0.312842 -0.016328 0.0675208 
-0.312872 -0.0163563 0.0675084 
-0.312861 -0.0163951 0.0674618 
-0.312894 -0.0164279 0.0674546 
-0.313122 -0.0165658 0.0674829 
-0.313386 -0.0167127 0.0675343 
-0.313555 -0.0168089 0.067571 
-0.313646 -0.0168628 0.0675912 
-0.313842 -0.0170062 0.0676272 
-0.31395 -0.0171381 0.0676286 
-0.313953 -0.0171646 0.0676209 
-0.313955 -0.0172559 0.0675926 
-0.313982 -0.0173814 0.0675742 
-0.313965 -0.0174486 0.0675533 
-0.313942 -0.0175004 0.0675345 
-0.313917 -0.0176245 0.0675076 
-0.31385 -0.0177452 0.0674696 
-0.31375 -0.0178646 0.0674249 
-0.313672 -0.0179894 0.0673942 
-0.313565 -0.0181123 0.0673571 
-0.313439 -0.018236 0.0673185 
-0.313397 -0.0183745 0.067319 
-0.313384 -0.0184157 0.0673204 
-0.313325 -0.0185125 0.0673153 
-0.313269 -0.0186013 0.0673143 
-0.313234 -0.0186535 0.0673146 
-0.313156 -0.0187461 0.0673131 
-0.313104 -0.0187939 0.0673101 
-0.312998 -0.0188794 0.0673032 
-0.312924 -0.0189335 0.0672993 
-0.31284 -0.0189895 0.0672956 
-0.312688 -0.0190752 0.0672877 
-0.312659 -0.0190883 0.0672846 
-0.312549 -0.0191489 0.067293 
-0.312426 -0.0192007 0.0672997 
-0.312358 -0.0192249 0.0673215 
-0.312355 -0.0192186 0.0673611 
-0.312337 -0.0192054 0.067398 
-0.312383 -0.0191682 0.0674421 
-0.312394 -0.0191551 0.0674559 
-0.312365 -0.0191187 0.0674928 
-0.312402 -0.0190742 0.0675272 
-0.312423 -0.0190347 0.0675545 
-0.312477 -0.018969 0.0675957 
-0.312561 -0.0188905 0.0676407 
-0.312581 -0.0188586 0.0676569 
-0.312761 -0.0187433 0.0677176 
-0.312896 -0.0186269 0.0677703 
-0.312981 -0.0185086 0.0678147 
-0.312983 -0.0185007 0.0678171 
-0.313003 -0.0183879 0.0678494 
-0.31312 -0.0182648 0.0678875 
-0.313262 -0.0182013 0.0679118 
-0.313542 -0.0181594 0.0679387 
-0.31367 -0.0181322 0.0679507 
-0.313793 -0.0181026 0.067961 
-0.313995 -0.0180774 0.0679691 
-0.314163 -0.0180602 0.0679686 
-0.31431 -0.0180151 0.0679662 
-0.314369 -0.017968 0.0679678 
-0.314436 -0.0179096 0.0679658 
-0.314505 -0.0178195 0.067958 
-0.314515 -0.0177935 0.0679562 
-0.314529 -0.0176771 0.0679488 
-0.314508 -0.0175575 0.0679401 
-0.314501 -0.0175355 0.0679371 
-0.314427 -0.0174007 0.0679328 
-0.314324 -0.0172628 0.0679193 
-0.314191 -0.0171181 0.0678896 
-0.314104 -0.0170366 0.0678668 
-0.314023 -0.0169689 0.0678455 
-0.313819 -0.0168222 0.0678022 
-0.313663 -0.0167227 0.0677632 
-0.313573 -0.016669 0.0677406 
-0.313298 -0.0165189 0.0676831 
-0.313002 -0.0163715 0.0676267 
-0.31161 -0.0159408 0.0672052 
-0.311562 -0.0159108 0.0671585 
-0.311488 -0.0158806 0.0671059 
-0.311581 -0.0159162 0.0671114 
-0.311814 -0.0160135 0.0671241 
-0.311877 -0.0160422 0.0671262 
-0.312208 -0.0161848 0.0671767 
-0.312497 -0.0163236 0.0672156 
-0.312756 -0.0164609 0.0672479 
-0.313007 -0.0166023 0.0672858 
-0.313018 -0.0166102 0.0672862 
-0.313178 -0.0167323 0.0672928 
-0.313361 -0.0168688 0.0673139 
-0.313477 -0.0169976 0.0673121 
-0.313604 -0.017133 0.0673232 
-0.3137 -0.017266 0.0673273 
-0.3137 -0.0172734 0.0673256 
-0.313706 -0.0173875 0.0672989 
-0.313754 -0.0175202 0.0672956 
-0.313748 -0.0176468 0.0672759 
-0.313679 -0.0177665 0.0672361 
-0.313612 -0.0178903 0.0672035 
-0.313547 -0.018017 0.067178 
-0.313504 -0.0181506 0.0671687 
-0.313466 -0.0182673 0.0671661 
-0.313458 -0.0182885 0.0671659 
-0.313352 -0.0184197 0.0671453 
-0.313248 -0.0185325 0.0671289 
-0.313228 -0.0185523 0.0671259 
-0.313082 -0.0186878 0.067109 
-0.313058 -0.018709 0.0671073 
-0.312906 -0.0188252 0.0670944 
-0.312875 -0.0188455 0.0670915 
-0.312672 -0.0189603 0.06707 
-0.312647 -0.0189726 0.0670668 
-0.312481 -0.0190569 0.0670604 
-0.312373 -0.0191006 0.0670498 
-0.312231 -0.0191519 0.0670341 
-0.312115 -0.019191 0.067044 
-0.312086 -0.0191923 0.0670766 
-0.312111 -0.0191646 0.0671246 
-0.31213 -0.0191554 0.0671343 
-0.312207 -0.0190989 0.0671928 
-0.312246 -0.0190605 0.0672267 
-0.312305 -0.0190127 0.0672633 
-0.312382 -0.0189561 0.0673023 
-0.312477 -0.0188667 0.067357 
-0.312489 -0.0188477 0.0673675 
-0.312584 -0.0187351 0.0674249 
-0.312641 -0.0186704 0.0674546 
-0.312673 -0.01862 0.0674755 
-0.312807 -0.0185013 0.0675236 
-0.312942 -0.0183797 0.0675674 
-0.313082 -0.0183253 0.0675899 
-0.313302 -0.0182512 0.0676188 
-0.313383 -0.0182239 0.0676283 
-0.31359 -0.018199 0.0676371 
-0.313758 -0.0181846 0.0676364 
-0.313914 -0.0181394 0.067636 
-0.313976 -0.018092 0.0676412 
-0.314073 -0.0180048 0.0676463 
-0.314119 -0.0179504 0.0676471 
-0.314175 -0.0178569 0.0676451 
-0.314195 -0.017807 0.0676411 
-0.314191 -0.0176728 0.0676452 
-0.314174 -0.0175664 0.0676365 
-0.314164 -0.0175305 0.0676324 
-0.314095 -0.01739 0.0676169 
-0.313991 -0.01725 0.0675986 
-0.313915 -0.0171665 0.0675827 
-0.313853 -0.017106 0.0675696 
-0.313687 -0.01697 0.0675522 
-0.31364 -0.0169356 0.067547 
-0.31349 -0.0168326 0.0675283 
-0.313262 -0.0166927 0.0674957 
-0.313003 -0.0165507 0.0674562 
-0.312715 -0.016408 0.0674104 
-0.312396 -0.0162639 0.0673577 
-0.312046 -0.0161179 0.0672984 
-0.311669 -0.0159663 0.0672231 
-0.312398 -0.0164237 0.0670217 
-0.31225 -0.0163671 0.0669555 
-0.312405 -0.0164628 0.0669556 
-0.312537 -0.01655 0.0669597 
-0.312589 -0.0165904 0.0669585 
-0.312781 -0.0167243 0.066976 
-0.312937 -0.0168561 0.0669848 
-0.312996 -0.0169272 0.0669804 
-0.313033 -0.0169815 0.0669744 
-0.313137 -0.0171128 0.0669751 
-0.313226 -0.0172448 0.066977 
-0.313241 -0.0173681 0.0669533 
-0.313274 -0.0174982 0.0669437 
-0.313288 -0.0176279 0.0669329 
-0.313272 -0.017756 0.0669154 
-0.313235 -0.0178846 0.0668956 
-0.313193 -0.0180149 0.06688 
-0.31318 -0.0181537 0.0668842 
-0.313182 -0.0181682 0.0668868 
-0.313178 -0.0183013 0.0669052 
-0.313173 -0.0183237 0.0669074 
-0.313123 -0.0184459 0.0669165 
-0.31311 -0.018468 0.0669174 
-0.313009 -0.0185873 0.0669156 
-0.312987 -0.0186081 0.0669146 
-0.312835 -0.0187268 0.0669038 
-0.312816 -0.0187394 0.066902 
-0.312623 -0.018852 0.0668866 
-0.312598 -0.0188641 0.0668834 
-0.312341 -0.0189756 0.0668504 
-0.312286 -0.0189974 0.066848 
-0.312153 -0.0190441 0.066841 
-0.31205 -0.0190694 0.0668547 
-0.312107 -0.0190328 0.0669006 
-0.312123 -0.0190194 0.0669156 
-0.312255 -0.0189339 0.066988 
-0.312282 -0.0189152 0.0670018 
-0.312402 -0.0188275 0.0670606 
-0.312495 -0.0187491 0.0671064 
-0.312521 -0.0187169 0.0671239 
-0.31269 -0.0186008 0.0671801 
-0.312909 -0.0184795 0.0672312 
-0.31294 -0.018467 0.0672358 
-0.313188 -0.0183871 0.0672597 
-0.31329 -0.0183433 0.0672702 
-0.313412 -0.0182857 0.0672806 
-0.313552 -0.0182041 0.0672906 
-0.313601 -0.0181643 0.0672959 
-0.313687 -0.0180697 0.0673084 
-0.313766 -0.0179566 0.0673155 
-0.31378 -0.0179314 0.0673154 
-0.313815 -0.0177968 0.0673225 
-0.313803 -0.0176658 0.0673321 
-0.313776 -0.0175351 0.0673237 
-0.313773 -0.0175257 0.0673227 
-0.313704 -0.0173868 0.0673103 
-0.313602 -0.0172469 0.067292 
-0.313466 -0.0171063 0.0672702 
-0.313397 -0.0170425 0.0672538 
-0.313297 -0.0169596 0.0672309 
-0.313096 -0.0168147 0.0671914 
-0.31291 -0.0166963 0.0671446 
-0.312851 -0.0166613 0.0671293 
-0.312573 -0.0165096 0.0670683 
-0.312275 -0.0165801 0.0667511 
-0.312201 -0.0165602 0.0666974 
-0.312246 -0.0166013 0.0666859 
-0.312344 -0.0166869 0.0666761 
-0.31238 -0.0167225 0.0666718 
-0.312542 -0.0168547 0.0666825 
-0.312667 -0.0169848 0.0666848 
-0.312709 -0.017055 0.0666764 
-0.312733 -0.0171092 0.0666678 
-0.312805 -0.0172381 0.0666617 
-0.312865 -0.0173684 0.066657 
-0.312849 -0.0174904 0.066627 
-0.312851 -0.0176181 0.0666109 
-0.312835 -0.0177459 0.0665935 
-0.312799 -0.0178744 0.0665738 
-0.312757 -0.0180044 0.066558 
-0.312744 -0.0181431 0.0665623 
-0.312746 -0.0181576 0.0665648 
-0.312748 -0.0182918 0.0665866 
-0.312746 -0.0183055 0.0665883 
-0.31276 -0.0184005 0.0666201 
-0.312743 -0.0184499 0.0666293 
-0.312709 -0.0185077 0.0666368 
-0.312719 -0.0185531 0.0666734 
-0.31265 -0.0186168 0.0666807 
-0.312619 -0.0186389 0.0666815 
-0.312564 -0.0186797 0.0667042 
-0.312507 -0.0187039 0.0667285 
-0.31244 -0.0187155 0.0667519 
-0.3124 -0.0186951 0.0667846 
-0.31241 -0.0186849 0.0667915 
-0.312608 -0.0185677 0.0668482 
-0.312636 -0.0185557 0.0668521 
-0.312883 -0.0184359 0.0668836 
-0.312907 -0.0184223 0.0668867 
-0.31309 -0.0183015 0.0669089 
-0.31314 -0.0182594 0.0669165 
-0.313232 -0.0181687 0.06693 
-0.313316 -0.0180413 0.066956 
-0.313375 -0.0179155 0.0669659 
-0.313378 -0.0179065 0.0669663 
-0.313398 -0.0177752 0.0669781 
-0.313389 -0.0176394 0.0669781 
-0.313345 -0.0175053 0.0669793 
-0.31327 -0.017373 0.0669787 
-0.313173 -0.0172388 0.0669557 
-0.313165 -0.0172299 0.0669537 
-0.313027 -0.0170895 0.0669318 
-0.312856 -0.0169453 0.066897 
-0.312653 -0.0168007 0.0668577 
-0.312584 -0.0167556 0.0668393 
-0.312396 -0.016644 0.0667876 
-0.31177 -0.0165796 0.0663745 
-0.311791 -0.0165971 0.0663716 
-0.31194 -0.0167201 0.066363 
-0.311974 -0.0167516 0.0663615 
-0.312063 -0.0168446 0.0663543 
-0.312222 -0.0169806 0.0663723 
-0.312304 -0.0171072 0.0663617 
-0.31239 -0.017238 0.0663613 
-0.312391 -0.0172454 0.0663594 
-0.312393 -0.0173584 0.0663313 
-0.31244 -0.0174904 0.0663275 
-0.312411 -0.0176126 0.0662982 
-0.31236 -0.0177347 0.0662659 
-0.312315 -0.0178616 0.0662427 
-0.312308 -0.0179973 0.0662422 
-0.312333 -0.0180671 0.0662574 
-0.312384 -0.0181533 0.0662894 
-0.312395 -0.0181774 0.0662983 
-0.312482 -0.0182238 0.0663516 
-0.312577 -0.0182331 0.0664104 
-0.312617 -0.0182134 0.0664306 
-0.312759 -0.0181067 0.0665022 
-0.312765 -0.0180997 0.0665057 
-0.312848 -0.0179913 0.066552 
-0.312893 -0.0178629 0.0665731 
-0.31291 -0.017735 0.0665905 
-0.312895 -0.0176053 0.0666016 
-0.312851 -0.0174732 0.0666061 
-0.312775 -0.0173402 0.0666042 
-0.312671 -0.0172067 0.0665979 
-0.312534 -0.017071 0.0665671 
-0.312523 -0.0170612 0.0665644 
-0.312351 -0.0169208 0.0665369 
-0.312137 -0.0167734 0.0664904 
-0.312002 -0.0166934 0.0664522 
-0.311829 -0.0166065 0.0663943 
