-0.0310155 -0.00164974 0.00720871 
-0.0310302 -0.00165615 0.00720854 
-0.0310427 -0.001669 0.00720926 
-0.0310502 -0.00168199 0.00720968 
-0.0310531 -0.00169513 0.00720975 
-0.0310502 -0.00170837 0.00720949 
-0.0310465 -0.00171371 0.00720934 
-0.0310378 -0.00172193 0.00720884 
-0.0310312 -0.00172641 0.00720839 
-0.0310139 -0.00173136 0.00720776 
-0.0309949 -0.0017326 0.00720711 
-0.0309767 -0.00172454 0.00720751 
-0.030976 -0.00172411 0.00720751 
-0.0309604 -0.00171238 0.00720785 
-0.0309638 -0.00169966 0.00720923 
-0.0309739 -0.00169262 0.00721036 
-0.0309843 -0.00168624 0.00721121 
-0.0309911 -0.00168179 0.00721159 
-0.0310048 -0.00167263 0.0072118 
-0.0310051 -0.00167221 0.00721178 
-0.0310108 -0.00165933 0.00721063 
-0.0310116 -0.00165805 0.00721044 
-0.0310828 -0.00167211 0.00720413 
-0.0310961 -0.00167155 0.00720329 
-0.0311057 -0.00166996 0.00720171 
-0.0311113 -0.00167352 0.00720127 
-0.0311217 -0.00168313 0.00720009 
-0.0311237 -0.00168536 0.00719971 
-0.0311296 -0.00169778 0.00719852 
-0.0311297 -0.00171098 0.00719845 
-0.0311289 -0.00171334 0.0071986 
-0.0311224 -0.00172485 0.00719898 
-0.03112 -0.00172776 0.00719897 
-0.0311082 -0.00173453 0.00719949 
-0.0310939 -0.00173877 0.00719969 
-0.0310818 -0.0017406 0.00719963 
-0.0310774 -0.00174119 0.0071995 
-0.0310761 -0.00174088 0.00719957 
-0.0310602 -0.00173815 0.00719979 
-0.0310421 -0.00172969 0.00720026 
-0.0310436 -0.00171718 0.00720196 
-0.0310521 -0.00170427 0.00720356 
-0.0310603 -0.00169454 0.00720443 
-0.0310634 -0.00169087 0.00720462 
-0.0310728 -0.00168149 0.00720478 
-0.0310784 -0.00167682 0.00720455 
-0.031144 -0.00167742 0.00719573 
-0.0311515 -0.00166969 0.00719429 
-0.0311612 -0.00166829 0.00719271 
-0.0311757 -0.00167749 0.00719152 
-0.031177 -0.00167855 0.00719133 
-0.0311869 -0.00168759 0.00718867 
-0.0311877 -0.00168863 0.00718839 
-0.0311928 -0.00170078 0.00718646 
-0.0311936 -0.00171387 0.00718746 
-0.0311935 -0.00171451 0.0071875 
-0.0311884 -0.00172822 0.00718874 
-0.0311881 -0.00172865 0.00718877 
-0.0311771 -0.0017421 0.00718863 
-0.0311673 -0.00174335 0.0071902 
-0.0311561 -0.00174051 0.0071919 
-0.0311428 -0.00173366 0.00719349 
-0.0311423 -0.0017333 0.00719354 
-0.0311299 -0.00172133 0.00719489 
-0.0311333 -0.00170844 0.00719605 
-0.0311392 -0.00169687 0.00719654 
-0.0311399 -0.00169501 0.00719656 
-0.0311423 -0.00168142 0.0071961 
-0.0311718 -0.00164236 0.00717962 
-0.0311826 -0.00164187 0.00717822 
-0.0311853 -0.00164296 0.00717825 
-0.0312016 -0.00164989 0.00717781 
-0.0312105 -0.00165423 0.00717693 
-0.0312176 -0.00165912 0.00717657 
-0.0312259 -0.00166644 0.0071763 
-0.0312367 -0.00167902 0.00717608 
-0.0312443 -0.00169194 0.00717618 
-0.0312489 -0.00170491 0.00717587 
-0.0312504 -0.0017179 0.0071754 
-0.0312488 -0.0017307 0.00717417 
-0.0312438 -0.00174385 0.00717315 
-0.031242 -0.00174686 0.00717299 
-0.0312346 -0.00175703 0.00717188 
-0.0312236 -0.00176783 0.00717046 
-0.0312206 -0.00177022 0.00717012 
-0.0312021 -0.00178315 0.00716719 
-0.0311985 -0.00178516 0.00716672 
-0.0311749 -0.00179593 0.00716403 
-0.0311621 -0.00179695 0.0071649 
-0.0311655 -0.00178641 0.0071701 
-0.0311662 -0.00178336 0.00717135 
-0.0311663 -0.00177504 0.00717439 
-0.0311721 -0.00176317 0.00717802 
-0.0311797 -0.00175095 0.00718114 
-0.0311875 -0.00173837 0.00718364 
-0.0311945 -0.00172559 0.00718551 
-0.0312 -0.00171992 0.0071861 
-0.0312062 -0.00171221 0.00718661 
-0.0312081 -0.00169885 0.0071868 
-0.0312068 -0.00169223 0.00718663 
-0.0312047 -0.00168549 0.00718625 
-0.0311925 -0.0016724 0.00718522 
-0.0311788 -0.00165897 0.00718342 
-0.0311721 -0.00164463 0.00718029 
-0.0312217 -0.00164579 0.00716866 
-0.0312285 -0.00164235 0.0071666 
-0.0312383 -0.00164309 0.00716482 
-0.0312436 -0.00164544 0.00716461 
-0.0312542 -0.00165069 0.00716368 
-0.0312634 -0.00165673 0.00716268 
-0.0312688 -0.00166103 0.00716199 
-0.0312762 -0.00166853 0.00716081 
-0.0312826 -0.00167698 0.00715952 
-0.0312845 -0.00168041 0.00715875 
-0.0312898 -0.00169255 0.00715688 
-0.0312931 -0.00170512 0.00715556 
-0.0312947 -0.00171787 0.00715454 
-0.0312932 -0.00173049 0.00715291 
-0.0312909 -0.00174382 0.00715257 
-0.0312893 -0.0017513 0.00715316 
-0.0312865 -0.00175771 0.00715327 
-0.0312792 -0.00176886 0.00715293 
-0.0312771 -0.00177129 0.0071528 
-0.0312627 -0.00178459 0.00715105 
-0.0312611 -0.00178583 0.00715091 
-0.0312513 -0.00179184 0.007152 
-0.0312392 -0.00179692 0.0071526 
-0.031227 -0.00179966 0.00715349 
-0.0312188 -0.00179756 0.00715583 
-0.0312172 -0.0017908 0.00715923 
-0.0312184 -0.00178681 0.00716088 
-0.0312205 -0.00177932 0.00716362 
-0.0312258 -0.00176746 0.00716726 
-0.0312449 -0.00175523 0.0071705 
-0.0312457 -0.0017547 0.00717064 
-0.0312514 -0.00174217 0.00717304 
-0.0312518 -0.00172963 0.00717476 
-0.0312513 -0.00172862 0.00717485 
-0.0312447 -0.00171714 0.00717568 
-0.0312394 -0.00170418 0.00717597 
-0.0312315 -0.00169113 0.00717557 
-0.0312209 -0.0016779 0.00717448 
-0.0312117 -0.00166424 0.00717277 
-0.0312119 -0.00166292 0.00717259 
-0.0312171 -0.00165311 0.00717081 
-0.0312202 -0.00164909 0.00716972 
-0.0311789 -0.0016265 0.00715033 
-0.0311835 -0.00161784 0.00714833 
-0.0311942 -0.00161415 0.00714722 
-0.0312124 -0.00161576 0.00714727 
-0.0312294 -0.00161836 0.00714696 
-0.031243 -0.00162296 0.00714748 
-0.0312534 -0.00162677 0.00714768 
-0.0312703 -0.00163325 0.00714692 
-0.0312725 -0.00163437 0.00714694 
-0.03129 -0.00164444 0.00714633 
-0.0312926 -0.00164617 0.00714611 
-0.0313077 -0.00165839 0.00714555 
-0.0313106 -0.0016612 0.00714533 
-0.031319 -0.0016707 0.00714459 
-0.0313251 -0.00168123 0.00714256 
-0.0313255 -0.00168252 0.00714215 
-0.0313302 -0.00169478 0.00714045 
-0.0313315 -0.00170692 0.00713793 
-0.0313323 -0.00171953 0.00713653 
-0.0313308 -0.00173214 0.00713482 
-0.0313262 -0.00174464 0.00713243 
-0.0313186 -0.0017569 0.00712933 
-0.0313086 -0.00176915 0.00712595 
-0.0312981 -0.00178197 0.0071236 
-0.031289 -0.00179207 0.0071223 
-0.031286 -0.00179513 0.00712195 
-0.0312768 -0.00180497 0.0071221 
-0.0312735 -0.00181004 0.00712479 
-0.0312729 -0.00181052 0.00712488 
-0.0312646 -0.00181609 0.00712606 
-0.0312594 -0.00181846 0.00712862 
-0.0312531 -0.00181959 0.00713104 
-0.0312472 -0.00181878 0.00713377 
-0.0312455 -0.001817 0.00713556 
-0.0312428 -0.00181528 0.00713711 
-0.0312247 -0.00181734 0.00713666 
-0.031207 -0.00181735 0.00713653 
-0.0311931 -0.00181322 0.00713773 
-0.0311874 -0.00180835 0.00713921 
-0.031182 -0.00180472 0.00714006 
-0.0311635 -0.00179806 0.00714044 
-0.0311622 -0.00179699 0.00714061 
-0.031158 -0.00178508 0.00714324 
-0.0311528 -0.00177959 0.00714391 
-0.0311454 -0.00177299 0.00714442 
-0.0311589 -0.00176079 0.0071482 
-0.0311685 -0.00175459 0.00715027 
-0.0311767 -0.00174834 0.00715209 
-0.0311766 -0.00173577 0.00715362 
-0.0311751 -0.00172304 0.00715464 
-0.0311769 -0.00171007 0.00715565 
-0.0311833 -0.00169696 0.00715674 
-0.0311852 -0.00169118 0.00715697 
-0.0311866 -0.00168364 0.00715705 
-0.0311803 -0.00167013 0.00715597 
-0.0311806 -0.00165958 0.00715528 
-0.0311805 -0.00165639 0.00715496 
-0.0311785 -0.00164239 0.00715316 
-0.0311788 -0.00164026 0.00715285 
-0.0311793 -0.00162792 0.00715066 
-0.0312063 -0.0016121 0.00713191 
-0.0312223 -0.00161114 0.00713174 
-0.0312346 -0.00160973 0.00713075 
-0.0312467 -0.00160954 0.00712956 
-0.0312568 -0.00161281 0.00713018 
-0.0312734 -0.00161848 0.00713086 
-0.0312884 -0.00162304 0.00712983 
-0.0312908 -0.00162417 0.00712991 
-0.0313142 -0.00163659 0.00713077 
-0.0313161 -0.00163769 0.00713072 
-0.0313321 -0.0016485 0.00712988 
-0.0313358 -0.00165136 0.00712983 
-0.0313462 -0.00166081 0.00712935 
-0.0313577 -0.0016735 0.00712916 
-0.0313594 -0.00167618 0.00712866 
-0.0313638 -0.00168539 0.0071268 
-0.0313682 -0.00169766 0.00712503 
-0.0313731 -0.00171075 0.00712492 
-0.0313723 -0.00171668 0.00712334 
-0.0313706 -0.0017226 0.00712148 
-0.0313669 -0.00173473 0.00711852 
-0.0313623 -0.00174724 0.0071161 
-0.0313549 -0.00175957 0.00711314 
-0.0313462 -0.00177211 0.0071105 
-0.0313426 -0.00177788 0.00710987 
-0.0313369 -0.00178518 0.00710877 
-0.0313255 -0.00179842 0.00710731 
-0.0313244 -0.0017997 0.0071073 
-0.0313185 -0.00180861 0.00710898 
-0.0313132 -0.00181324 0.0071091 
-0.0313056 -0.00181867 0.00710892 
-0.0312987 -0.00182354 0.00711077 
-0.0312904 -0.0018273 0.00711247 
-0.0312821 -0.00182942 0.00711432 
-0.0312722 -0.00183066 0.00711588 
-0.0312651 -0.00182889 0.00711846 
-0.0312548 -0.00182698 0.00712026 
-0.0312362 -0.00182751 0.00711985 
-0.0312285 -0.00182343 0.00712149 
-0.0312259 -0.00182184 0.00712205 
-0.0312145 -0.00181416 0.00712423 
-0.0312132 -0.00181241 0.00712474 
-0.0312036 -0.00180266 0.00712692 
-0.0312015 -0.00180086 0.00712721 
-0.0311873 -0.00179009 0.00712848 
-0.0311853 -0.00178892 0.00712853 
-0.0311834 -0.00177682 0.00713089 
-0.0311799 -0.00176454 0.00713266 
-0.0311823 -0.00175206 0.00713483 
-0.0311797 -0.00173947 0.00713604 
-0.0311786 -0.00173868 0.00713598 
-0.0311628 -0.00172664 0.00713514 
-0.0311651 -0.00171372 0.00713634 
-0.0311696 -0.00170808 0.00713716 
-0.0311738 -0.00170073 0.00713794 
-0.031173 -0.00168753 0.00713803 
-0.0311718 -0.00167409 0.00713768 
-0.0311736 -0.00167285 0.00713783 
-0.0311867 -0.00166045 0.0071386 
-0.0311877 -0.00165917 0.00713861 
-0.0311953 -0.00164648 0.00713811 
-0.0311958 -0.00164517 0.007138 
-0.0312009 -0.00163249 0.0071365 
-0.0312011 -0.00163212 0.00713645 
-0.0312042 -0.00162155 0.00713444 
-0.0312062 -0.00161707 0.00713338 
-0.0312159 -0.00161258 0.00711573 
-0.0312253 -0.0016072 0.00711449 
-0.0312431 -0.00160711 0.00711467 
-0.0312617 -0.00160867 0.00711479 
-0.031277 -0.00161001 0.00711419 
-0.0312968 -0.00161531 0.00711443 
-0.0312979 -0.00161566 0.00711444 
-0.0313244 -0.00162634 0.00711547 
-0.031327 -0.00162754 0.00711555 
-0.031346 -0.00163698 0.00711533 
-0.0313501 -0.00163938 0.00711509 
-0.0313636 -0.00164847 0.00711418 
-0.031367 -0.00165118 0.00711378 
-0.0313802 -0.00166343 0.00711301 
-0.0313827 -0.00166622 0.00711268 
-0.0313894 -0.00167557 0.00711138 
-0.0313977 -0.00168822 0.00711082 
-0.0314 -0.00169505 0.0071096 
-0.0314008 -0.00170027 0.00710843 
-0.0314035 -0.00171286 0.00710698 
-0.031404 -0.00172545 0.00710539 
-0.031398 -0.00173715 0.00710125 
-0.0313932 -0.00174965 0.00709876 
-0.0313856 -0.00176194 0.00709567 
-0.0313749 -0.00177405 0.00709189 
-0.0313636 -0.00178654 0.00708872 
-0.0313499 -0.00179897 0.00708531 
-0.0313444 -0.00180574 0.00708484 
-0.0313377 -0.00181237 0.00708411 
-0.0313288 -0.00182086 0.00708358 
-0.0313297 -0.00182516 0.00708736 
-0.0313265 -0.00182835 0.00708827 
-0.0313226 -0.00183146 0.00708904 
-0.0313185 -0.00183474 0.00709175 
-0.0313177 -0.00183502 0.00709555 
-0.0313197 -0.00183345 0.00709818 
-0.0313206 -0.00183193 0.00710056 
-0.0313143 -0.00183144 0.00710317 
-0.031307 -0.00182971 0.00710566 
-0.0312913 -0.00183042 0.00710595 
-0.0312822 -0.00182658 0.00710799 
-0.0312816 -0.00182627 0.00710812 
-0.0312672 -0.0018225 0.0071092 
-0.0312641 -0.00181585 0.00711157 
-0.0312616 -0.00181052 0.0071132 
-0.0312581 -0.00180435 0.00711482 
-0.0312601 -0.00179246 0.00711823 
-0.0312587 -0.00178946 0.00711882 
-0.0312545 -0.00178043 0.00712038 
-0.0312597 -0.00176817 0.00712324 
-0.0312541 -0.00175569 0.00712456 
-0.0312553 -0.00174309 0.00712624 
-0.0312486 -0.00173669 0.00712614 
-0.0312405 -0.00173032 0.00712578 
-0.031236 -0.00171732 0.00712612 
-0.0312395 -0.00171084 0.00712678 
-0.0312416 -0.00170423 0.00712723 
-0.0312294 -0.00169099 0.00712598 
-0.0312176 -0.00167752 0.00712445 
-0.031221 -0.00166389 0.0071241 
-0.0312221 -0.00166141 0.00712403 
-0.0312231 -0.00165 0.00712304 
-0.031222 -0.00164241 0.00712202 
-0.0312211 -0.00163585 0.00712097 
-0.0312185 -0.00162572 0.00711895 
-0.0312172 -0.00162129 0.00711794 
-0.0312843 -0.0016351 0.00710687 
-0.0312993 -0.00163207 0.00710668 
-0.0313127 -0.00162968 0.00710603 
-0.0313171 -0.00162395 0.00710363 
-0.0313254 -0.00162187 0.00710177 
-0.0313338 -0.00162123 0.00709978 
-0.0313462 -0.00162423 0.00709831 
-0.0313564 -0.00162772 0.00709629 
-0.0313587 -0.0016289 0.00709632 
-0.0313761 -0.00163899 0.00709564 
-0.0313787 -0.00164074 0.00709547 
-0.0313921 -0.00165142 0.00709397 
-0.0313931 -0.00165248 0.00709374 
-0.031407 -0.00166525 0.00709408 
-0.0314174 -0.00167788 0.00709359 
-0.0314186 -0.00168054 0.00709301 
-0.0314216 -0.0016897 0.00709081 
-0.0314246 -0.00170188 0.00708866 
-0.0314242 -0.00170479 0.00708768 
-0.031422 -0.00171354 0.00708465 
-0.0314233 -0.00172631 0.00708351 
-0.0314208 -0.00173878 0.00708137 
-0.0314106 -0.00175032 0.00707627 
-0.031402 -0.00176245 0.00707273 
-0.0313952 -0.00177523 0.0070708 
-0.031385 -0.00178789 0.00706805 
-0.031371 -0.00180017 0.00706429 
-0.0313655 -0.00180578 0.00706327 
-0.0313571 -0.00181293 0.00706156 
-0.0313408 -0.00182583 0.00705875 
-0.0313386 -0.00182795 0.00705866 
-0.031329 -0.00183807 0.00705933 
-0.0313268 -0.00184035 0.00705968 
-0.0313203 -0.00184585 0.0070605 
-0.0313213 -0.00184832 0.00706445 
-0.0313262 -0.0018479 0.00706965 
-0.031331 -0.00184616 0.00707221 
-0.0313393 -0.00184256 0.00707729 
-0.0313449 -0.00183851 0.007083 
-0.0313464 -0.00183759 0.00708382 
-0.031357 -0.00182898 0.00709088 
-0.0313585 -0.00182744 0.00709197 
-0.0313653 -0.00181785 0.00709804 
-0.0313656 -0.00181686 0.00709859 
-0.0313749 -0.00180555 0.00710391 
-0.0313776 -0.00179772 0.00710706 
-0.0313779 -0.00179407 0.00710837 
-0.0313801 -0.00178228 0.00711196 
-0.0313815 -0.00177019 0.00711484 
-0.0313811 -0.00176964 0.00711494 
-0.0313731 -0.00175803 0.00711664 
-0.0313647 -0.00174932 0.00711734 
-0.0313596 -0.00174572 0.0071174 
-0.031342 -0.00173318 0.00711723 
-0.0313374 -0.00173091 0.007117 
-0.0313157 -0.00172039 0.00711565 
-0.0313025 -0.00171517 0.00711458 
-0.0312794 -0.00170743 0.00711241 
-0.0312568 -0.00169419 0.00711006 
-0.0312551 -0.00169344 0.00710987 
-0.0312279 -0.00168071 0.00710659 
-0.0312295 -0.0016703 0.00710639 
-0.0312307 -0.00166714 0.00710633 
-0.0312446 -0.00165846 0.00710715 
-0.0312563 -0.00165312 0.00710775 
-0.0312605 -0.00165017 0.00710777 
-0.0312773 -0.00164444 0.00710824 
-0.0312828 -0.00163825 0.00710746 
-0.0313705 -0.00162971 0.00708493 
-0.0313791 -0.00163076 0.00708279 
-0.0313849 -0.00163316 0.00708258 
-0.031395 -0.00163773 0.00708169 
-0.0314036 -0.00164264 0.00707916 
-0.0314052 -0.00164372 0.00707903 
-0.0314173 -0.00165353 0.00707712 
-0.031419 -0.00165524 0.0070767 
-0.0314299 -0.00166726 0.00707514 
-0.0314311 -0.00166935 0.00707462 
-0.031436 -0.00167907 0.00707239 
-0.0314386 -0.00168744 0.0070704 
-0.0314386 -0.00169078 0.00706918 
-0.0314426 -0.00170324 0.00706772 
-0.0314416 -0.00171529 0.00706469 
-0.0314411 -0.00172776 0.00706272 
-0.0314406 -0.00172846 0.00706242 
-0.0314321 -0.00173918 0.00705763 
-0.0314281 -0.00175181 0.0070555 
-0.0314205 -0.00176411 0.00705244 
-0.0314098 -0.00177623 0.00704865 
-0.0313989 -0.00178872 0.0070455 
-0.0313953 -0.00179443 0.00704488 
-0.0313894 -0.00180173 0.00704374 
-0.0313738 -0.00181406 0.00703992 
-0.031356 -0.00182649 0.00703597 
-0.0313545 -0.00182802 0.00703586 
-0.031339 -0.00183955 0.00703358 
-0.0313322 -0.00184464 0.00703291 
-0.0313267 -0.00185215 0.00703483 
-0.0313242 -0.00185446 0.00703526 
-0.0313176 -0.00185944 0.00703596 
-0.0313236 -0.00186013 0.00704125 
-0.03133 -0.0018587 0.00704462 
-0.0313367 -0.00185694 0.00704862 
-0.0313419 -0.00185517 0.00705404 
-0.0313507 -0.00185113 0.00705881 
-0.0313562 -0.00184812 0.00706209 
-0.0313612 -0.0018428 0.00706783 
-0.0313624 -0.00184187 0.00706858 
-0.0313713 -0.0018325 0.00707533 
-0.0313721 -0.00183148 0.00707598 
-0.0313844 -0.00182034 0.00708199 
-0.031389 -0.00181269 0.00708559 
-0.0313903 -0.00180909 0.00708711 
-0.0313956 -0.00179741 0.00709141 
-0.0314001 -0.00178549 0.00709497 
-0.0314 -0.00178482 0.00709514 
-0.031397 -0.00177349 0.00709758 
-0.0313929 -0.00176116 0.00709951 
-0.0313901 -0.00175897 0.00709965 
-0.0313769 -0.00174885 0.00710001 
-0.031365 -0.00173995 0.00709994 
-0.0313587 -0.00173626 0.00709969 
-0.0313409 -0.00172335 0.00709884 
-0.0313283 -0.00171744 0.00709786 
-0.0313122 -0.00171035 0.0070964 
-0.031293 -0.0016971 0.00709446 
-0.031283 -0.00168359 0.00709312 
-0.0312924 -0.00167754 0.0070938 
-0.0313136 -0.00167166 0.00709535 
-0.0313175 -0.00166953 0.00709547 
-0.0313283 -0.00166348 0.00709563 
-0.0313456 -0.00165954 0.00709605 
-0.0313582 -0.00165443 0.00709549 
-0.0313585 -0.00165396 0.00709538 
-0.0313632 -0.00164651 0.00709348 
-0.0313687 -0.00164089 0.00709134 
-0.0313744 -0.00163718 0.00708904 
-0.0313742 -0.00163666 0.0070888 
-0.0313966 -0.00163498 0.00706792 
-0.0314004 -0.00163337 0.00706494 
-0.0314063 -0.00163556 0.00706432 
-0.0314123 -0.00163799 0.00706319 
-0.0314237 -0.00164447 0.00706113 
-0.0314262 -0.00164617 0.00706078 
-0.0314353 -0.00165377 0.00705877 
-0.031439 -0.00165748 0.00705793 
-0.031448 -0.00166803 0.00705616 
-0.0314489 -0.00166934 0.00705583 
-0.0314561 -0.00168146 0.00705387 
-0.0314573 -0.00168675 0.00705229 
-0.0314576 -0.00169298 0.00705012 
-0.0314612 -0.00170541 0.00704854 
-0.0314609 -0.00171761 0.00704589 
-0.0314606 -0.00171832 0.0070456 
-0.0314553 -0.00172927 0.00704165 
-0.0314536 -0.00174189 0.00703985 
-0.031449 -0.00175443 0.00703744 
-0.0314414 -0.00176673 0.00703436 
-0.0314306 -0.00177886 0.0070306 
-0.0314168 -0.00179087 0.00702611 
-0.0314002 -0.00180266 0.00702107 
-0.0313883 -0.00181464 0.00701861 
-0.0313875 -0.00181543 0.00701845 
-0.0313694 -0.00182774 0.00701423 
-0.0313498 -0.00184013 0.00701017 
-0.0313445 -0.00184392 0.00700937 
-0.0313291 -0.00185283 0.00700666 
-0.0313145 -0.00186131 0.00700458 
-0.0313071 -0.00186602 0.00700406 
-0.0312963 -0.00187209 0.0070032 
-0.0312903 -0.00187768 0.00700521 
-0.0312964 -0.00187851 0.00701051 
-0.0313113 -0.00187551 0.00701827 
-0.0313176 -0.00187379 0.00702116 
-0.0313283 -0.00187041 0.00702674 
-0.0313369 -0.0018665 0.00703315 
-0.0313389 -0.00186561 0.00703408 
-0.0313547 -0.00185737 0.00704224 
-0.031357 -0.0018559 0.00704354 
-0.0313681 -0.00184721 0.00705047 
-0.0313695 -0.00184573 0.00705154 
-0.0313812 -0.0018349 0.00705824 
-0.0313834 -0.00183243 0.0070596 
-0.0313898 -0.0018238 0.00706393 
-0.0313992 -0.00181229 0.00706886 
-0.0313996 -0.00180965 0.00706985 
-0.0313999 -0.00180066 0.00707277 
-0.0314019 -0.00178873 0.00707607 
-0.0314005 -0.00178604 0.00707663 
-0.0313945 -0.0017767 0.00707816 
-0.0313894 -0.00176429 0.00707983 
-0.0313861 -0.0017615 0.00707995 
-0.031374 -0.00175183 0.00708011 
-0.0313632 -0.00173909 0.00708029 
-0.0313535 -0.00172608 0.00708014 
-0.031352 -0.00172481 0.00708005 
-0.0313374 -0.001713 0.00707895 
-0.0313406 -0.00170698 0.00707932 
-0.0313438 -0.0016996 0.00707958 
-0.0313547 -0.00169127 0.00708028 
-0.0313663 -0.00168558 0.00708086 
-0.031371 -0.00168264 0.00708094 
-0.0313856 -0.00167588 0.00708106 
-0.0313992 -0.00167082 0.00708073 
-0.0313994 -0.00167036 0.00708065 
-0.0314036 -0.00166155 0.00707874 
-0.0314044 -0.0016549 0.00707678 
-0.0314034 -0.00165171 0.00707572 
-0.0314048 -0.00164516 0.00707273 
-0.0313999 -0.0016384 0.00706961 
-0.0314084 -0.00163488 0.00704819 
-0.0314132 -0.00163378 0.00704537 
-0.0314139 -0.00163202 0.00704173 
-0.031418 -0.00163362 0.00703848 
-0.0314199 -0.00163474 0.00703833 
-0.0314298 -0.00164175 0.00703631 
-0.0314351 -0.001646 0.00703565 
-0.0314472 -0.00165676 0.00703468 
-0.0314483 -0.00165809 0.00703443 
-0.0314586 -0.0016703 0.00703314 
-0.0314608 -0.00167525 0.00703181 
-0.0314624 -0.00168191 0.00702969 
-0.0314684 -0.00169439 0.00702849 
-0.0314692 -0.00170116 0.00702694 
-0.0314688 -0.00170631 0.00702545 
-0.03147 -0.00171881 0.00702359 
-0.0314671 -0.00173093 0.0070206 
-0.031461 -0.0017429 0.00701698 
-0.0314573 -0.00175557 0.00701494 
-0.0314497 -0.00176788 0.00701185 
-0.031439 -0.00178001 0.00700809 
-0.0314251 -0.00179202 0.00700364 
-0.0314119 -0.00180435 0.00700005 
-0.0313965 -0.00181665 0.00699618 
-0.0313769 -0.00182866 0.00699119 
-0.0313723 -0.00183282 0.00699052 
-0.0313608 -0.00184158 0.0069886 
-0.0313387 -0.00185388 0.00698413 
-0.0313363 -0.00185542 0.00698382 
-0.0313153 -0.00186649 0.00698017 
-0.0313032 -0.00187249 0.00697835 
-0.031291 -0.00187995 0.00697781 
-0.0312873 -0.00188197 0.00697764 
-0.0312852 -0.00188623 0.00698069 
-0.0313002 -0.00188447 0.006988 
-0.0313014 -0.00188428 0.00698859 
-0.0313142 -0.00188207 0.00699574 
-0.0313326 -0.00187677 0.0070031 
-0.0313415 -0.00187387 0.00700693 
-0.0313531 -0.00186896 0.00701414 
-0.0313552 -0.00186808 0.00701506 
-0.0313693 -0.00186046 0.00702277 
-0.0313715 -0.00185852 0.00702466 
-0.0313741 -0.00185423 0.00702856 
-0.031377 -0.00184869 0.00703262 
-0.0313783 -0.00184592 0.00703442 
-0.0313802 -0.00183806 0.00703886 
-0.0313814 -0.00183513 0.00704032 
-0.0313849 -0.00182691 0.00704402 
-0.0313861 -0.00181854 0.0070472 
-0.0313849 -0.00181548 0.00704817 
-0.0313857 -0.00180367 0.00705171 
-0.0313827 -0.00179961 0.00705252 
-0.0313764 -0.00179174 0.00705382 
-0.0313663 -0.00178403 0.00705444 
-0.0313583 -0.00177957 0.00705444 
-0.0313412 -0.0017702 0.00705413 
-0.0313351 -0.00176704 0.00705391 
-0.0313126 -0.00175433 0.00705286 
-0.0313091 -0.00175281 0.00705261 
-0.0312826 -0.00174136 0.00705045 
-0.0312669 -0.00172826 0.00704938 
-0.0312593 -0.00171515 0.00704905 
-0.0312625 -0.00170199 0.00704978 
-0.0312787 -0.00169579 0.00705177 
-0.0313136 -0.00169626 0.00705577 
-0.0313449 -0.00169614 0.007059 
-0.0313747 -0.00169745 0.00706174 
-0.0313955 -0.00169251 0.00706305 
-0.0314131 -0.00168767 0.00706362 
-0.0314137 -0.00168714 0.00706358 
-0.0314249 -0.00168062 0.0070631 
-0.0314293 -0.00167193 0.00706149 
-0.0314292 -0.00167055 0.00706117 
-0.0314309 -0.00166138 0.0070585 
-0.0314279 -0.0016565 0.00705697 
-0.0314202 -0.00164701 0.0070536 
-0.031415 -0.00164101 0.00705103 
-0.0314269 -0.001641 0.00702927 
-0.0314164 -0.00163147 0.00702386 
-0.0314122 -0.00162711 0.00701937 
-0.0314148 -0.00162779 0.00701592 
-0.0314238 -0.00163361 0.00701335 
-0.0314256 -0.00163477 0.00701325 
-0.0314387 -0.00164536 0.00701149 
-0.0314398 -0.00164642 0.00701125 
-0.0314531 -0.00165878 0.00701063 
-0.0314566 -0.0016638 0.00700961 
-0.0314599 -0.00167048 0.00700786 
-0.0314674 -0.00168292 0.00700659 
-0.0314681 -0.00168588 0.00700582 
-0.0314688 -0.0016947 0.00700338 
-0.0314722 -0.00170718 0.00700185 
-0.0314733 -0.00171968 0.00699996 
-0.0314726 -0.00173216 0.00699798 
-0.031472 -0.00173286 0.00699765 
-0.0314626 -0.00174357 0.00699278 
-0.0314582 -0.00175615 0.00699046 
-0.0314502 -0.00176839 0.00698722 
-0.0314399 -0.00178058 0.00698363 
-0.0314259 -0.00179256 0.00697909 
-0.031418 -0.00180478 0.00697753 
-0.0314174 -0.00180559 0.00697746 
-0.0314008 -0.00181767 0.00697305 
-0.0313836 -0.00183006 0.00696906 
-0.0313719 -0.00184002 0.00696716 
-0.031368 -0.001843 0.00696653 
-0.0313452 -0.00185513 0.00696168 
-0.0313344 -0.00186214 0.0069602 
-0.0313242 -0.00186815 0.00695883 
-0.0313113 -0.00187564 0.00695742 
-0.0313096 -0.00188096 0.00696043 
-0.0313166 -0.00188264 0.00696584 
-0.0313315 -0.00188087 0.00697341 
-0.0313467 -0.00187717 0.00697959 
-0.0313566 -0.00187443 0.00698385 
-0.0313713 -0.00186971 0.00699174 
-0.0313736 -0.00186885 0.00699273 
-0.0313905 -0.00186139 0.00700103 
-0.0313937 -0.00185949 0.00700313 
-0.0313977 -0.00185561 0.00700731 
-0.0314017 -0.00185004 0.00701214 
-0.0314028 -0.00184854 0.00701326 
-0.0314029 -0.00184136 0.00701807 
-0.0314034 -0.00183977 0.00701897 
-0.031403 -0.00183117 0.00702321 
-0.0313995 -0.00182898 0.00702401 
-0.0313908 -0.00182529 0.00702502 
-0.0313737 -0.00181974 0.00702572 
-0.0313717 -0.00181796 0.0070261 
-0.0313573 -0.00181023 0.00702696 
-0.0313484 -0.00180614 0.00702711 
-0.0313367 -0.00179932 0.00702743 
-0.0313295 -0.00179399 0.00702771 
-0.0313131 -0.00178362 0.0070277 
-0.0313086 -0.00178156 0.0070275 
-0.0312916 -0.00176888 0.00702727 
-0.0312822 -0.00176447 0.00702665 
-0.031263 -0.00175596 0.00702514 
-0.0312496 -0.00174305 0.0070246 
-0.0312433 -0.00173003 0.00702474 
-0.0312506 -0.00171709 0.00702638 
-0.0312652 -0.00171177 0.00702846 
-0.0312891 -0.0017042 0.00703156 
-0.031294 -0.0017021 0.00703215 
-0.0313269 -0.00170051 0.00703589 
-0.0313582 -0.0017004 0.00703911 
-0.0313882 -0.00170191 0.00704187 
-0.0314062 -0.00170364 0.00704331 
-0.0314165 -0.00170462 0.00704404 
-0.031443 -0.00170915 0.00704565 
-0.0314541 -0.00170219 0.00704554 
-0.0314556 -0.00170076 0.00704543 
-0.0314632 -0.00169138 0.00704419 
-0.031463 -0.00168726 0.00704346 
-0.0314542 -0.00167291 0.00704047 
-0.0314536 -0.00167153 0.0070401 
-0.0314441 -0.00165794 0.00703599 
-0.0314422 -0.00165567 0.00703519 
-0.0314288 -0.00164251 0.00702993 
-0.0314371 -0.00164122 0.00700508 
-0.031431 -0.00163564 0.00700028 
-0.0314274 -0.001633 0.00699576 
-0.0314342 -0.00163734 0.00699384 
-0.031436 -0.00163881 0.00699308 
-0.0314438 -0.0016464 0.00699006 
-0.0314454 -0.00164809 0.0069896 
-0.0314572 -0.00166017 0.00698822 
-0.0314586 -0.00166227 0.00698773 
-0.0314641 -0.00167195 0.00698564 
-0.0314677 -0.00168044 0.00698383 
-0.0314681 -0.00168381 0.00698272 
-0.0314743 -0.0016964 0.00698175 
-0.031476 -0.00170862 0.00697951 
-0.0314773 -0.00172118 0.00697775 
-0.0314769 -0.00172189 0.00697747 
-0.0314705 -0.00173277 0.00697324 
-0.0314692 -0.00174545 0.00697161 
-0.0314621 -0.00175764 0.00696823 
-0.0314472 -0.00176891 0.00696223 
-0.0314445 -0.00178219 0.00696171 
-0.031432 -0.00179438 0.00695777 
-0.0314154 -0.00180618 0.00695275 
-0.0314046 -0.00181823 0.00695054 
-0.0314039 -0.00181902 0.00695043 
-0.0313867 -0.00183138 0.00694641 
-0.0313686 -0.00184387 0.00694272 
-0.0313638 -0.00184769 0.00694203 
-0.0313499 -0.00185669 0.00693968 
-0.0313392 -0.00186451 0.00693859 
-0.0313325 -0.00187044 0.00693869 
-0.0313258 -0.001875 0.00693836 
-0.0313314 -0.00187821 0.00694324 
-0.0313376 -0.00188011 0.00694845 
-0.0313459 -0.00188023 0.00695429 
-0.0313531 -0.00187857 0.00695739 
-0.0313659 -0.0018753 0.00696337 
-0.0313776 -0.00187158 0.00697045 
-0.0313798 -0.00187074 0.0069715 
-0.0313905 -0.0018657 0.00697804 
-0.0313942 -0.00186206 0.00698268 
-0.0313951 -0.00186121 0.00698356 
-0.0313944 -0.00185706 0.00698785 
-0.0313972 -0.00185259 0.00699113 
-0.0313985 -0.00184862 0.00699372 
-0.0314002 -0.00184201 0.00699744 
-0.0314 -0.00183851 0.00699915 
-0.0313892 -0.00183227 0.00700136 
-0.0313886 -0.00183123 0.00700172 
-0.0313914 -0.00181968 0.00700587 
-0.0313875 -0.00181564 0.00700679 
-0.03138 -0.00180792 0.00700825 
-0.0313732 -0.00180234 0.00700896 
-0.0313583 -0.00179589 0.00700887 
-0.0313496 -0.00179262 0.00700858 
-0.0313298 -0.00178351 0.00700798 
-0.0313223 -0.00177914 0.00700779 
-0.0313067 -0.00177081 0.0070071 
-0.031297 -0.0017581 0.00700744 
-0.0313007 -0.00174535 0.00700915 
-0.0312962 -0.00173233 0.00700951 
-0.0313063 -0.00171932 0.00701136 
-0.0313114 -0.00171739 0.00701202 
-0.031343 -0.00171365 0.00701569 
-0.0313772 -0.00171736 0.00701915 
-0.0313933 -0.00171921 0.0070206 
-0.0314082 -0.00172089 0.00702185 
-0.0314332 -0.00171978 0.00702368 
-0.0314565 -0.00172094 0.00702491 
-0.0314773 -0.00172274 0.00702547 
-0.031485 -0.00171662 0.00702519 
-0.0314874 -0.00171297 0.00702485 
-0.0314871 -0.00170233 0.00702358 
-0.0314852 -0.0016946 0.0070223 
-0.0314823 -0.00168784 0.00702094 
-0.0314748 -0.00167582 0.00701795 
-0.0314727 -0.00167315 0.00701719 
-0.031458 -0.00165827 0.0070124 
-0.0314566 -0.00165685 0.00701185 
-0.0314392 -0.00164275 0.00700578 
-0.0314128 -0.00162695 0.00697461 
-0.0314024 -0.00162096 0.00696892 
-0.0314105 -0.00162522 0.00696814 
-0.031416 -0.00162858 0.00696718 
-0.031427 -0.00163651 0.00696551 
-0.0314296 -0.00163855 0.0069652 
-0.0314413 -0.0016485 0.00696422 
-0.0314464 -0.00165406 0.00696338 
-0.0314506 -0.00166026 0.00696191 
-0.0314612 -0.00167279 0.0069613 
-0.0314623 -0.00167551 0.00696067 
-0.0314648 -0.00168464 0.00695834 
-0.0314697 -0.00169705 0.00695682 
-0.031474 -0.0017097 0.00695575 
-0.0314738 -0.00171048 0.00695552 
-0.0314703 -0.00172151 0.00695192 
-0.0314716 -0.0017343 0.00695079 
-0.0314681 -0.00174666 0.00694827 
-0.0314562 -0.00175817 0.00694295 
-0.0314473 -0.0017703 0.00693939 
-0.0314419 -0.00178318 0.00693776 
-0.0314333 -0.00179595 0.00693541 
-0.0314165 -0.00180771 0.00693031 
-0.0314006 -0.00181989 0.00692619 
-0.0313949 -0.00182555 0.0069251 
-0.0313863 -0.00183268 0.00692337 
-0.0313653 -0.00184468 0.00691839 
-0.0313511 -0.00185455 0.00691595 
-0.0313466 -0.00185743 0.00691521 
-0.0313233 -0.00186983 0.00691088 
-0.0313178 -0.00187338 0.00691032 
-0.0313013 -0.00188331 0.00690878 
-0.0312978 -0.00188523 0.00690844 
-0.0312987 -0.00188966 0.00691211 
-0.0313017 -0.00189248 0.00691647 
-0.0313115 -0.00189237 0.00692267 
-0.0313191 -0.00189081 0.00692584 
-0.0313334 -0.00188757 0.00693214 
-0.0313425 -0.00188521 0.00693847 
-0.0313478 -0.00188344 0.00694113 
-0.0313564 -0.00187992 0.00694619 
-0.031362 -0.00187583 0.00695188 
-0.0313636 -0.00187494 0.00695276 
-0.0313737 -0.00186767 0.00695946 
-0.0313759 -0.00186518 0.0069615 
-0.0313787 -0.00185987 0.00696543 
-0.0313808 -0.00185496 0.00696856 
-0.0313851 -0.00184869 0.00697209 
-0.0313877 -0.00184401 0.00697448 
-0.0313929 -0.00183275 0.00697948 
-0.0313929 -0.00183229 0.00697967 
-0.0313917 -0.00182127 0.00698337 
-0.0313894 -0.00181667 0.00698457 
-0.0313837 -0.00180947 0.00698604 
-0.0313807 -0.00179742 0.00698857 
-0.0313801 -0.00179693 0.00698862 
-0.031367 -0.00178517 0.00698953 
-0.0313588 -0.00177892 0.00698966 
-0.0313478 -0.00177261 0.00698938 
-0.031331 -0.0017599 0.00698901 
-0.0313275 -0.00175603 0.00698902 
-0.0313191 -0.00174705 0.00698886 
-0.0313145 -0.00173402 0.00698922 
-0.0313182 -0.00172755 0.00698999 
-0.0313344 -0.00172099 0.0069921 
-0.0313471 -0.00171903 0.00699355 
-0.0313784 -0.00171893 0.00699673 
-0.031389 -0.00172084 0.0069977 
-0.0314108 -0.0017247 0.00699953 
-0.0314385 -0.00172805 0.00700146 
-0.0314629 -0.00173163 0.00700265 
-0.0314668 -0.00173265 0.00700278 
-0.0314848 -0.00173716 0.00700306 
-0.031495 -0.00173131 0.00700301 
-0.0314978 -0.00172904 0.00700289 
-0.0315018 -0.00171701 0.00700192 
-0.0315011 -0.00171254 0.00700144 
-0.031498 -0.00170291 0.00700012 
-0.0314878 -0.00168885 0.00699781 
-0.0314846 -0.00168425 0.00699674 
-0.0314761 -0.00167434 0.00699419 
-0.0314593 -0.00165984 0.00699 
-0.0314578 -0.00165842 0.00698944 
-0.0314405 -0.00164431 0.00698339 
-0.0314383 -0.00164279 0.00698268 
-0.0314154 -0.00162842 0.00697542 
-0.0313865 -0.00161637 0.00694335 
-0.0313811 -0.00161428 0.00693837 
-0.0313914 -0.0016212 0.00693598 
-0.031394 -0.00162296 0.00693579 
-0.031412 -0.00163537 0.0069357 
-0.0314144 -0.00163745 0.00693544 
-0.031425 -0.00164745 0.00693446 
-0.0314328 -0.00165608 0.00693361 
-0.031435 -0.00165953 0.00693291 
-0.0314473 -0.00167243 0.00693326 
-0.0314561 -0.00168517 0.00693274 
-0.0314578 -0.00169198 0.00693138 
-0.0314581 -0.00169717 0.00693008 
-0.0314617 -0.00170972 0.00692875 
-0.0314611 -0.00172203 0.00692627 
-0.0314572 -0.00173409 0.00692309 
-0.0314557 -0.00174673 0.00692137 
-0.0314511 -0.00175927 0.00691896 
-0.0314435 -0.00177157 0.00691589 
-0.0314328 -0.00178369 0.00691215 
-0.031419 -0.0017957 0.00690773 
-0.0314035 -0.00180765 0.00690318 
-0.0313916 -0.00182036 0.00690058 
-0.0313835 -0.00183061 0.0068995 
-0.0313807 -0.00183365 0.00689912 
-0.0313616 -0.00184595 0.00689496 
-0.0313536 -0.00185351 0.00689419 
-0.0313462 -0.00185929 0.00689333 
-0.0313289 -0.00186993 0.00689078 
-0.031325 -0.00187218 0.00689021 
-0.0313048 -0.00188342 0.00688778 
-0.0313023 -0.00188574 0.00688822 
-0.0312958 -0.00189071 0.00688891 
-0.031298 -0.00189374 0.00689305 
-0.0313078 -0.00189364 0.00689923 
-0.0313154 -0.00189207 0.00690238 
-0.0313297 -0.00188884 0.00690868 
-0.0313426 -0.00188528 0.00691602 
-0.0313453 -0.00188441 0.00691716 
-0.0313587 -0.00187915 0.00692431 
-0.0313656 -0.0018756 0.00692856 
-0.0313708 -0.00187256 0.00693174 
-0.0313744 -0.00186718 0.00693715 
-0.0313755 -0.00186626 0.0069379 
-0.0313775 -0.00186006 0.0069426 
-0.0313741 -0.00185634 0.00694496 
-0.0313728 -0.00185417 0.00694617 
-0.0313651 -0.00184746 0.00694911 
-0.0313645 -0.00184571 0.00694986 
-0.0313572 -0.001838 0.00695237 
-0.0313547 -0.00183449 0.00695339 
-0.0313489 -0.00182479 0.00695589 
-0.0313467 -0.00182285 0.00695624 
-0.0313473 -0.00181088 0.0069594 
-0.0313405 -0.00180393 0.00696024 
-0.0313337 -0.00179872 0.00696057 
-0.0313272 -0.00178638 0.00696207 
-0.0313197 -0.001782 0.0069619 
-0.0313051 -0.00177369 0.00696134 
-0.0312864 -0.00176434 0.00696019 
-0.0312784 -0.00176082 0.00695958 
-0.0312531 -0.00174778 0.00695756 
-0.0312594 -0.00173489 0.00695937 
-0.0312752 -0.00172556 0.00696187 
-0.031311 -0.00172338 0.00696631 
-0.0313455 -0.00172345 0.00697018 
-0.031381 -0.00173004 0.00697359 
-0.0314111 -0.00173322 0.00697612 
-0.0314194 -0.00173499 0.0069767 
-0.0314393 -0.00173915 0.0069779 
-0.0314634 -0.00174409 0.00697886 
-0.0314831 -0.00174512 0.00697924 
-0.0314988 -0.00174259 0.00697909 
-0.0315055 -0.00173151 0.00697866 
-0.0315062 -0.00172741 0.0069784 
-0.031505 -0.00171754 0.00697752 
-0.0315002 -0.00170399 0.00697561 
-0.0315 -0.0017034 0.00697548 
-0.0314886 -0.0016894 0.00697318 
-0.0314754 -0.00167493 0.00696951 
-0.0314738 -0.00167324 0.00696897 
-0.0314588 -0.00166004 0.00696454 
-0.0314479 -0.0016519 0.00696139 
-0.0314376 -0.00164484 0.00695838 
-0.0314165 -0.00163209 0.00695242 
-0.0314115 -0.00162926 0.00695097 
-0.0313543 -0.00160691 0.00691068 
-0.031355 -0.00160886 0.00690667 
-0.0313569 -0.00160996 0.0069066 
-0.0313772 -0.0016223 0.00690682 
-0.0313802 -0.00162448 0.0069067 
-0.0313934 -0.00163459 0.00690629 
-0.0314033 -0.00164332 0.0069059 
-0.0314064 -0.00164682 0.00690537 
-0.0314184 -0.00165933 0.00690494 
-0.0314325 -0.00167252 0.0069061 
-0.0314361 -0.00167874 0.00690548 
-0.0314387 -0.00168489 0.00690457 
-0.0314453 -0.00169761 0.00690389 
-0.0314478 -0.00171 0.0069021 
-0.031447 -0.00172229 0.00689957 
-0.0314485 -0.00173509 0.00689855 
-0.031447 -0.00174773 0.00689683 
-0.0314424 -0.00176027 0.00689441 
-0.0314348 -0.00177257 0.00689135 
-0.0314241 -0.00178469 0.00688762 
-0.0314116 -0.00179688 0.00688373 
-0.0314028 -0.00180979 0.00688184 
-0.0313882 -0.00182215 0.00687823 
-0.0313853 -0.00182639 0.00687792 
-0.0313769 -0.00183541 0.00687668 
-0.0313594 -0.001848 0.00687328 
-0.0313577 -0.00184951 0.00687312 
-0.0313407 -0.00186084 0.00687032 
-0.0313286 -0.00186814 0.00686847 
-0.0313191 -0.00187375 0.00686722 
-0.0313058 -0.00188151 0.00686581 
-0.0312959 -0.00188733 0.00686523 
-0.0312871 -0.00189167 0.00686441 
-0.0312893 -0.00189471 0.00686855 
-0.0312991 -0.0018946 0.00687471 
-0.0313067 -0.00189304 0.00687787 
-0.0313209 -0.00188981 0.00688415 
-0.0313339 -0.00188625 0.00689144 
-0.0313366 -0.00188537 0.00689259 
-0.03135 -0.00188012 0.00689973 
-0.0313569 -0.00187657 0.00690397 
-0.031362 -0.00187354 0.00690714 
-0.0313625 -0.00186941 0.00691171 
-0.0313639 -0.00186741 0.00691337 
-0.0313647 -0.00186276 0.00691689 
-0.0313663 -0.0018573 0.00692036 
-0.0313663 -0.00185405 0.00692218 
-0.0313622 -0.00184657 0.00692563 
-0.0313616 -0.00184562 0.00692602 
-0.031355 -0.0018354 0.00692951 
-0.0313548 -0.00183504 0.00692962 
-0.0313403 -0.00182566 0.00693133 
-0.0313379 -0.00182385 0.00693161 
-0.0313232 -0.00181377 0.00693271 
-0.0313199 -0.00181185 0.00693281 
-0.0313122 -0.00179967 0.00693454 
-0.0313055 -0.00179346 0.00693492 
-0.0312979 -0.00178726 0.00693508 
-0.0312756 -0.00177664 0.00693392 
-0.0312699 -0.00177446 0.0069335 
-0.0312507 -0.00176162 0.00693258 
-0.0312369 -0.00175506 0.00693144 
-0.0312234 -0.00174853 0.00693025 
-0.0312334 -0.00174075 0.0069322 
-0.0312444 -0.00173584 0.00693398 
-0.031269 -0.00173096 0.00693742 
-0.0313031 -0.00173634 0.00694127 
-0.0313096 -0.00173764 0.00694197 
-0.0313448 -0.00173933 0.0069458 
-0.0313762 -0.00173925 0.00694897 
-0.0314054 -0.00174147 0.0069514 
-0.0314321 -0.00174477 0.00695309 
-0.0314447 -0.00174848 0.00695355 
-0.0314563 -0.00175233 0.00695376 
-0.0314759 -0.00175493 0.00695394 
-0.031488 -0.00174666 0.00695437 
-0.0314903 -0.00174454 0.00695435 
-0.0314976 -0.00173245 0.00695392 
-0.0314982 -0.00172999 0.00695374 
-0.031498 -0.00171834 0.00695258 
-0.0314958 -0.0017101 0.00695138 
-0.0314935 -0.00170402 0.00695023 
-0.0314828 -0.00168978 0.0069475 
-0.0314794 -0.00168549 0.00694636 
-0.0314694 -0.00167508 0.00694335 
-0.0314587 -0.00166546 0.00693984 
-0.0314517 -0.00165983 0.00693753 
-0.031429 -0.0016449 0.00693177 
-0.0314261 -0.00164308 0.00693094 
-0.0314019 -0.00162945 0.00692452 
-0.0313855 -0.00162112 0.00692018 
-0.0313693 -0.00161347 0.00691535 
-0.0313093 -0.00159416 0.00687954 
-0.0313088 -0.00159526 0.00687535 
-0.0313112 -0.00159645 0.00687539 
-0.0313298 -0.00160726 0.00687484 
-0.0313314 -0.00160833 0.00687467 
-0.0313535 -0.00162125 0.00687633 
-0.0313651 -0.00162974 0.00687633 
-0.0313698 -0.00163371 0.00687615 
-0.0313848 -0.00164636 0.00687637 
-0.0313989 -0.00165922 0.00687689 
-0.0313994 -0.00165998 0.00687681 
-0.0314069 -0.00167153 0.00687559 
-0.0314209 -0.00168507 0.00687731 
-0.0314264 -0.00169762 0.00687618 
-0.0314287 -0.00170999 0.00687435 
-0.0314333 -0.00172302 0.00687396 
-0.0314348 -0.00173582 0.00687291 
-0.0314333 -0.00174846 0.0068712 
-0.0314287 -0.00176099 0.00686879 
-0.031421 -0.00177328 0.00686573 
-0.0314104 -0.00178539 0.00686199 
-0.0313979 -0.00179758 0.00685811 
-0.0313891 -0.00181048 0.00685622 
-0.0313745 -0.00182283 0.00685263 
-0.0313721 -0.00182679 0.00685248 
-0.0313634 -0.00183612 0.00685116 
-0.031352 -0.00184694 0.00684969 
-0.0313495 -0.00184934 0.00684943 
-0.0313307 -0.00186222 0.00684654 
-0.0313279 -0.00186437 0.0068463 
-0.0313106 -0.00187557 0.00684449 
-0.0313068 -0.00187766 0.00684404 
-0.0312865 -0.00188863 0.0068422 
-0.0312858 -0.0018891 0.00684225 
-0.031276 -0.00189526 0.00684306 
-0.0312854 -0.00189526 0.00684912 
-0.031293 -0.0018937 0.00685226 
-0.0313072 -0.00189047 0.00685852 
-0.0313202 -0.00188691 0.0068658 
-0.0313228 -0.00188604 0.00686695 
-0.0313363 -0.00188079 0.00687407 
-0.0313431 -0.00187724 0.00687831 
-0.0313483 -0.00187421 0.00688147 
-0.0313519 -0.00186884 0.00688686 
-0.0313528 -0.00186793 0.00688761 
-0.0313554 -0.00186155 0.00689241 
-0.0313578 -0.00185778 0.0068948 
-0.0313643 -0.00184883 0.00689978 
-0.0313649 -0.00184687 0.00690077 
-0.0313692 -0.00183567 0.00690575 
-0.0313691 -0.00183364 0.00690651 
-0.0313683 -0.00182422 0.00690969 
-0.0313673 -0.00181586 0.00691207 
-0.0313655 -0.00181241 0.00691284 
-0.0313655 -0.00180037 0.00691569 
-0.0313589 -0.00179207 0.00691676 
-0.0313549 -0.00178816 0.00691707 
-0.0313536 -0.00177565 0.00691892 
-0.0313671 -0.00176616 0.00692145 
-0.0313738 -0.00176293 0.00692244 
-0.0313952 -0.0017567 0.00692488 
-0.0314207 -0.0017576 0.00692656 
-0.031443 -0.00175701 0.00692769 
-0.0314621 -0.00175567 0.00692818 
-0.0314751 -0.00174733 0.00692856 
-0.0314767 -0.00174595 0.00692858 
-0.0314864 -0.0017351 0.00692797 
-0.0314872 -0.00173283 0.00692777 
-0.0314887 -0.00171979 0.00692617 
-0.0314886 -0.00171844 0.00692591 
-0.0314814 -0.00170444 0.00692397 
-0.0314764 -0.00169599 0.00692203 
-0.0314718 -0.00168971 0.00692036 
-0.031457 -0.00167513 0.0069163 
-0.0314551 -0.00167342 0.00691569 
-0.0314382 -0.00166019 0.00691102 
-0.0314206 -0.00164866 0.00690664 
-0.0314151 -0.00164523 0.00690517 
-0.0313883 -0.00163038 0.00689923 
-0.0313647 -0.00161848 0.00689335 
-0.0313573 -0.00161497 0.00689146 
-0.0313227 -0.00159961 0.00688331 
-0.0313477 -0.00162034 0.00686292 
-0.0313339 -0.00161549 0.00685642 
-0.0313174 -0.0016107 0.00684929 
-0.031334 -0.00162163 0.00684929 
-0.0313598 -0.00163568 0.00685349 
-0.0313807 -0.00164922 0.00685621 
-0.0314011 -0.00166304 0.00685939 
-0.031407 -0.00167006 0.00685895 
-0.0314106 -0.00167541 0.00685837 
-0.0314179 -0.00168788 0.00685714 
-0.0314178 -0.00169579 0.0068546 
-0.0314169 -0.00169941 0.0068532 
-0.0314193 -0.00171177 0.00685134 
-0.0314159 -0.00172367 0.00684779 
-0.0314161 -0.00173627 0.00684621 
-0.0314132 -0.00174871 0.00684397 
-0.0314123 -0.00174945 0.00684357 
-0.0313989 -0.00175991 0.00683787 
-0.031391 -0.00177214 0.00683468 
-0.0313809 -0.00178432 0.0068312 
-0.0313712 -0.00179687 0.00682836 
-0.0313689 -0.00180265 0.00682801 
-0.0313645 -0.00181003 0.00682721 
-0.0313523 -0.00182269 0.00682452 
-0.0313487 -0.00182958 0.00682448 
-0.031344 -0.00183639 0.00682418 
-0.0313377 -0.00184549 0.0068242 
-0.0313339 -0.00185027 0.00682418 
-0.0313244 -0.00185926 0.00682364 
-0.0313183 -0.0018639 0.00682314 
-0.0313081 -0.00187153 0.0068226 
-0.0313003 -0.00187815 0.00682313 
-0.0312968 -0.00188026 0.00682303 
-0.0312953 -0.00188456 0.00682618 
-0.0312954 -0.00188719 0.00682986 
-0.0313015 -0.00188686 0.00683519 
-0.0313073 -0.00188535 0.00683841 
-0.0313129 -0.0018836 0.00684209 
-0.0313161 -0.00188165 0.00684695 
-0.0313244 -0.00187761 0.00685157 
-0.0313295 -0.00187459 0.00685471 
-0.0313332 -0.00186922 0.00686009 
-0.0313344 -0.00186829 0.00686082 
-0.0313433 -0.00185894 0.00686747 
-0.0313439 -0.00185797 0.00686808 
-0.0313577 -0.00184689 0.00687437 
-0.0313633 -0.0018393 0.00687811 
-0.0313649 -0.00183573 0.00687969 
-0.0313623 -0.00182554 0.00688337 
-0.0313615 -0.00182443 0.00688369 
-0.0313608 -0.00181267 0.00688714 
-0.0313571 -0.00180769 0.00688815 
-0.0313508 -0.00180076 0.00688924 
-0.0313483 -0.00178855 0.00689141 
-0.0313529 -0.00177602 0.00689384 
-0.0313742 -0.00176321 0.00689728 
-0.0313767 -0.001762 0.0068976 
-0.0314019 -0.00175838 0.0068997 
-0.0314241 -0.00175747 0.00690084 
-0.0314433 -0.00175651 0.00690131 
-0.0314594 -0.00175519 0.00690111 
-0.0314698 -0.0017467 0.00690089 
-0.0314709 -0.00174529 0.0069008 
-0.0314754 -0.0017324 0.00689983 
-0.0314757 -0.00173032 0.00689956 
-0.0314751 -0.00171781 0.00689739 
-0.0314738 -0.0017146 0.00689687 
-0.0314674 -0.00170355 0.00689484 
-0.0314549 -0.00168936 0.00689202 
-0.0314517 -0.00168603 0.00689104 
-0.0314392 -0.00167465 0.0068876 
-0.0314194 -0.00166021 0.00688325 
-0.0314143 -0.00165673 0.00688187 
-0.0313958 -0.00164512 0.0068771 
-0.0313791 -0.00163575 0.00687229 
-0.0313662 -0.00162909 0.00686839 
-0.0312914 -0.00160549 0.00682957 
-0.0312972 -0.00160963 0.00682646 
-0.0312994 -0.00161122 0.00682591 
-0.031303 -0.0016154 0.0068232 
-0.0313084 -0.00162156 0.00682071 
-0.0313322 -0.00163525 0.00682397 
-0.0313396 -0.00164022 0.00682473 
-0.0313512 -0.0016485 0.00682585 
-0.0313684 -0.00166179 0.00682761 
-0.0313853 -0.00167195 0.00683146 
-0.0313925 -0.00167656 0.00683312 
-0.0313964 -0.00168185 0.00683285 
-0.0314007 -0.00168913 0.00683221 
-0.0314048 -0.00170137 0.0068303 
-0.0314027 -0.00170916 0.00682734 
-0.0314008 -0.00171272 0.00682571 
-0.0314002 -0.00172498 0.00682319 
-0.0313937 -0.00173663 0.00681898 
-0.0313895 -0.00174887 0.00681621 
-0.0313886 -0.00174962 0.0068158 
-0.0313752 -0.00176007 0.00681013 
-0.0313673 -0.00177229 0.00680695 
-0.0313566 -0.00178438 0.00680324 
-0.0313432 -0.0017964 0.00679898 
-0.0313365 -0.00180865 0.0067977 
-0.0313361 -0.00180946 0.00679763 
-0.0313189 -0.00182139 0.006793 
-0.0313103 -0.00183492 0.00679231 
-0.0313094 -0.00183709 0.00679246 
-0.0313023 -0.00184897 0.00679289 
-0.0313007 -0.00185104 0.00679291 
-0.0312891 -0.00186283 0.00679258 
-0.0312876 -0.00186409 0.00679248 
-0.0312729 -0.0018754 0.00679187 
-0.031271 -0.00187667 0.00679177 
-0.0312561 -0.00188553 0.00679093 
-0.0312541 -0.00188987 0.00679394 
-0.031256 -0.00189196 0.00679806 
-0.0312622 -0.0018917 0.0068034 
-0.031268 -0.00189039 0.0068088 
-0.0312777 -0.00188709 0.00681348 
-0.0312848 -0.00188426 0.00681719 
-0.0312898 -0.00188041 0.00682268 
-0.0312927 -0.00187852 0.00682468 
-0.0312971 -0.0018741 0.00682898 
-0.0313029 -0.00186882 0.0068332 
-0.0313084 -0.00186397 0.00683657 
-0.0313138 -0.00185832 0.00684016 
-0.0313307 -0.00184711 0.00684643 
-0.0313359 -0.00184154 0.00684921 
-0.0313402 -0.00183586 0.00685179 
-0.0313434 -0.00182444 0.00685617 
-0.0313435 -0.00182177 0.00685704 
-0.0313422 -0.00181272 0.00685964 
-0.0313437 -0.00180073 0.00686271 
-0.031353 -0.00178843 0.00686592 
-0.0313756 -0.00177969 0.00686894 
-0.0313985 -0.00177687 0.00687042 
-0.0314175 -0.0017767 0.00687076 
-0.0314267 -0.00177381 0.00687114 
-0.0314349 -0.00177074 0.00687134 
-0.0314488 -0.00176367 0.00687127 
-0.0314525 -0.00175917 0.00687133 
-0.0314579 -0.00174777 0.00687111 
-0.0314587 -0.00174525 0.00687096 
-0.0314593 -0.00173109 0.00686965 
-0.031459 -0.00172947 0.00686941 
-0.0314548 -0.00171682 0.00686743 
-0.0314502 -0.00170846 0.00686573 
-0.0314459 -0.00170229 0.00686417 
-0.0314323 -0.00168816 0.00686135 
-0.0314155 -0.00167398 0.0068579 
-0.0314143 -0.00167308 0.00685761 
-0.031395 -0.00165938 0.00685316 
-0.0313717 -0.00164515 0.00684883 
-0.0313461 -0.00163109 0.00684296 
-0.0313443 -0.00163017 0.00684255 
-0.0313136 -0.00161523 0.00683583 
-0.0312623 -0.00160529 0.00680076 
-0.0312611 -0.00160628 0.00679646 
-0.0312667 -0.00161037 0.00679494 
-0.0312697 -0.00161315 0.00679367 
-0.0312682 -0.00161697 0.00678898 
-0.0312714 -0.00162019 0.00678825 
-0.0312942 -0.00163375 0.00679112 
-0.0313209 -0.00164819 0.00679633 
-0.0313379 -0.00165766 0.00680006 
-0.031347 -0.00166296 0.0068021 
-0.0313669 -0.00167706 0.00680576 
-0.0313776 -0.00169002 0.00680595 
-0.031378 -0.00169263 0.00680514 
-0.0313781 -0.00170161 0.00680234 
-0.0313808 -0.00171394 0.0068005 
-0.031379 -0.00172055 0.00679839 
-0.0313767 -0.00172565 0.0067965 
-0.0313742 -0.00173784 0.00679383 
-0.0313675 -0.0017497 0.00679004 
-0.0313575 -0.00176144 0.00678555 
-0.0313499 -0.0017737 0.0067825 
-0.0313393 -0.00178579 0.0067788 
-0.0313268 -0.00179795 0.00677494 
-0.031323 -0.00181156 0.00677504 
-0.0313218 -0.0018156 0.0067752 
-0.0313161 -0.00182512 0.00677474 
-0.0313108 -0.00183385 0.00677466 
-0.0313074 -0.00183898 0.00677472 
-0.0312999 -0.00184807 0.0067746 
-0.0312949 -0.00185277 0.00677433 
-0.0312846 -0.00186118 0.00677368 
-0.0312774 -0.00186649 0.00677331 
-0.0312692 -0.00187199 0.00677298 
-0.0312544 -0.00188042 0.0067722 
-0.0312516 -0.0018817 0.0067719 
-0.031241 -0.00188765 0.0067728 
-0.0312292 -0.00189275 0.0067735 
-0.0312227 -0.00189512 0.00677574 
-0.0312227 -0.00189449 0.00677973 
-0.0312213 -0.00189319 0.00678347 
-0.0312261 -0.00188954 0.00678791 
-0.0312273 -0.00188826 0.00678932 
-0.0312247 -0.00188467 0.00679307 
-0.0312286 -0.00188029 0.00679652 
-0.0312307 -0.0018764 0.00679926 
-0.0312363 -0.00186995 0.0068034 
-0.0312447 -0.00186223 0.00680789 
-0.0312468 -0.00185909 0.00680956 
-0.0312648 -0.00184776 0.00681564 
-0.0312782 -0.00183632 0.00682092 
-0.0312868 -0.00182469 0.00682535 
-0.031287 -0.00182391 0.00682561 
-0.031289 -0.00181283 0.00682883 
-0.0313006 -0.00180073 0.00683265 
-0.0313146 -0.00179449 0.00683507 
-0.0313422 -0.00179037 0.00683771 
-0.0313548 -0.00178771 0.00683891 
-0.0313668 -0.00178479 0.00683993 
-0.0313867 -0.00178233 0.00684072 
-0.0314031 -0.00178064 0.00684062 
-0.0314174 -0.00177621 0.00684035 
-0.0314232 -0.00177158 0.00684048 
-0.0314296 -0.00176585 0.00684025 
-0.0314361 -0.00175699 0.00683942 
-0.031437 -0.00175444 0.00683923 
-0.0314382 -0.00174299 0.00683844 
-0.0314358 -0.00173124 0.00683751 
-0.031435 -0.00172908 0.00683723 
-0.0314275 -0.00171582 0.00683676 
-0.031417 -0.00170227 0.00683535 
-0.0314035 -0.00168804 0.00683233 
-0.0313946 -0.00168003 0.00683 
-0.0313864 -0.00167338 0.00682783 
-0.0313658 -0.00165895 0.00682342 
-0.03135 -0.00164917 0.00681947 
-0.0313408 -0.00164389 0.00681717 
-0.0313132 -0.00162913 0.00681137 
-0.0312834 -0.00161464 0.00680566 
-0.0311446 -0.0015723 0.0067637 
-0.0311395 -0.00156935 0.00675898 
-0.0311317 -0.00156639 0.00675364 
-0.0311409 -0.0015699 0.00675421 
-0.031164 -0.00157946 0.00675549 
-0.0311703 -0.00158229 0.0067557 
-0.0312033 -0.0015963 0.00676079 
-0.0312323 -0.00160995 0.00676476 
-0.0312581 -0.00162346 0.00676803 
-0.0312833 -0.00163737 0.00677186 
-0.0312844 -0.00163815 0.00677191 
-0.0313004 -0.00165015 0.00677259 
-0.0313187 -0.00166357 0.00677474 
-0.0313303 -0.00167624 0.00677459 
-0.0313432 -0.00168955 0.00677573 
-0.0313528 -0.00170263 0.00677618 
-0.0313528 -0.00170336 0.00677599 
-0.0313533 -0.00171457 0.00677331 
-0.0313582 -0.00172762 0.00677302 
-0.0313577 -0.00174006 0.00677108 
-0.0313508 -0.00175182 0.0067671 
-0.0313442 -0.001764 0.00676382 
-0.0313378 -0.00177645 0.0067613 
-0.0313338 -0.00178959 0.00676041 
-0.0313302 -0.00180105 0.0067602 
-0.0313294 -0.00180314 0.0067602 
-0.0313191 -0.00181603 0.00675816 
-0.031309 -0.00182712 0.00675656 
-0.031307 -0.00182906 0.00675627 
-0.0312928 -0.00184237 0.0067546 
-0.0312905 -0.00184446 0.00675445 
-0.0312757 -0.00185588 0.00675319 
-0.0312727 -0.00185787 0.00675292 
-0.0312528 -0.00186915 0.0067508 
-0.0312504 -0.00187036 0.00675051 
-0.0312342 -0.00187864 0.00674988 
-0.0312235 -0.00188294 0.00674884 
-0.0312096 -0.00188798 0.0067473 
-0.0311984 -0.00189181 0.00674831 
-0.0311958 -0.00189194 0.00675162 
-0.0311987 -0.00188921 0.0067565 
-0.0312006 -0.00188831 0.00675747 
-0.0312086 -0.00188276 0.00676335 
-0.0312126 -0.00187898 0.00676678 
-0.0312186 -0.00187428 0.00677045 
-0.0312264 -0.00186871 0.00677437 
-0.0312361 -0.00185993 0.00677987 
-0.0312372 -0.00185806 0.00678094 
-0.0312469 -0.00184699 0.0067867 
-0.0312526 -0.00184062 0.00678966 
-0.0312559 -0.00183567 0.00679175 
-0.0312692 -0.00182401 0.00679658 
-0.0312826 -0.00181205 0.00680096 
-0.0312964 -0.00180671 0.00680319 
-0.0313181 -0.00179943 0.00680607 
-0.031326 -0.00179674 0.00680701 
-0.0313463 -0.00179431 0.00680787 
-0.0313628 -0.00179289 0.00680775 
-0.0313779 -0.00178846 0.00680768 
-0.031384 -0.0017838 0.00680819 
-0.0313934 -0.00177523 0.00680865 
-0.0313978 -0.00176988 0.00680871 
-0.0314031 -0.0017607 0.00680845 
-0.031405 -0.00175579 0.00680804 
-0.0314044 -0.0017426 0.00680844 
-0.0314025 -0.00173214 0.00680751 
-0.0314013 -0.00172862 0.00680709 
-0.0313942 -0.0017148 0.00680547 
-0.0313836 -0.00170104 0.00680361 
-0.0313759 -0.00169283 0.00680197 
-0.0313696 -0.00168688 0.00680063 
-0.0313529 -0.00167351 0.00679886 
-0.0313482 -0.00167013 0.00679832 
-0.0313332 -0.00165999 0.00679641 
-0.0313103 -0.00164624 0.00679312 
-0.0312843 -0.00163228 0.00678912 
-0.0312554 -0.00161824 0.00678446 
-0.0312235 -0.00160408 0.00677914 
-0.0311884 -0.00158972 0.00677315 
-0.0311506 -0.00157481 0.00676551 
-0.0312231 -0.00161982 0.00674581 
-0.0312078 -0.00161426 0.00673914 
-0.0312232 -0.00162367 0.00673916 
-0.0312363 -0.00163225 0.00673957 
-0.0312416 -0.00163622 0.00673946 
-0.0312607 -0.00164939 0.00674123 
-0.0312763 -0.00166235 0.00674217 
-0.0312822 -0.00166934 0.00674172 
-0.0312858 -0.00167467 0.00674112 
-0.0312962 -0.00168758 0.00674122 
-0.0313053 -0.00170057 0.00674142 
-0.0313067 -0.00171268 0.00673906 
-0.0313101 -0.00172548 0.00673814 
-0.0313116 -0.00173823 0.00673707 
-0.0313101 -0.00175082 0.00673535 
-0.0313066 -0.00176346 0.00673341 
-0.0313025 -0.00177626 0.00673184 
-0.0313015 -0.00178992 0.00673233 
-0.0313018 -0.00179134 0.00673261 
-0.0313018 -0.00180442 0.0067345 
-0.0313014 -0.00180662 0.00673475 
-0.0312968 -0.00181863 0.0067357 
-0.0312956 -0.0018208 0.00673579 
-0.0312859 -0.00183252 0.00673567 
-0.0312838 -0.00183457 0.00673556 
-0.031269 -0.00184623 0.00673454 
-0.0312671 -0.00184747 0.00673436 
-0.0312482 -0.00185853 0.00673287 
-0.0312458 -0.00185973 0.00673255 
-0.0312205 -0.00187068 0.00672928 
-0.0312151 -0.00187282 0.00672907 
-0.0312022 -0.00187741 0.00672838 
-0.0311922 -0.00187988 0.0067298 
-0.0311981 -0.00187629 0.00673444 
-0.0311998 -0.00187497 0.00673594 
-0.0312132 -0.00186656 0.00674322 
-0.0312159 -0.00186473 0.00674462 
-0.031228 -0.0018561 0.00675052 
-0.0312374 -0.0018484 0.00675512 
-0.0312401 -0.00184523 0.00675688 
-0.0312569 -0.00183382 0.00676253 
-0.0312786 -0.0018219 0.00676761 
-0.0312817 -0.00182068 0.00676807 
-0.031306 -0.00181283 0.00677042 
-0.031316 -0.00180852 0.00677148 
-0.031328 -0.00180287 0.00677249 
-0.0313416 -0.00179485 0.00677347 
-0.0313464 -0.00179094 0.00677397 
-0.0313548 -0.00178164 0.00677518 
-0.0313624 -0.00177053 0.00677586 
-0.0313638 -0.00176805 0.00677585 
-0.031367 -0.00175482 0.00677651 
-0.0313656 -0.00174194 0.00677744 
-0.0313627 -0.00172909 0.00677655 
-0.0313623 -0.00172816 0.00677644 
-0.0313553 -0.00171451 0.00677516 
-0.0313448 -0.00170076 0.00677329 
-0.0313311 -0.00168694 0.00677106 
-0.0313241 -0.00168066 0.00676938 
-0.0313139 -0.00167252 0.00676706 
-0.0312936 -0.00165827 0.00676302 
-0.0312748 -0.00164662 0.00675827 
-0.0312688 -0.00164319 0.00675673 
-0.0312408 -0.00162827 0.00675053 
-0.0312109 -0.00163523 0.00671914 
-0.0312031 -0.00163327 0.00671374 
-0.0312076 -0.00163731 0.00671257 
-0.0312173 -0.00164573 0.00671157 
-0.0312208 -0.00164923 0.00671115 
-0.0312369 -0.00166224 0.00671226 
-0.0312495 -0.00167503 0.00671252 
-0.0312537 -0.00168193 0.0067117 
-0.031256 -0.00168726 0.00671082 
-0.0312633 -0.00169993 0.00671026 
-0.0312693 -0.00171274 0.00670981 
-0.0312677 -0.00172474 0.00670678 
-0.031268 -0.00173729 0.00670519 
-0.0312665 -0.00174986 0.00670348 
-0.031263 -0.00176248 0.00670153 
-0.0312589 -0.00177526 0.00669998 
-0.0312579 -0.0017889 0.00670046 
-0.0312582 -0.00179032 0.00670071 
-0.0312589 -0.00180351 0.00670295 
-0.0312588 -0.00180485 0.00670314 
-0.0312605 -0.0018142 0.00670642 
-0.031259 -0.00181905 0.00670735 
-0.0312559 -0.00182473 0.00670812 
-0.0312572 -0.00182919 0.00671185 
-0.0312506 -0.00183544 0.00671262 
-0.0312477 -0.00183762 0.00671271 
-0.0312426 -0.00184162 0.00671504 
-0.0312372 -0.001844 0.00671751 
-0.0312308 -0.00184514 0.00671988 
-0.0312272 -0.00184313 0.00672319 
-0.0312282 -0.00184212 0.0067239 
-0.0312479 -0.0018306 0.00672957 
-0.0312507 -0.00182942 0.00672995 
-0.0312749 -0.00181766 0.00673309 
-0.0312773 -0.00181632 0.00673339 
-0.0312952 -0.00180445 0.00673559 
-0.0313001 -0.00180032 0.00673631 
-0.0313091 -0.0017914 0.00673764 
-0.0313173 -0.00177888 0.00674021 
-0.031323 -0.00176652 0.00674118 
-0.0313232 -0.00176563 0.00674122 
-0.0313251 -0.00175272 0.00674238 
-0.031324 -0.00173937 0.00674231 
-0.0313194 -0.00172619 0.00674239 
-0.0313118 -0.00171318 0.00674232 
-0.0313018 -0.00169999 0.00673995 
-0.0313011 -0.00169911 0.00673976 
-0.0312871 -0.00168531 0.00673752 
-0.0312698 -0.00167113 0.00673396 
-0.0312493 -0.00165692 0.00672996 
-0.0312422 -0.00165248 0.0067281 
-0.0312232 -0.00164151 0.00672287 
-0.0311601 -0.00163521 0.00668178 
-0.0311622 -0.00163692 0.00668147 
-0.0311769 -0.00164902 0.00668062 
-0.0311804 -0.00165211 0.00668047 
-0.0311892 -0.00166126 0.00667977 
-0.0312051 -0.00167464 0.00668159 
-0.0312133 -0.00168708 0.00668057 
-0.031222 -0.00169994 0.00668054 
-0.031222 -0.00170067 0.00668036 
-0.0312222 -0.00171178 0.00667755 
-0.031227 -0.00172476 0.00667721 
-0.0312241 -0.00173678 0.00667426 
-0.031219 -0.00174877 0.00667107 
-0.0312147 -0.00176125 0.00666875 
-0.0312142 -0.00177459 0.00666873 
-0.0312169 -0.00178145 0.0066703 
-0.0312223 -0.00178992 0.00667355 
-0.0312235 -0.00179229 0.00667445 
-0.0312327 -0.00179685 0.00667985 
-0.0312425 -0.00179776 0.00668581 
-0.0312466 -0.00179583 0.00668784 
-0.0312608 -0.00178533 0.00669504 
-0.0312615 -0.00178465 0.00669538 
-0.0312698 -0.00177399 0.00670003 
-0.0312742 -0.00176138 0.00670212 
-0.0312757 -0.00174879 0.00670384 
-0.0312742 -0.00173604 0.00670493 
-0.0312696 -0.00172306 0.00670536 
-0.031262 -0.00170999 0.00670512 
-0.0312515 -0.00169686 0.00670445 
-0.0312375 -0.00168352 0.0067013 
-0.0312364 -0.00168256 0.00670105 
-0.0312191 -0.00166875 0.00669823 
-0.0311975 -0.00165426 0.00669351 
-0.0311837 -0.0016464 0.00668964 
-0.0311661 -0.00163785 0.00668379 
