0.21113 0.46812 -0.32238
0.35856 0.23617 -0.50243
-0.085812 0.080268 0.26921
0.48289 -0.4827 0.54378
0.35536 0.080787 0.38323
-0.51794 0.25986 -0.33378
0.72504 -0.35252 0.46441
-0.11094 -0.48808 -0.90026
0.14744 1.2942 -0.46352
-0.30593 0.67376 -0.41482
-0.43226 1.1988 -0.82316
0.27659 -0.55698 -0.61229
-0.04818 -0.088036 0.29253
-0.29112 0.82312 -0.36301
-0.41566 0.18836 -0.53278
0.74134 0.36812 -0.28737
-0.50043 -0.3035 0.056959
1.2239 -0.4347 -0.18806
-0.32713 -0.073285 -0.65569
-0.50375 0.64309 -0.085289
-0.09595 0.45197 0.11489
0.7062 -0.43664 -0.5476
-0.50303 -0.61088 0.32178
-0.16731 0.58892 0.21805
0.6458 0.21587 0.29177
0.69386 -0.22085 -0.57146
-0.44697 0.61094 -0.19691
-0.37812 -0.50136 -0.79367
-0.086707 0.15875 -0.71691
-0.0536 0.18916 -0.69303
0.57232 0.45412 0.16478
0.41258 -0.62741 -0.31598
-0.80764 -0.10594 0.0025711
-0.11648 0.54634 -0.16549
0.51087 -0.59725 0.48457
0.017174 -0.3957 0.36253
1.0159 0.20688 0.084846
0.63598 -0.55666 -0.55813
0.03219 -0.23361 0.40145
0.63943 -0.28758 0.53272
0.58538 -0.082549 -0.61183
-0.55156 0.21193 0.49944
0.20109 0.20025 0.25942
-0.63228 -0.64265 0.16119
0.6453 0.196 0.3106
0.38051 0.39446 0.17652
-0.68913 0.1933 -0.13338
0.86881 0.32386 -0.20235
0.77423 0.46086 -0.1346
0.22472 -0.54356 0.50331
0.97553 -0.20531 -0.30346
-0.071099 -0.44544 0.25857
1.0779 -0.09742 -0.060257
-0.46994 1.1145 -0.8517
0.97169 -0.69267 0.16131
0.33534 0.44899 0.072002
1.1494 -0.53848 -0.20977
-0.10915 0.61584 -0.17441
1.1962 -0.46707 -0.21026
-0.21067 0.70585 0.18751
-0.51189 -0.086592 0.31781
0.43358 0.56089 -0.14775
-0.20532 -0.27368 -0.58305
-0.28545 -0.03776 0.31186
0.13119 -0.74533 0.41958
1.0022 0.22737 -0.025964
0.6397 -0.73391 0.085025
-0.30701 0.87243 -0.39213
-0.035971 -0.14882 0.28274
-0.60018 -0.15848 0.25944
-0.47849 0.19607 -0.43472
-0.42527 1.0362 -0.85817
0.24205 0.20469 0.2704
1.2251 -0.59345 0.054234
0.066465 0.85217 -0.24899
-0.33874 -0.12685 -0.65199
0.85253 -0.24389 0.40516
0.98912 -0.063072 -0.26094
-0.32069 -0.56846 -0.22358
-0.30267 -0.30469 0.24642
-0.68121 -0.15189 0.20395
-0.26443 0.69913 -0.23209
-0.45249 0.36886 -0.33534
0.81001 -0.02047 -0.44135
-0.74059 -0.6478 0.28144
-0.17687 -0.028998 -0.65923
1.3046 -0.35125 0.094882
-0.34637 0.71942 -0.036018
-0.19344 -0.61504 0.4519
-0.42872 1.0888 -0.6065
-0.089412 0.62086 -0.076198
0.012245 -0.5035 0.38146
-0.35217 0.61431 -0.38305
-0.41938 -0.17935 0.30158
-0.3308 -0.67851 0.25678
-0.4492 0.93534 -0.69366
0.39611 -0.45512 0.56418
-0.49303 1.1963 -0.73503
-0.32634 0.10506 0.25746
0.41145 -0.53799 -0.47065
0.41191 -0.35041 -0.72851
0.15492 1.308 -0.44983
-0.021083 0.72614 -0.11876
0.40636 0.093555 -0.62116
0.053948 -0.51079 -0.44561
-0.42416 0.6657 -0.20293
-0.65696 -0.2631 -0.36563
-0.68428 -0.24673 0.09403
0.2439 -0.13005 -0.7907
1.0435 -0.15851 -0.18138
1.266 -0.51943 0.14166
0.85147 -0.39728 0.38654
0.09291 -0.5232 -0.77403
0.089979 -0.72472 0.49554
0.33787 0.36226 0.18858
-0.20283 -0.40042 0.21912
0.022304 0.41805 -0.28904
0.086708 1.2506 -0.25546
-0.45621 0.64173 -0.16175
0.14401 -0.45076 -0.77709
0.58509 0.53163 0.049635
0.082509 -0.31027 0.47249
-0.36125 0.98992 -0.49229
0.81545 -0.079047 0.44373
-0.20174 -0.36184 -0.88822
-0.78537 -0.056002 -0.44891
0.069962 0.20385 -0.68907
0.14175 0.21163 -0.65753
-0.080557 0.84208 -0.27217
-0.066094 0.76616 -0.25107
-0.6502 -0.12303 -0.61427
0.11197 0.43844 -0.21234
0.21644 0.46422 -0.10341
0.83625 -0.11451 0.43487
1.0396 0.069965 0.17551
0.75444 -0.51789 0.4011
-0.19396 0.61927 -0.21375
-0.021296 -0.24658 0.29092
1.0019 0.21901 -0.065367
-0.53043 0.48039 -0.1493
0.15678 -0.41991 0.51364
0.24795 -0.56534 -0.26231
-0.30353 0.54065 -0.30316
1.0718 -0.65202 0.18282
-0.26182 0.45433 0.28645
0.29595 -0.75612 0.45093
0.54474 0.075049 0.42088
-0.065729 -0.55328 -0.22832
0.83701 0.040658 0.39893
-0.27629 -0.21214 -0.60444
-0.22615 -0.18082 0.28516
0.78067 -0.7286 -0.035622
0.92448 0.06775 -0.32249
0.036042 -0.72753 0.37361
-0.49671 0.55725 -0.13631
0.28895 -0.3125 0.56091
0.50965 0.076889 -0.57947
0.23885 -0.6507 0.17428
0.64547 -0.36162 -0.62642
0.24588 0.29838 -0.47773
0.31758 0.17786 0.30835
0.0049713 0.11472 -0.78727
0.107 0.30142 -0.50063
-0.092369 0.73587 -0.23792
0.56283 -0.60747 -0.53832
-0.75082 -0.022734 0.057904
-0.50016 -0.18611 0.27237
-0.14205 -0.040967 -0.75242
0.033517 -0.15518 0.42602
-0.31512 0.63292 -0.38548
-0.66075 0.13216 0.029014
-0.59973 0.56783 0.20343
-0.21724 0.37504 -0.34809
0.66899 0.44132 -0.26707
-0.33875 -0.39887 0.22985
0.18002 0.23274 0.21547
-0.42446 0.00041971 0.29793
-0.64441 0.12677 0.08091
-0.48129 0.59646 0.34623
0.76378 -0.63299 0.34307
-0.77314 -0.57094 -0.18446
0.00073895 -0.35654 0.32305
0.10648 1.3652 -0.35639
0.69204 -0.41482 -0.57191
0.39775 -0.30147 -0.73287
-0.31187 0.89656 -0.45468
-0.13269 0.19556 0.19304
0.043538 -0.72308 0.5064
-0.049597 0.043766 -0.83094
-0.37038 0.6013 -0.35728
0.39183 0.15763 -0.59518
-0.1219 0.73029 -0.030525
0.37662 0.24565 0.29036
0.73116 0.25015 0.28472
0.09977 -0.68332 0.49442
-0.73599 -0.27401 -0.16056
-0.46767 -0.40309 0.11873
-0.81647 -0.21119 -0.2028
1.0275 -0.68309 0.12485
-0.29012 0.7455 -0.41019
0.45874 0.32832 0.25849
0.088446 1.0322 -0.26073
0.83639 -0.73027 0.01816
0.21533 0.27135 -0.49523
-0.7585 -0.090715 -0.53731
0.38177 0.41975 0.14446
-0.069666 0.45858 0.01995
-0.3279 0.3979 -0.35283
1.1725 -0.59593 0.1745
-0.042415 0.41876 -0.069101
-0.61239 0.53034 0.043852
-0.31713 -0.18355 0.29637
0.47353 -0.31946 0.56473
-0.07682 0.98251 -0.28272
-0.82175 -0.079579 -0.3061
1.1413 -0.56057 -0.19607
-0.61134 -0.29414 -0.044606
1.0782 -0.6297 0.21568
-0.31686 0.20412 -0.57541
-0.38258 1.0279 -0.53337
0.89911 0.38519 0.029766
0.027266 0.37757 -0.40692
0.7471 -0.2323 -0.52987
0.80491 -0.5195 0.36901
0.7438 0.17492 -0.39278
0.40925 -0.62185 0.47839
-0.56457 -0.52775 -0.57276
-0.40763 0.64399 -0.28515
0.58063 -0.73018 0.089419
0.4942 -0.71682 0.070356
-0.68908 -0.085579 0.19686
0.042909 0.80163 -0.16014
-0.11114 -0.43633 0.2084
0.84291 0.40541 -0.13631
-0.009696 0.21363 -0.61674
-0.22649 0.65861 -0.20689
-0.34045 0.19202 -0.57343
-0.4355 -0.64826 0.13404
1.1607 -0.60918 -0.089892
0.85927 -0.71179 -0.11285
0.14614 -0.45648 0.48861
0.14841 1.267 -0.46174
-0.055718 0.41231 0.042311
0.83344 0.10952 -0.37803
0.12691 -0.13617 0.52762
0.40815 0.23955 -0.47763
0.28866 -0.026316 0.52537
-0.12035 0.50171 -0.19211
1.0127 -0.38086 -0.28474
1.0593 0.066833 0.13311
-0.44552 1.235 -0.83746
-0.56887 -0.34079 -0.57701
-0.48817 0.088681 0.241
0.24409 0.50101 -0.19729
0.75177 0.24396 -0.35887
0.60991 0.24223 0.29211
0.32943 0.30123 -0.45583
-0.42699 0.34519 -0.35798
1.0092 -0.23415 -0.2308
-0.67917 -0.37594 -0.49028
-0.039016 -0.24044 0.2624
1.0639 -0.54773 0.28177
-0.17319 -0.45484 -0.68364
-0.5563 -0.30104 0.0024085
0.37356 0.44533 0.10635
0.68384 0.50426 -0.17313
-0.74232 0.0050616 -0.36503
-0.62387 0.48828 0.19861
-0.6425 -0.28427 -0.29874
0.73575 -0.12026 0.48305
0.087747 1.2857 -0.40878
-0.094048 0.0468 -0.81324
1.0361 -0.021121 0.21608
0.48526 0.56481 -0.11382
0.093079 0.021294 -0.8063
-0.29035 0.62397 0.3281
0.36992 0.22634 -0.52272
-0.52703 0.13371 -0.51828
1.2261 -0.40376 0.21364
-0.58147 -0.3089 -0.16608
0.82922 0.15463 0.33473
-0.8548 -0.13716 -0.1747
0.11485 -0.35355 0.48965
0.18282 0.12236 0.30558
0.9087 -0.22938 0.37503
-0.65429 -0.15779 0.22258
-0.48364 1.049 -0.70733
0.77833 -0.35275 0.42208
0.82255 -0.39855 0.40917
-0.26923 -0.64093 0.11188
0.99341 0.0086307 0.29018
-0.61852 0.15328 0.4297
-0.74625 -0.54553 0.19792
-0.73455 -0.23192 0.060978
0.73531 -0.64939 -0.26511
-0.38499 -0.37902 -0.73706
0.50153 -0.64536 -0.3141
0.90036 -0.22721 -0.39648
-0.325 -0.48224 -0.61565
-0.79335 -0.62854 0.2233
0.88621 0.38111 -0.072043
-0.12955 0.88076 -0.10759
0.65624 0.47937 -0.23213
0.19268 0.44297 -0.074324
-0.31321 -0.6665 0.35465
0.061574 -0.17309 0.48436
0.83215 0.18802 -0.33279
-0.60273 -0.033597 0.24682
-0.3893 0.60556 -0.31479
0.8022 -0.20838 0.463
0.37903 0.32804 0.23686
-0.47708 -0.17009 -0.59952
-0.53455 -0.41634 -0.0050689
-0.69456 -0.46661 -0.23919
0.94567 -0.26396 0.33853
0.15501 0.37062 -0.44243
-0.14999 0.35572 0.23037
0.45641 -0.35899 -0.70435
0.023236 -0.034177 -0.8505
0.20597 0.4026 -0.40281
-0.54964 0.0188 -0.66866
-0.04686 0.28078 -0.53211
-0.30809 -0.14186 -0.64075
0.79093 0.44335 -0.14608
0.66368 0.4639 -0.24743
0.17948 -0.055441 -0.79018
-0.81936 -0.11863 -0.053487
0.79381 0.23194 -0.34147
-0.22449 0.73428 0.0009217
-0.032124 -0.52547 0.39073
0.76413 -0.010095 -0.46273
0.037752 0.27915 0.13973
-0.56867 0.1669 0.46148
0.5935 -0.16377 0.53796
-0.82075 -0.55479 -0.25338
-0.45562 1.2128 -0.91746
-0.66597 0.32758 0.17636
-0.39988 0.69477 0.16477
-0.58184 -0.52512 0.2715
-0.46874 -0.65496 0.32537
0.36262 -0.5224 -0.51484
0.11983 1.1062 -0.3761
0.53756 0.4243 0.18743
-0.30897 0.7115 -0.44824
-0.41607 -0.54205 -0.48897
0.22774 0.10454 -0.7139
0.11696 -0.39737 -0.78112
-0.20974 0.38862 -0.32759
1.0195 0.10123 -0.16315
-0.32963 0.25734 -0.50067
-0.12011 0.48215 -0.20497
-0.40406 0.29473 0.50842
0.49695 0.30458 0.28101
-0.59174 0.065797 -0.58245
-0.4359 1.1091 -0.64121
0.031108 0.77009 -0.17621
0.51512 -0.4596 -0.65706
-0.86878 -0.45563 -0.47191
0.52043 -0.32093 0.5657
0.93594 0.10808 0.29343
-0.13141 0.68741 -0.21989
-0.52678 -0.0834 0.30899
0.58679 -0.73606 0.12916
-0.42166 -0.55192 -0.4404
-0.6484 0.3538 0.16558
0.22295 -0.068848 0.52944
0.24326 -0.16571 -0.79792
0.63173 -0.1231 0.52029
-0.32482 0.79769 -0.25086
-0.12143 -0.54994 -0.23519
0.51452 0.55704 -0.049281
-0.3877 1.0441 -0.56821
-0.56354 0.092241 0.23079
-0.14787 0.51634 -0.22041
-0.78369 -0.53158 0.090001
0.85279 0.19434 -0.31574
0.18626 -0.17429 0.55129
-0.077625 0.49264 -0.050874
0.77891 0.47585 -0.077603
0.29167 0.36898 0.14597
0.97186 0.28983 0.04188
0.66503 0.39074 -0.30694
-0.7001 0.055308 -0.33897
0.37614 0.021051 -0.68409
0.99962 -0.26899 0.27091
-0.21017 0.33704 0.29461
0.48149 -0.066147 0.54466
0.66904 -0.70756 0.025427
0.86694 -0.33881 -0.41308
0.025432 -0.57563 -0.15081
0.67248 -0.055325 -0.54764
0.768 0.24752 0.28182
-0.3687 0.18595 -0.57277
-0.60642 0.57745 0.17159
0.066686 -0.05194 -0.84499
-0.73093 -0.00041899 -0.47101
0.12007 1.1982 -0.42399
0.1435 0.30359 -0.49634
0.94123 -0.39139 -0.30096
0.13351 0.25038 -0.53579
-0.20465 -0.47736 -0.54999
0.12581 -0.057297 0.46202
0.69311 -0.69279 -0.08974
0.41252 -0.59422 0.51388
0.27023 -0.3803 -0.76011
-0.7595 0.006817 -0.020292
-0.35109 0.26082 0.45849
-0.49341 -0.23941 0.22293
-0.47105 -0.32827 0.05681
0.68321 0.42035 -0.27323
-0.11239 -0.057674 -0.79673
-0.67609 -0.53814 -0.48787
1.1721 -0.61695 -0.04336
-0.027792 1.1037 -0.30958
-0.69631 -0.59651 0.30304
-0.42458 0.25808 -0.3873
0.87199 0.3868 -0.10555
0.2649 -0.50454 -0.54102
0.79554 0.43657 0.13609
0.11946 0.88125 -0.18933
0.78691 0.34177 0.22957
-0.1517 0.79789 -0.066963
-0.71171 0.18309 -0.042696
-0.60287 -0.57339 -0.28108
-0.011888 -0.14134 0.31756
-0.81941 -0.46923 -0.33799
-0.37467 0.34958 -0.36729
0.81058 0.26088 0.26657
0.49955 0.35226 0.24908
1.1611 -0.62617 0.13825
0.21819 -0.5213 -0.60428
-0.098674 -0.27672 -0.78002
0.77834 -0.6925 0.23875
-0.18813 0.69109 0.22341
0.89286 -0.20289 0.39437
0.015898 0.022906 -0.83317
-0.24744 0.66945 0.27939
-0.651 0.012693 -0.59285
0.39621 0.46249 -0.3546
-0.60666 0.42435 0.43686
-0.016981 0.70871 -0.14425
0.088662 -0.25512 -0.83992
-0.67516 0.24984 -0.11456
-0.69628 -0.018661 0.13467
-0.40744 1.097 -0.7798
0.75864 0.45784 -0.16396
-0.78947 -0.55623 -0.33942
-0.24098 0.36796 0.30268
-0.29821 0.75335 -0.43921
0.29999 0.18993 -0.61454
-0.82412 -0.13895 -0.025686
-0.18342 0.086892 -0.63775
0.19661 0.073743 0.3286
0.458 -0.62152 -0.36197
-0.78027 -0.40224 -0.49622
1.0694 -0.21045 -0.14161
-0.77092 -0.54175 -0.4567
-0.63504 -0.24693 0.1399
-0.84359 -0.11731 -0.31577
-0.080627 0.66108 -0.064134
-0.12965 0.51551 -0.19814
-0.34214 -0.075927 0.32458
-0.33739 0.57353 -0.32276
0.8204 0.17269 0.31888
1.1159 -0.21566 -0.057493
-0.66229 0.087723 -0.33956
-0.079565 0.20777 -0.57639
-0.82136 -0.064391 -0.046473
0.17595 0.39695 -0.40552
-0.25994 -0.49824 -0.86189
-0.48074 1.0923 -0.78021
-0.10742 0.092385 0.28044
0.3763 0.5402 -0.12465
0.41593 0.33761 0.24003
0.56009 -0.40636 0.5383
-0.054367 0.36114 -0.42496
-0.71868 -0.53054 -0.54348
-0.62633 -0.44125 -0.24361
-0.027846 0.23081 -0.56344
-0.41918 1.147 -0.7805
-0.18686 0.26022 -0.53812
0.85913 -0.075902 0.40895
-0.23868 -0.56372 0.34954
-0.4211 0.73782 -0.45123
-0.24127 -0.47918 -0.94513
0.97622 0.28172 0.081092
-0.39101 1.0623 -0.66763
0.64933 -0.64993 -0.33248
0.64323 0.48974 0.12665
0.58581 -0.30214 -0.66765
0.22983 0.4605 -0.069094
-0.062386 -0.11771 0.28187
1.1145 -0.63741 -0.09355
-0.042479 -0.14141 -0.83783
0.48244 0.19055 0.3254
1.2113 -0.33791 -0.18574
0.48175 -0.28301 0.56837
-0.31156 0.36246 -0.36357
0.11123 -0.53461 0.45103
0.75417 0.45406 0.1272
0.28247 0.0086344 0.48091
0.016916 1.1605 -0.20315
-0.4292 0.84977 -0.55319
-0.52538 -0.64773 0.16455
-0.083139 0.2347 0.15673
-0.23191 -0.09772 0.31386
-0.18014 0.23625 0.20988
-0.77177 -0.035096 -0.44862
1.2986 -0.4581 -0.036462
-0.078058 0.36467 0.11962
0.018968 0.42987 -0.14614
1.0434 -0.11587 -0.1818
0.41275 -0.38265 -0.71569
1.0413 -0.52308 0.27725
-0.65988 0.051381 0.090166
1.01 -0.50126 -0.30334
-0.40639 -0.60884 0.30076
1.0287 0.17018 0.089592
0.079985 0.41218 -0.07739
0.77663 0.48246 -0.038814
1.2635 -0.44054 0.17652
0.49622 -0.10166 -0.66824
-0.47993 1.0041 -0.65648
-0.21215 -0.099913 -0.62838
-0.016165 0.38603 -0.38406
-0.092925 -0.21418 0.26155
0.32785 -0.54468 0.55356
-0.12954 -0.45617 -0.6776
0.47706 -0.35361 0.56906
0.21611 0.085854 0.31915
-0.19832 0.22816 -0.56308
-0.35605 0.16918 -0.59605
-0.14846 0.058805 0.28795
-0.82038 -0.51925 -0.61483
0.90068 -0.18954 -0.39221
0.8291 0.43141 0.10721
0.53675 0.30891 0.27981
-0.13504 -0.10632 -0.7476
0.097459 0.98144 -0.23333
-0.33576 -0.29457 0.22454
-0.48668 1.1909 -0.86662
-0.55343 0.18401 0.48562
-0.29635 0.85333 -0.42193
0.80515 0.33727 -0.26503
-0.14309 -0.21524 -0.69373
-0.59759 -0.29931 -0.064937
-0.67769 0.27477 -0.061406
-0.21468 0.49678 0.24397
-0.39647 1.0535 -0.7417
-0.7305 0.16038 0.37243
-0.25312 0.68119 0.26243
-0.14137 -0.47338 -0.58677
-0.39421 0.1231 -0.63144
0.26982 -0.55251 0.51817
1.0966 -0.52626 -0.25921
-0.69043 0.24458 -0.069703
0.028138 0.23647 0.16296
-0.50645 1.0252 -0.58646
0.17337 0.076122 0.32665
-0.55613 -0.26341 -0.49971
-0.77059 -0.22301 0.010323
-0.77735 -0.077493 0.057014
-0.16289 0.62896 0.20861
-0.33449 -0.34279 -0.7195
0.094694 -0.01231 -0.82152
-0.38779 0.74342 -0.19505
0.84923 -0.17905 -0.43667
0.10005 0.87676 -0.24473
1.2792 -0.50251 -0.040822
0.35138 -0.067977 0.54866
0.70593 0.49496 0.090527
0.45081 0.16326 0.33488
-0.75831 -0.078039 0.087881
-0.59525 0.57699 -0.0021362
1.0164 -0.030861 -0.21049
-0.39498 1.0191 -0.7423
-0.64653 -0.2573 0.1075
0.96352 -0.056556 -0.29403
0.13453 0.45153 -0.23559
-0.49835 0.14397 -0.52836
-0.31773 0.73331 -0.15375
0.66194 0.50276 -0.19674
-0.43138 -0.65937 0.19067
-0.17195 0.71181 0.1416
-0.1655 -0.50451 -0.83347
-0.14547 0.70143 0.13206
1.0253 0.070461 0.20685
-0.6645 -0.11098 0.2286
0.25088 0.23887 0.2502
-0.16387 -0.58218 -0.13004
-0.38144 0.69375 -0.51303
0.95186 0.17604 0.23584
-0.41079 -0.54812 -0.31049
0.91202 0.26463 0.22013
-0.70578 -0.011151 -0.52763
-0.58 -0.48692 0.20392
0.51437 -0.13715 0.56613
-0.32933 -0.50315 -0.77812
0.68247 -0.28799 -0.61285
0.61346 0.43237 -0.30662
0.052268 1.0496 -0.34293
-0.019189 0.19677 0.19901
-0.33914 0.28601 -0.41998
-0.31999 0.24636 -0.52456
0.68244 -0.63755 0.39733
-0.11115 -0.58293 -0.082075
-0.1418 0.90076 -0.14331
0.71443 -0.10023 -0.53575
-0.71602 0.17427 -0.000806
0.32952 0.53069 -0.15529
1.3118 -0.42961 0.052013
-0.38492 0.46105 0.45832
-0.46426 1.0563 -0.82627
0.30586 -0.62171 0.43965
0.091777 1.0071 -0.24799
-0.61789 -0.26807 -0.37143
0.46037 0.45629 0.13924
0.37058 -0.68211 0.062377
0.38451 -0.6891 -0.043127
0.072156 0.24047 -0.54744
-0.0015659 0.215 -0.57859
0.54341 0.56541 -0.14708
-0.76398 -0.21373 -0.40104
-0.78783 -0.61499 0.042315
0.76277 -0.12803 0.4805
0.74306 -0.66299 -0.24828
-0.75939 0.0080488 -0.27898
-0.71112 0.20789 -0.038104
0.92999 -0.54959 -0.30104
-0.72668 -0.27732 -0.18627
-0.63191 0.078608 0.088951
0.27491 -0.45959 -0.73321
0.35253 0.13395 -0.62973
0.13811 0.89657 -0.21928
-0.47511 1.2091 -0.7618
0.2799 0.03335 -0.71832
0.38594 0.50864 -0.2963
0.47439 0.55567 -0.2119
-0.59684 0.019788 0.20229
0.81126 0.33542 0.22224
0.68888 -0.3215 0.50041
0.71757 -0.70464 0.35522
0.096248 -0.52646 -0.3891
0.36754 0.51951 -0.27392
0.08308 -0.30667 -0.82405
0.33537 -0.65804 -0.1487
-0.40909 -0.34374 0.15939
-0.12039 -0.60158 0.0252
-0.096189 0.51835 0.034502
-0.27964 0.74192 -0.2671
0.70622 0.37351 -0.29907
0.7779 -0.45488 0.42495
0.69011 0.18065 -0.4256
-0.011893 -0.53731 -0.31118
0.303 0.35143 0.17717
-0.25189 0.088066 0.27432
0.83144 0.44468 -0.0035612
-0.078417 0.4336 -0.29677
-0.016685 -0.27025 -0.82052
-0.16607 -0.52404 -0.33859
0.98323 0.26108 -0.030377
0.1735 -0.40597 -0.75793
-0.51361 -0.38696 -0.003316
0.2975 0.52643 -0.2181
0.16873 -0.51212 -0.62214
0.46666 -0.59497 -0.5487
1.1385 -0.64924 0.0849
0.95715 -0.069584 0.3459
-0.27672 0.60531 0.32913
-0.49507 0.59613 -0.12996
1.0113 -0.33987 0.23271
-0.35435 0.71882 -0.082378
0.89867 -0.44119 0.35743
-0.63374 0.034868 -0.57893
0.10574 -0.13557 0.51399
-0.44996 0.9119 -0.74037
-0.51166 0.45629 -0.20499
-0.76832 -0.16865 -0.45483
0.15105 0.42419 -0.082908
-0.57102 -0.00080945 0.24446
-0.078991 0.70306 -0.055693
-0.6953 0.26918 -0.0014811
-0.81515 -0.20585 -0.25803
-0.11794 -0.617 0.12094
-0.27673 0.22808 0.30127
0.42557 -0.55083 0.5491
-0.33872 0.7556 -0.53545
0.84751 0.30301 0.22852
-0.43628 0.31275 -0.36623
-0.75915 -0.51023 -0.65627
0.21599 0.2452 0.22928
0.015479 1.0252 -0.15922
1.0852 -0.43388 0.25225
0.30069 0.43884 -0.38353
-0.16191 -0.18947 -0.64657
-0.53202 -0.36971 -0.62704
0.91004 0.12395 0.30961
-0.61003 0.10294 0.29353
-0.55374 0.54517 -0.065508
-0.43887 0.79326 -0.63283
-0.51743 0.35149 0.54424
1.1671 -0.55447 -0.17899
-0.38212 0.7213 -0.55931
-0.026256 1.0097 -0.3215
0.37796 0.49496 0.02572
0.97079 0.26955 0.14038
-0.31112 -0.60225 -0.11409
-0.015032 0.43762 -0.24207
1.0828 -0.17696 -0.061031
-0.27714 0.7268 -0.24137
0.55215 -0.13273 0.55694
-0.17779 -0.61172 0.10058
-0.37484 -0.56538 -0.37674
-0.45327 0.97422 -0.46511
0.037047 -0.60559 -0.0062168
0.045873 1.2617 -0.327
0.30669 -0.038171 -0.733
0.92049 0.096676 0.31785
0.14221 0.14589 -0.71704
-0.42617 -0.21106 0.26513
-0.19674 0.4076 0.26173
0.1253 1.2599 -0.45001
0.53259 -0.044672 0.53009
-0.19773 0.37712 0.27286
-0.64522 0.3614 0.092535
-0.15405 -0.12103 -0.68008
-0.04251 -0.47228 -0.60988
-0.40751 0.6695 -0.38426
0.57969 0.35413 0.2439
0.080803 0.9759 -0.22637
-0.76684 -0.62277 0.25304
0.47548 -0.20768 -0.68983
-0.12137 0.29113 -0.50904
-0.35473 0.20143 0.40715
-0.28033 -0.64158 0.047493
-0.53871 0.37963 -0.24322
0.1901 0.4758 -0.23732
-0.084121 0.78608 -0.061097
0.97387 -0.0029615 0.32097
0.13555 0.99801 -0.25282
-0.33517 0.64616 0.31634
-0.65349 0.27265 0.46773
-0.083359 -0.0095143 -0.8337
-0.55295 0.34724 -0.26472
0.40284 0.49628 0.044318
0.64837 0.24468 0.28094
-0.29391 0.24874 -0.53118
-0.085573 0.35799 -0.42861
-0.20996 -0.096114 0.30245
0.59835 0.16661 0.32424
-0.2149 0.36316 0.28948
0.71459 0.039013 0.42438
-0.425 1.1297 -0.70898
-0.10891 -0.53954 -0.27962
-0.0086035 0.11175 0.24807
0.0090538 0.97598 -0.17382
0.055563 1.15 -0.21212
0.54124 0.23024 -0.46257
-0.36167 -0.65361 0.30449
0.43574 -0.23558 -0.71732
-0.6773 0.14731 0.13023
1.1174 -0.28016 0.12552
-0.69591 -0.23438 -0.42727
0.9677 -0.68959 -0.10261
-0.47953 1.1543 -0.68284
0.038207 -0.18636 -0.85191
0.39637 0.54835 -0.21668
1.088 -0.15077 0.021966
1.1692 -0.47977 0.24788
0.61277 -0.52052 -0.60184
0.84243 -0.59218 0.28829
-0.053821 0.20722 0.18996
0.18436 -0.08109 0.52248
0.069365 0.1791 -0.71734
-0.42626 0.068044 0.26487
0.99633 0.14447 0.20166
-0.0018709 1.0191 -0.32886
-0.69459 0.079979 -0.13261
-0.83142 -0.15444 -0.28898
0.31162 -0.011278 -0.72493
-0.54118 -0.49906 -0.71629
-0.35023 0.32643 0.44922
0.97791 -0.030603 0.32075
-0.45042 1.2544 -0.90439
-0.64497 0.13088 -0.16117
-0.52601 0.020037 -0.67672
-0.69116 -0.20435 0.16164
0.7142 -0.44849 0.47455
-0.6748 -0.27268 0.0017109
-0.37914 0.33396 -0.37352
0.28108 -0.62889 -0.10894
0.54961 0.034007 0.47949
1.0182 0.01583 0.24685
-0.03195 -0.48227 -0.56283
0.16308 1.2069 -0.37374
-0.67435 -0.23351 -0.445
-0.4134 -0.42491 0.18873
-0.10259 0.14317 -0.65669
-0.61341 0.49214 0.28972
0.38066 0.3562 0.21528
-0.27308 0.63101 -0.31788
0.2513 0.0040095 -0.74259
1.287 -0.45005 -0.078398
-0.17983 0.31443 -0.4674
0.83582 0.2591 -0.29856
-0.39375 0.12425 0.24686
0.37312 -0.56102 0.53347
0.9804 0.24371 -0.10218
0.39013 -0.59587 -0.3307
1.2863 -0.40218 0.14893
1.0674 0.069127 0.047706
-0.57141 0.56368 0.28649
0.21568 0.43514 -0.37203
-0.63461 0.20348 0.4678
0.13846 0.085309 0.31606
-0.27585 0.68248 -0.34715
-0.2689 0.58645 -0.28806
-0.76136 -0.64552 0.2494
-0.6533 -0.0092102 -0.62163
-0.82224 -0.15549 -0.031642
0.41998 -0.15972 -0.71219
0.60321 -0.54882 -0.59579
-0.73834 0.14707 0.29205
-0.23276 0.6522 0.28969
-0.55469 1.2035 -0.77249
-0.40207 0.25746 0.509
-0.35139 0.30221 -0.3869
0.58589 -0.57702 -0.59565
-0.76632 -0.25747 -0.21907
-0.66249 -0.53133 -0.5435
0.98458 0.22983 0.15557
0.44515 0.48773 0.088031
0.67937 0.20995 -0.41384
0.26435 -0.061857 0.53621
-0.13611 0.75049 -0.033321
-0.15673 -0.54532 -0.24847
0.19245 -0.73088 0.47655
0.87153 0.40133 0.10692
0.33111 -0.56196 -0.67366
-0.53627 -0.28602 0.11077
0.84354 -0.43424 0.38471
-0.80922 -0.030417 -0.17797
0.78301 0.42369 -0.19543
0.98999 0.012071 -0.2556
-0.4609 0.33585 -0.34499
0.90316 0.23553 -0.2387
-0.46368 0.3965 0.51895
0.084407 0.90265 -0.27492
0.19271 1.1177 -0.37401
-0.48693 -0.36991 -0.19237
-0.54432 0.16575 -0.3918
-0.015307 0.21156 -0.64657
0.48077 -0.72324 0.25262
-0.5746 -0.30855 -0.10472
-0.55338 0.59299 -0.056949
-0.52262 0.39179 -0.25385
-0.77901 -0.16549 -0.43351
-0.1764 -0.51008 0.31014
-0.44832 0.80477 -0.40697
0.69438 -0.58104 -0.37701
-0.074062 -0.46141 -0.67242
0.87262 0.1659 0.29796
0.42185 -0.55752 -0.52072
0.030276 0.98097 -0.32195
-0.17855 -0.57415 0.41537
-0.18384 -0.40559 0.21034
0.5624 -0.32373 0.5571
0.34737 -0.63708 -0.23747
0.44463 0.20873 -0.50493
-0.48957 -0.56071 0.29353
-0.53861 0.41722 0.5128
0.8344 -0.57566 -0.30509
-0.43367 0.84758 -0.75499
-0.41998 -0.36568 -0.64689
-0.13092 0.67318 0.13704
0.31214 -0.6454 -0.15867
0.29275 0.25285 -0.49291
0.97571 -0.68519 0.18
-0.31707 0.72171 0.035228
0.80461 -0.55835 0.3413
-0.186 0.45374 0.22798
-0.50856 0.060059 0.23664
0.82645 -0.72989 -0.027026
0.46249 -0.49409 -0.66387
0.96485 0.26856 -0.10016
-0.52852 -0.29508 0.082657
-0.3157 0.72269 -0.0039124
0.54356 0.057524 0.45274
0.049677 0.41165 -0.34722
-0.57165 -0.54257 -0.47295
0.41585 0.023474 0.49812
-0.32985 0.17804 -0.60704
0.45634 0.30022 0.27447
-0.52684 0.63218 0.21529
0.6198 -0.61711 -0.48984
1.0592 0.024152 -0.10014
-0.048332 0.9985 -0.3071
-0.58951 0.37366 0.51048
-0.76063 -0.52253 -0.6074
1.1144 -0.66021 0.042687
-0.16465 -0.16322 -0.65581
0.44438 -0.24612 0.57627
0.011597 -0.59933 -0.032558
-0.23603 0.23671 0.2773
0.55599 0.15537 0.32353
0.046667 -0.30058 -0.82566
-0.44544 0.43429 -0.29513
0.23626 0.24776 0.23613
-0.28902 -0.67491 0.21366
-0.51147 1.1585 -0.69308
-0.60413 0.21733 -0.26427
-0.044888 0.42591 -0.10119
-0.62932 -0.36226 -0.41641
0.090129 1.2086 -0.40376
-0.62473 0.5301 0.12149
1.02 0.11819 -0.15037
-0.478 1.0087 -0.52468
-0.41222 -0.13245 0.30981
-0.15 -0.41091 -0.90408
0.61643 0.20924 -0.44435
0.76855 -0.62627 -0.28631
-0.50445 0.57336 0.36209
1.2115 -0.55346 -0.13079
0.6478 -0.67945 -0.19464
0.1982 -0.16104 -0.81098
-0.54306 0.47399 -0.10772
0.883 -0.5516 0.28093
0.57628 0.31327 0.27461
0.48856 0.28736 -0.44084
-0.39401 1.0032 -0.46847
0.076283 0.29287 -0.50664
0.86281 0.0055516 -0.40332
-0.24981 -0.62698 0.13887
-0.31768 0.72692 -0.47828
-0.29583 0.087131 0.2782
-0.36925 1.0194 -0.59277
0.61012 0.2768 0.28609
-0.037902 0.19971 -0.6148
-0.58403 -0.37905 -0.30955
-0.10115 -0.016481 -0.8209
-0.54816 0.076839 -0.59956
0.60029 0.55077 -0.016772
0.28046 0.21323 0.27767
0.28548 0.32533 0.1962
-0.45644 0.5364 -0.22329
-0.48552 0.5221 -0.17517
-0.29223 -0.49678 -0.718
0.01881 0.35015 -0.44938
-0.48111 -0.63298 0.070042
0.19574 0.29622 0.16565
0.70868 -0.072812 -0.53014
-0.25191 0.15738 -0.61314
0.34132 0.10228 0.32837
-0.63812 -0.025811 0.2005
-0.062432 0.016922 -0.83742
1.1936 -0.61408 0.0038566
-0.35432 -0.051326 -0.65476
-0.165 0.15003 -0.62192
0.82881 0.079178 0.38465
-0.83295 -0.10014 -0.15907
0.39022 0.53703 -0.091974
-0.012097 0.87064 -0.14157
-0.68554 0.29389 0.17064
0.56699 0.4673 0.14549
0.60371 -0.60791 -0.52884
-0.53002 1.2396 -0.78058
-0.32046 -0.63242 -0.0086639
0.10118 0.43749 -0.30577
-0.18665 0.78058 -0.080572
-0.10226 1.0071 -0.22618
-0.27442 0.26301 0.33157
0.32273 -0.54376 -0.57182
1.0378 -0.64587 0.21673
0.64498 0.1187 -0.48418
1.2154 -0.57064 -0.085717
-0.56228 0.00034608 -0.67798
-0.22499 0.54075 0.28749
-0.44554 -0.51166 -0.70053
0.70477 0.42748 0.18319
-0.31531 0.72281 -0.044888
0.59691 -0.39002 -0.63386
0.2106 0.41868 -0.38578
-0.56123 -0.45538 0.091551
1.0638 -0.52362 -0.27651
0.18614 0.47129 -0.1962
1.0663 0.072401 0.093523
-0.435 0.12294 0.29027
0.78513 -0.63037 0.32517
-0.2289 0.14505 0.23023
-0.70412 -0.18325 -0.51641
-0.41375 0.70002 -0.45599
-0.43342 -0.39213 -0.66275
1.0506 -0.21946 0.18946
-0.3992 -0.27613 0.18829
0.70046 -0.59444 0.3772
-0.19857 0.37678 -0.37692
0.38975 0.52985 -0.26169
0.20351 -0.52679 -0.41189
0.89817 0.26122 -0.21567
-0.56348 -0.44059 -0.049228
-0.61135 -0.30137 -0.11157
0.22423 0.12639 0.30737
0.69821 0.12141 0.40026
-0.47891 0.67466 0.12996
-0.5283 1.2409 -0.85382
-0.61554 0.57995 0.13511
0.0071779 0.37618 0.0073664
0.11464 1.1624 -0.40274
-0.40317 0.32096 -0.37348
-0.39301 0.15933 0.37556
0.16655 0.087783 0.32197
0.046577 -0.5332 -0.34809
0.8472 -0.69358 -0.16401
-0.034006 -0.54829 0.43626
0.94155 0.3054 0.14656
-0.30271 -0.4324 0.22877
-0.58075 -0.30893 -0.4095
0.068808 1.0919 -0.35846
-0.63269 0.051797 -0.5455
-0.0050169 1.109 -0.32982
-0.58428 -0.43618 -0.68234
-0.078564 0.25167 0.13878
-0.47431 0.22492 0.52529
-0.83294 -0.15094 -0.23443
-0.021616 0.37899 -0.39753
-0.5274 1.2778 -0.85103
-0.085645 0.98337 -0.27165
-0.18826 0.54596 0.23054
-0.63425 -0.52455 0.2657
0.13327 -0.3403 0.50483
0.81174 0.12927 0.3602
0.70955 0.11443 -0.45124
-0.46882 -0.30594 -0.61374
0.44548 -0.55241 -0.44637
-0.39794 -0.31312 0.1644
-0.71172 0.21749 -0.023466
0.67568 0.52998 -0.012512
0.40644 -0.021549 0.53264
0.22682 -0.49914 -0.74463
0.18371 -0.50348 0.50048
0.78872 -0.5147 -0.35242
-0.23302 0.050752 0.28823
1.0779 0.00044203 0.057234
-0.24314 0.19904 0.23522
-0.35494 -0.54379 0.26742
-0.64265 0.20829 -0.21981
0.21978 0.20367 -0.63763
-0.31623 0.84239 -0.32337
-0.85697 -0.51242 -0.61489
1.0993 -0.22707 -0.12895
-0.67808 -0.047159 -0.60658
0.034494 -0.58715 -0.096765
-0.21003 0.76623 -0.12559
0.058067 0.38671 -0.40209
-0.12247 -0.5735 -0.12512
-0.47035 0.57021 -0.18505
-0.1099 0.28914 0.15146
0.61762 0.54645 -0.14135
-0.7012 -0.2023 -0.50124
-0.79138 -0.16925 0.059791
0.27036 0.30506 0.204
-0.098503 0.78046 -0.25067
-0.36735 0.48671 -0.31228
0.71641 0.0032578 0.44088
-0.4289 0.35731 0.5043
0.0011859 0.95921 -0.31597
0.1765 0.18042 -0.67582
-0.22322 0.44189 -0.30629
-0.33845 0.023524 -0.67675
0.70068 0.21505 -0.39683
-0.70195 0.18784 -0.088133
0.094994 0.018535 0.31465
0.4743 0.10533 0.35308
1.0182 -0.063129 0.25899
0.13193 1.342 -0.44901
0.91662 -0.52795 -0.31502
0.99776 -0.58108 0.27881
-0.58194 -0.55949 -0.35962
-0.39915 -0.057766 -0.6645
-0.27559 -0.45973 -0.64837
0.24455 0.42025 -0.38569
0.73276 0.4359 -0.22752
-0.43497 -0.13284 0.30027
-0.20809 0.7456 -0.056707
-0.67762 -0.088574 -0.62061
-0.2121 -0.61635 0.13576
1.0098 -0.35294 -0.26638
0.10377 1.2536 -0.30891
0.03217 -0.62922 0.13676
-0.65549 0.1161 -0.022416
-0.25284 0.44067 -0.31994
-0.35818 -0.029322 0.32824
-0.56681 0.22955 -0.3033
0.35901 0.18185 0.31495
-0.46526 0.25913 0.53147
-0.33119 0.15629 0.24082
0.14107 -0.40143 -0.76912
-0.28492 0.69527 -0.37932
0.03923 1.1295 -0.36018
-0.74519 -0.26898 -0.21432
0.69474 0.46839 0.14389
-0.77859 -0.63194 0.14257
-0.53318 0.085461 0.2355
-0.16729 0.23266 -0.55287
-0.46586 -0.55753 -0.4044
-0.44908 0.17671 -0.51443
-0.13018 -0.46091 0.22168
-0.68188 0.11278 0.29791
0.060944 1.1048 -0.25959
1.2189 -0.59708 0.096396
-0.047431 -0.04388 -0.84812
-0.70605 0.15729 -0.053237
-0.5956 -0.2555 0.14885
-0.73498 0.23168 0.38041
-0.033684 0.31864 0.072454
0.020855 -0.021546 0.32092
0.36963 -0.14779 -0.73703
0.32895 0.29492 0.24068
0.74747 0.44132 -0.20637
0.059553 1.1445 -0.23401
-0.12063 -0.38028 -0.88241
0.88979 -0.3125 0.36939
0.64879 0.45754 0.16494
0.69612 -0.050069 0.48076
0.6648 0.024614 0.45545
0.2682 -0.2088 0.56735
-0.23723 -0.46614 -0.60348
0.23055 0.49726 -0.22648
0.59683 0.32329 -0.3721
-0.47884 0.50187 -0.20194
0.55882 -0.36037 0.55255
1.2545 -0.24859 -0.041463
0.50919 0.56765 -0.14472
0.95496 -0.44081 0.28523
0.078885 0.23657 -0.61864
-0.057363 -0.29926 0.23758
0.10214 1.3473 -0.3173
-0.015202 0.91697 -0.30468
-0.69913 -0.04649 -0.58533
0.93073 0.31218 -0.10649
-0.47276 0.53244 -0.19206
0.85094 0.42803 -0.0032602
0.59007 -0.55029 0.4726
0.65265 0.32778 -0.35315
-0.48358 -0.35843 0.049485
0.10839 -0.025654 0.38745
-0.0014791 -0.45948 -0.84737
-0.3311 0.75534 -0.18848
-0.13828 0.23488 -0.55361
-0.44434 -0.30605 0.11509
0.026481 -0.52536 -0.75013
0.52805 0.005037 -0.60087
-0.018771 0.009898 0.31705
-0.61548 0.44694 0.063445
-0.061597 0.44433 0.014881
0.48701 0.46718 -0.33075
0.25603 0.50614 -0.28838
0.041123 0.83198 -0.24882
-0.044516 -0.19607 -0.82693
0.90718 -0.0066009 -0.36449
-0.31798 0.31252 -0.38964
0.16385 0.43906 -0.10796
0.70013 0.52248 -0.04724
0.28783 -0.63998 0.081875
-0.30977 0.46534 -0.32645
-0.40496 0.44407 -0.31906
0.43625 -0.68687 0.14605
-0.8149 -0.052502 -0.34664
-0.013002 1.1366 -0.31409
0.96953 0.087706 -0.25173
0.57927 -0.70953 0.43815
-0.72572 0.2259 0.40666
1.1733 -0.40957 0.23769
-0.72167 -0.48814 -0.0045819
0.64112 -0.19698 -0.6097
-0.5872 0.21344 -0.28496
-0.53592 -0.13045 0.30715
-0.08352 0.328 0.12291
0.96042 -0.19845 0.33228
-0.055461 -0.33378 0.23802
-0.50336 -0.39282 -0.15663
-0.18665 0.36293 -0.41884
-0.52428 -0.54453 -0.46394
-0.0097243 -0.49235 -0.84856
1.0508 0.12193 0.012994
0.62153 -0.76048 0.27557
0.038739 0.20173 -0.69611
-0.8494 -0.11474 -0.2177
-0.75752 0.025857 -0.15344
0.16053 -0.49959 -0.52184
0.82746 -0.31397 0.3932
0.67855 -0.55543 -0.45618
-0.7006 -0.2527 0.04963
-0.76237 -0.12583 -0.53799
-0.13455 0.42896 0.19271
0.61556 0.28288 -0.39776
0.70783 0.0037804 -0.49482
0.18065 -0.74103 0.37466
1.02 -0.64174 -0.17947
-0.60684 0.42269 0.014573
0.1667 -0.25939 -0.83027
-0.73193 -0.25881 -0.32382
-0.71822 0.26212 0.38146
1.1254 -0.2489 0.074026
-0.098991 0.26864 -0.52679
-0.46494 -0.24002 -0.61247
-0.67856 -0.55346 -0.38736
0.4515 0.28768 -0.44346
0.027089 0.9323 -0.18661
0.060302 -0.010123 -0.8344
0.10482 1.0504 -0.34625
-0.16625 -0.45818 0.20888
0.41268 0.37091 -0.40965
0.24219 0.032499 0.41699
-0.077715 1.0613 -0.22892
0.17933 -0.61268 -0.024885
0.70438 -0.48261 0.47504
0.38011 -0.65956 -0.18579
-0.44273 0.83553 -0.37106
0.70442 -0.70116 -0.097226
-0.041057 0.3517 -0.4437
0.079556 -0.6426 0.2065
0.14916 1.0027 -0.25675
0.073077 1.2826 -0.26714
-0.33282 0.19288 0.33385
-0.42092 0.22145 -0.45387
-0.72778 -0.41957 -0.34296
-0.3429 -0.16377 0.30155
-0.41006 0.69875 0.12033
-0.47372 0.55295 0.41246
0.047822 0.23019 -0.62372
-0.60975 -0.018469 0.22467
0.0039301 0.30795 0.10887
-0.21076 -0.23788 0.27205
-0.014476 0.21332 0.18746
-0.38305 0.19052 0.43554
0.12967 1.3263 -0.35783
-0.45233 0.20965 -0.44003
0.067951 -0.27184 0.45431
-0.22858 -0.6051 -0.19348
0.12098 -0.034479 0.4182
1.2841 -0.29907 0.089163
-0.47086 0.071067 0.24077
-0.4335 0.78369 -0.33377
0.4528 -0.20982 0.57423
-0.79994 -0.20872 -0.054362
0.24059 0.47869 -0.32278
-0.1653 -0.58931 -0.046752
0.89796 -0.15642 0.38955
0.15508 1.1958 -0.36002
-0.11177 -0.50867 -0.82285
-0.77196 -0.2493 -0.16281
-0.42238 -0.11504 -0.64136
-0.38289 0.22643 0.48111
0.098217 -0.093329 0.47353
-0.38643 -0.34829 0.18744
0.53675 0.019532 0.4963
0.52479 0.18667 -0.49029
0.063251 1.2275 -0.38039
-0.67755 -0.24499 -0.41381
0.542 -0.29376 0.5677
0.33737 0.50907 -0.060946
-0.66554 0.32978 0.27035
1.0853 -0.66854 -0.0045387
0.36829 0.25822 0.27993
-0.38849 -0.54112 0.26374
-0.47097 -0.66995 0.28144
-0.47456 1.085 -0.79369
0.6583 -0.13848 -0.58405
0.43902 -0.7526 0.44765
-0.45548 0.25051 -0.37426
-0.3747 1.027 -0.62871
-0.42694 1.1277 -0.89246
-0.28836 0.048353 -0.65989
0.50504 0.3984 -0.36701
-0.13702 -0.0053047 0.28725
0.75429 -0.55567 0.36532
-0.54117 1.2398 -0.83922
0.70396 0.038655 -0.48265
-0.095863 0.56997 -0.029266
-0.62259 0.49214 0.10084
-0.72529 0.033911 -0.0050338
-0.49537 -0.25815 0.19015
-0.61496 0.13126 -0.30598
0.070371 0.25973 0.15387
-0.72067 -0.23022 -0.42192
0.8417 -0.55371 0.32472
0.16552 0.43778 -0.36008
-0.40205 0.20946 -0.49788
0.59854 -0.66661 -0.25095
0.6934 -0.64112 -0.29241
-0.3336 0.91584 -0.56024
-0.097553 0.58071 -0.11137
-0.41694 0.68532 -0.26173
0.48607 -0.75998 0.31354
-0.22321 0.72985 -0.15694
-0.45863 0.90741 -0.43842
0.62741 0.47495 -0.25652
0.43082 -0.52249 0.54976
1.2223 -0.48191 0.21613
-0.67077 0.093934 -0.080142
0.12707 1.2159 -0.43778
0.97377 -0.55362 -0.28635
0.49602 -0.0092792 0.52177
0.99065 -0.067222 0.29563
-0.80646 -0.12646 -0.4377
-0.54805 -0.031671 -0.69224
-0.80755 -0.57487 -0.070016
-0.28017 -0.38245 -0.88831
-0.31216 -0.33348 -0.662
0.39873 0.056083 -0.64859
-0.55815 -0.35227 -0.30691
-0.70471 -0.11006 0.19306
-0.11213 0.45453 -0.21189
0.7297 0.22062 0.30133
-0.54213 1.1198 -0.74164
-0.52454 0.10166 0.29046
-0.016821 -0.19243 -0.83843
-0.3938 0.66488 -0.42851
0.23181 0.24842 -0.55054
-0.88369 -0.46711 -0.46229
-0.019489 0.4216 -0.30895
0.42005 0.41473 -0.38195
0.057127 0.23382 -0.59697
0.69292 -0.71454 0.37727
-0.58867 -0.43919 -0.22299
-0.43693 1.1784 -0.91553
-0.48185 0.11714 0.3366
-0.1787 0.17364 0.21059
-0.25325 -0.32963 -0.7935
0.87308 -0.11112 0.39045
-0.31786 -0.59322 -0.11242
-0.050709 0.42721 -0.035662
0.76988 -0.52815 0.38079
0.074017 1.0258 -0.25211
1.077 -0.57126 -0.2294
-0.31521 0.18918 0.28545
-0.13241 0.48508 0.15486
0.59405 -0.65881 -0.2975
0.46288 0.52661 0.010226
0.16117 0.93922 -0.21773
-0.063589 0.079588 -0.80969
-0.4298 0.82227 -0.59077
-0.12971 -0.21152 -0.71973
0.91053 -0.39454 0.35945
-0.11893 0.53704 0.10492
-0.45298 0.91701 -0.7692
0.16167 0.20449 0.23331
0.53095 -0.77249 0.37095
-0.058836 0.19078 0.20318
0.13653 -0.58663 -0.13382
0.29245 -0.20958 -0.77461
0.80478 0.2739 -0.31219
-0.3392 -0.67201 0.32082
-0.70061 0.16423 -0.093014
-0.38562 1.0499 -0.63163
-0.3005 0.38811 0.34885
0.72956 -0.67527 0.36546
-0.65099 0.34367 4.557e-05
0.52627 0.13213 -0.53518
-0.030567 0.39148 -0.36136
-0.077123 -0.4805 -0.71278
-0.05059 0.69217 -0.20206
-0.50943 0.38089 -0.28447
-0.1468 -0.49394 -0.48484
-0.12483 -0.26701 0.25694
-0.44968 0.81921 -0.44053
1.2656 -0.55047 0.052735
0.87859 -0.70634 0.16115
-0.17348 0.092793 0.26567
0.2001 0.043388 -0.75368
0.044666 1.0867 -0.22849
-0.51653 -0.31584 -0.049345
-0.63238 -0.11141 0.25042
0.01035 -0.2309 0.3542
1.0961 -0.31809 -0.23196
-0.58857 0.53813 -0.0088187
-0.3385 0.83219 -0.56805
0.78993 0.47617 -0.0019737
-0.66466 -0.28598 -0.26909
-0.20924 0.084087 -0.63569
-0.44679 0.9939 -0.47405
0.97986 0.22962 -0.13194
-0.43214 0.14172 0.38333
-0.23604 -0.60371 0.40902
0.5331 0.55991 -0.18232
0.23757 -0.58576 -0.17538
-0.81554 -0.042056 -0.081023
-0.4125 0.98242 -0.43586
-0.57051 -0.27183 -0.45576
0.932 -0.3045 -0.35285
0.93566 -0.0091761 -0.33295
0.095422 -0.58674 -0.12446
-0.069392 0.64939 -0.17018
0.60648 -0.62706 -0.43966
-0.018111 1.0063 -0.12929
0.020716 -0.472 -0.63925
-0.60595 -0.62504 0.35084
0.20006 -0.53635 -0.36698
0.036765 0.40289 -0.040918
0.055049 -0.13251 0.44741
-0.55821 0.14036 -0.44352
-0.58625 0.20856 0.46929
-0.71039 0.25506 0.10245
0.86028 -0.56368 0.29524
-0.35747 0.73774 -0.15638
-0.27066 -0.32922 -0.74233
-0.4929 -0.10976 0.32084
-0.3789 0.5971 -0.33266
-0.25997 0.66744 -0.27391
-0.68967 -0.066907 -0.60196
-0.29112 -0.64668 0.083888
-0.45185 0.00061532 -0.6983
0.5999 0.062191 -0.53846
0.88139 0.0485 0.36576
0.25168 -0.27598 0.55458
0.045477 0.93342 -0.19311
0.31467 0.23043 -0.55261
0.99574 0.25053 0.044361
-0.12095 0.25948 -0.52914
0.14388 1.1276 -0.40069
-0.24916 0.39292 0.29949
0.45041 0.30679 -0.425
0.38564 -0.54943 -0.38708
0.8573 0.062974 0.37144
-0.82261 -0.60545 0.026117
0.80165 -0.24674 -0.49093
0.10724 -0.31027 0.49334
0.19109 1.1339 -0.38614
-0.77277 -0.23848 -0.12889
-0.031475 -0.29249 0.26929
0.88403 -0.58514 0.25443
0.57381 -0.48708 0.52148
-0.43541 0.7759 -0.59448
0.34978 -0.59296 -0.29607
-0.60759 -0.20932 0.20923
-0.28424 0.15258 -0.62169
0.55206 -0.64208 -0.35115
-0.91154 -0.52886 -0.46601
0.93028 -0.6315 0.24779
-0.29053 -0.47872 -0.52879
-0.020127 0.27307 -0.53895
-0.8763 -0.54549 -0.34869
-0.33779 0.0068298 0.30482
-0.69333 0.04776 0.036444
0.13706 -0.62425 0.054885
-0.04381 0.81613 -0.26966
0.99479 0.19237 -0.13787
0.15116 0.35457 -0.46064
0.32859 -0.54413 -0.70174
0.27509 0.47125 -0.03703
-0.73353 0.012438 -0.40633
0.032012 0.43143 -0.17462
-0.73296 -0.41999 -0.63248
0.095307 1.3307 -0.41008
-0.40896 0.72412 -0.22138
-0.15657 -0.48156 -0.91786
-0.58597 0.23724 0.47813
-0.67816 -0.092864 0.21653
-0.68002 0.14931 0.079269
-0.55781 -0.14027 0.29384
1.016 0.041917 -0.20873
-0.034733 0.30497 -0.50577
0.47321 -0.58688 -0.6039
0.052529 0.18247 0.21584
0.5879 0.031308 0.46792
-0.61165 -0.16141 -0.5899
-0.31597 0.53121 0.38185
0.13997 1.1401 -0.32882
-0.38345 -0.11247 -0.64301
1.1503 -0.33122 -0.22811
0.1325 -0.68352 0.48605
-0.32225 0.90281 -0.40102
-0.27953 0.28022 -0.50429
0.59553 -0.64844 -0.33747
0.14042 0.31431 0.10994
-0.10171 -0.67398 0.52916
-0.040141 0.30996 -0.4941
0.1421 -0.7339 0.36707
-0.43885 0.53526 0.4379
-0.76488 -0.53004 -0.55117
0.70415 -0.48883 -0.49297
0.64365 0.38857 0.22723
-0.35849 0.22421 0.44719
-0.13929 0.30905 -0.48819
-0.22922 -0.61346 -0.14703
0.98465 -0.26046 -0.27109
-0.44763 1.1286 -0.90778
-0.005617 -0.73024 0.51715
0.72928 0.18081 0.3424
-0.27139 0.53131 0.32706
0.7137 -0.21521 -0.55068
0.39587 -0.26712 -0.73331
-0.49777 0.66372 -0.034495
0.20347 -0.50589 -0.50519
-0.82643 -0.13376 -0.068136
0.43548 0.53642 -0.2603
-0.014074 -0.60968 0.036194
0.17346 0.26651 -0.51189
-0.31056 -0.58095 0.30202
0.74255 -0.5941 0.3576
-0.59685 -0.61336 -0.043617
0.47347 0.0053553 -0.63091
0.17642 -0.44521 -0.76512
0.59753 -0.77102 0.38127
-0.24578 0.71768 0.15057
0.77806 -0.27792 -0.5099
0.75264 -0.35902 -0.54073
-0.58876 -0.49421 -0.71111
-0.4688 -0.049319 0.31528
-0.02981 0.39819 -0.035554
1.0149 -0.46934 -0.31056
0.0089248 -0.6054 0.49972
-0.28879 -0.69327 0.37422
-0.46001 0.99166 -0.85243
0.9194 -0.16611 -0.36733
-0.36683 0.79449 -0.23219
-0.84342 -0.12616 -0.12107
0.36019 -0.032241 0.5367
-0.43146 0.16616 -0.5574
-0.71361 0.23648 0.020835
0.49652 0.10992 -0.57143
0.082668 -0.37483 0.45474
-0.48124 -0.6529 0.17953
-0.22548 -0.61739 0.06414
-0.72342 0.055651 -0.19047
-0.02231 0.71897 -0.19949
0.98915 0.10442 0.2382
0.26132 -0.283 -0.78923
1.03 -0.50649 0.27068
-0.17531 -0.29396 -0.62464
0.10938 0.26973 0.15136
1.0594 -0.12279 -0.14127
1.0372 -0.42908 0.23554
0.08469 0.30866 0.10894
-0.025453 0.43355 -0.17822
0.95167 -0.39221 0.32103
-0.061652 1.0791 -0.26549
0.75549 -0.32692 0.44469
0.012087 -0.18353 0.37632
-0.19308 -0.51777 -0.36031
0.72749 0.49323 -0.13395
-0.45917 0.97495 -0.82842
0.58282 -0.090255 0.54788
0.16489 0.45342 -0.29871
0.34296 -0.65931 0.19033
0.27577 0.17395 0.29494
1.04 -0.30394 0.18874
-0.32068 0.91802 -0.48893
-0.77083 -0.57471 0.20141
-0.37126 0.70362 -0.52505
0.55532 0.56491 -0.11788
0.37709 -0.51879 -0.70034
0.7384 -0.71602 -0.09125
0.46317 0.44 0.15812
0.94104 0.3346 0.040621
0.77453 -0.39955 0.4303
-0.50667 0.978 -0.58869
0.69418 -0.12081 0.49353
1.2155 -0.55574 0.1749
-0.3639 0.24503 -0.484
-0.64303 -0.58453 -0.21341
0.10008 0.24556 -0.5444
-0.5744 -0.31384 -0.12053
0.7911 -0.13131 -0.47486
0.48994 -0.24642 0.56846
-0.47177 1.1477 -0.87336
0.35426 -0.52337 -0.47822
0.12426 0.43774 -0.17688
-0.68645 0.14013 -0.016511
0.5928 0.51845 0.080511
-0.49884 1.1315 -0.65819
0.95641 0.30048 -0.032468
0.83551 -0.28033 0.39529
-0.66992 -0.061767 -0.62902
-0.10348 -0.2366 0.25788
-0.59589 0.55607 0.23071
-0.7043 0.26395 0.12247
-0.37363 1.0257 -0.5705
0.79116 -0.041848 0.44399
-0.71046 0.1363 0.21462
-0.065156 0.42453 0.062869
-0.098479 0.18534 0.20463
0.17422 -0.54273 -0.66227
-0.71868 0.19999 0.009954
-0.33899 0.33459 -0.37395
0.64147 -0.58471 -0.51996
-0.24752 -0.63243 -0.0052059
-0.42263 -0.18293 -0.63107
0.14832 0.93904 -0.27083
1.2532 -0.53153 -0.083107
0.90197 0.085416 0.3386
0.89921 0.10396 0.33106
0.097 -0.61758 0.47959
1.0097 -0.66442 0.20414
-0.14318 -0.11314 -0.70858
-0.25233 0.65811 -0.24334
0.0051971 -0.54889 -0.26308
0.029859 1.1994 -0.22623
0.53832 0.3374 0.26242
-0.77118 -0.020911 0.015287
-0.14765 -0.26783 0.26819
0.96046 -0.032313 0.3425
-0.51665 -0.0080872 -0.6914
-0.21305 -0.31763 -0.73234
0.88228 -0.115 -0.37805
-0.129 -0.50141 -0.75186
0.50361 0.088855 0.39685
0.61316 0.54163 0.018593
-0.77784 -0.079934 -0.47141
0.003491 0.33078 0.07976
-0.44832 -0.41977 0.15616
0.0094209 1.1162 -0.34095
-0.80743 -0.044927 -0.034816
0.016833 -0.64501 0.51322
-0.57833 -0.55093 -0.41872
0.7588 -0.56851 -0.3308
-0.38731 0.62237 -0.34642
-0.02319 0.95708 -0.31406
1.2592 -0.55636 0.097625
-0.45832 1.2038 -0.77027
0.38721 -0.10239 0.55531
0.4852 0.081227 -0.59018
0.81774 0.30765 0.23344
0.033729 1.0519 -0.21778
-0.65589 -0.030825 -0.63113
0.69403 -0.69349 -0.18094
-0.44631 1.2516 -0.87001
-0.4935 0.26787 -0.3521
-0.59785 0.12434 -0.40455
-0.73703 -0.20227 0.10705
-0.79936 -0.22008 -0.21007
-0.12794 -0.29945 -0.7647
-0.23461 -0.62517 -0.051971
0.1241 -0.43524 -0.78633
-0.54231 0.64997 0.098883
0.057437 -0.49953 -0.49654
-0.79183 -0.54329 -0.22005
-0.33102 0.89138 -0.556
-0.13924 -0.34905 0.21966
0.64672 0.52235 -0.17692
-0.47142 -0.045548 -0.69799
-0.039851 -0.34741 0.26284
-0.19692 0.28837 -0.50067
-0.78168 -0.52687 -0.036797
-0.48306 1.0656 -0.73404
0.23444 -0.021574 0.50208
-0.59739 -0.062402 0.26982
-0.72645 -0.24106 0.046595
-0.21535 0.73936 -0.046429
-0.24292 0.11428 0.25947
0.63671 -0.63979 -0.37483
0.42226 0.051899 -0.63738
-0.28325 -0.58083 -0.31265
-0.5132 0.65213 0.16876
-0.38778 0.1137 -0.64919
0.25145 0.41817 0.039046
0.3981 -0.057642 0.54475
-0.39142 0.8592 -0.68644
0.068432 0.38434 -0.42245
0.12689 -0.53673 -0.6834
0.66614 -0.08801 0.49946
-0.44098 1.0561 -0.53958
0.73811 -0.38773 -0.55779
-0.7868 -0.22564 -0.26798
0.18063 0.22704 -0.62445
0.4363 -0.67205 0.20169
-0.056994 -0.17897 0.26554
0.64079 -0.72231 0.058307
0.93147 -0.71522 0.03469
-0.14776 0.035343 -0.75191
-0.22957 -0.043363 0.30915
-0.56575 0.12102 -0.48552
0.4483 -0.30392 -0.72211
0.60491 0.50521 -0.23214
0.11974 -0.25729 -0.83329
1.2813 -0.37018 -0.11643
0.91333 0.0030643 0.36569
-0.60396 -0.50725 -0.68822
-0.28954 0.29148 -0.4775
1.2504 -0.54908 0.13735
-0.0083309 -0.64489 0.51876
0.57375 0.56085 -0.14032
0.045818 0.4034 -0.37091
-0.42463 -0.26712 0.18264
-0.094433 0.45801 -0.17754
-0.093244 -0.52575 -0.34295
-0.7172 0.21442 0.014385
0.10605 0.22663 -0.64383
1.0722 0.035633 0.10426
-0.031573 -0.41962 0.30244
0.49843 0.49561 -0.29841
-0.088338 0.13436 -0.76122
-0.6235 -0.47494 0.14551
0.37431 0.48903 -0.32654
0.87361 -0.30017 -0.41589
-0.30035 0.64495 0.3155
0.78591 -0.71007 -0.12618
0.99109 -0.22218 -0.27
-0.19824 0.37104 -0.39453
-0.83471 -0.55232 -0.35366
0.78884 -0.55189 0.35238
0.94714 -0.09116 -0.31132
-0.37886 0.90553 -0.67571
-0.6726 0.1578 -0.15027
-0.41238 0.21905 -0.46792
0.065058 1.0086 -0.23886
-0.79672 -0.21385 -0.26595
0.084729 0.42193 -0.34685
1.0666 0.018082 -0.061456
-0.3712 -0.26414 0.21494
1.0141 -0.31362 -0.2404
-0.76185 -0.0032204 -0.31872
-0.16139 -0.49967 -0.88713
-0.50669 -0.12073 -0.6513
0.54532 0.16294 -0.4999
-0.066948 0.34567 -0.44838
1.0367 0.14294 -0.063324
0.27341 -0.016369 0.50923
-0.16609 0.50021 -0.24909
-0.51896 1.1961 -0.73275
0.46581 0.55615 -0.084753
-0.661 0.09399 -0.30422
0.41421 0.55086 -0.12067
0.61269 -0.045813 -0.57455
0.7693 0.29416 0.2552
1.1728 -0.46969 -0.23183
0.535 -0.76444 0.314
0.28722 0.44604 0.030284
-0.4166 1.1292 -0.7431
-0.80691 -0.18525 -0.35043
0.28624 -0.024904 -0.73939
-0.17158 0.50781 0.20489
0.86704 -0.58196 0.26879
-0.39513 0.13698 -0.61116
1.0335 0.023923 0.20938
-0.55319 0.17628 -0.32645
0.074749 0.14459 -0.74931
-0.67241 0.12072 0.36284
0.83822 -0.67282 -0.20705
-0.014227 -0.7177 0.5266
-0.048321 0.32376 -0.4669
-0.74391 -0.083542 0.11469
-0.64454 0.11572 -0.25179
-0.036377 0.90138 -0.10472
-0.18625 0.51819 -0.25339
0.18688 -0.60237 -0.077673
1.0818 -0.10371 -0.019899
-0.46365 -0.47194 -0.74586
0.50333 -0.17159 0.55887
0.053675 0.33907 0.078591
-0.33544 0.31322 -0.38027
1.2965 -0.31873 0.08679
0.81645 -0.60872 -0.28844
0.95985 -0.1521 0.333
0.96576 -0.49833 -0.31162
-0.11455 -0.62464 0.17673
-0.82592 -0.051993 -0.1879
0.71391 -0.075359 0.46565
0.91802 0.17223 0.26545
0.97787 0.19556 -0.17264
-0.26654 0.29903 -0.47995
0.88698 -0.47095 0.3526
-0.4417 -0.23816 0.22685
-0.1053 0.65138 -0.20292
-0.21304 -0.50064 -0.85044
-0.24699 0.72985 0.03145
-0.036271 -0.56921 0.46998
-0.52842 -0.22968 -0.55433
0.66395 -0.28638 0.51641
-0.27337 0.5048 -0.30513
-0.19066 0.069336 0.27517
0.35897 -0.40778 0.57813
-0.84167 -0.47954 -0.6243
-0.08666 0.46799 0.062308
0.9045 0.35299 0.14173
-0.25601 0.72065 0.1359
0.31336 0.2035 -0.59885
0.61534 0.31327 0.26842
1.1719 -0.55625 0.21671
-0.44268 0.80556 -0.66623
-0.16701 0.70528 -0.21005
-0.50068 -0.18141 -0.57855
-0.71046 0.0037609 0.086797
-0.69006 0.29488 0.12601
0.00076492 1.1728 -0.23067
0.66229 -0.21313 -0.59583
-0.13527 0.089426 0.28118
0.46618 -0.52524 -0.66841
0.23383 -0.75488 0.42583
0.93093 0.34296 0.0051574
0.051627 -0.53279 0.40639
-0.46614 1.1064 -0.86586
-0.31035 -0.47888 -0.64111
0.85154 0.11728 -0.35334
0.672 0.30869 -0.35854
-0.36349 0.58096 -0.32158
0.96632 0.18908 0.20862
0.35629 0.4944 0.0021879
0.94234 0.3093 -0.070999
-0.57234 -0.40377 -0.26732
-0.22195 0.6245 -0.22185
-0.36353 0.52283 -0.29999
0.65398 0.18784 -0.44013
-0.69 -0.58823 -0.16877
-0.57683 -0.66583 0.276
0.19139 1.0355 -0.32363
-0.68771 -0.41533 -0.32886
0.82046 -0.49042 0.37859
0.10154 1.2194 -0.31088
-0.69949 -0.055143 0.15434
-0.24159 -0.325 -0.76706
0.69915 0.29646 0.26065
0.25313 0.089054 0.32251
-0.30543 0.58648 -0.32296
0.25379 0.27634 0.22168
-0.32165 0.71268 0.15217
-0.43052 0.89961 -0.79554
0.61022 0.43199 0.19272
0.38223 -0.76582 0.42577
-0.45702 1.2602 -0.85081
-0.21294 0.57717 -0.24302
-0.41249 0.64632 -0.29777
0.013867 -0.67968 0.51705
-0.42793 0.12697 -0.60198
0.32696 -0.14164 -0.75901
-0.3928 0.58435 0.39081
-0.38769 0.71052 -0.112
0.39404 0.19548 -0.55881
0.12391 -0.65523 0.29213
-0.082492 0.39868 0.12613
-0.4459 0.30266 0.52535
-0.43189 -0.041983 -0.68948
1.218 -0.23417 0.03998
0.015982 0.35804 -0.43097
-0.45651 -0.056714 0.32548
0.30718 -0.69499 0.45213
-0.5964 0.044581 -0.61098
0.9634 -0.30907 0.31255
-0.11025 0.39113 0.17862
-0.34909 0.41829 -0.34887
0.82421 -0.7322 -0.00062771
0.035946 -0.7421 0.48742
0.44767 0.23495 -0.47682
0.07886 -0.26838 -0.83676
-0.20927 -0.070631 -0.63556
-0.31793 0.82142 -0.29015
-0.20545 -0.43463 0.20853
0.37829 -0.13796 0.5596
-0.011523 -0.63971 0.23516
0.80405 -0.63596 0.29438
0.86366 0.15045 -0.32056
-0.38204 1.0435 -0.60448
-0.44058 0.9647 -0.84662
0.15736 -0.6838 0.48068
-0.27729 -0.038255 -0.65563
-0.10038 0.16074 -0.61418
0.32323 -0.56195 0.53503
-0.55918 -0.085718 0.28796
0.21593 -0.39089 0.54601
1.2419 -0.57863 0.036835
0.69642 -0.35711 0.48455
0.10006 0.39951 -0.043354
0.054057 0.42363 -0.28518
0.48716 -0.065565 -0.66043
-0.685 0.11382 0.25891
-0.47418 1.2022 -0.90059
-0.68357 0.29359 0.21583
-0.069378 -0.20075 -0.81281
-0.20467 -0.60061 0.43235
-0.41383 1.0349 -0.81907
-0.77922 -0.58081 -0.12085
-0.61211 -0.34992 -0.52202
-0.739 -0.24311 -0.37238
1.0272 -0.10991 -0.21543
-0.50698 -0.51518 -0.66797
-0.010684 0.3133 -0.50056
-0.78817 -0.41632 -0.55429
-0.37361 -0.51727 -0.59604
-0.31771 0.72496 -0.11747
-0.45826 1.1641 -0.71625
0.29071 0.26994 -0.48028
0.65193 -0.41182 -0.59154
0.19156 0.47019 -0.16997
0.080617 1.2047 -0.26311
0.73427 -0.72946 0.14243
0.10631 0.26915 -0.52103
-0.6295 0.27279 0.48778
0.078752 0.40025 -0.036669
0.098593 -0.44807 0.4713
0.95775 0.10036 0.28125
0.45499 -0.4124 0.58446
0.6351 0.31807 -0.36537
0.58572 0.054553 -0.54963
0.0045023 0.2297 -0.55816
0.5683 -0.5159 -0.62628
0.04307 1.0835 -0.35208
-0.50588 0.99346 -0.62249
-0.69253 -0.39638 -0.59862
-0.4661 -0.45031 0.16722
0.45608 0.47432 0.1134
0.011993 -0.11934 0.35091
0.20719 0.43685 -0.043414
-0.30721 -0.039611 -0.65559
1.0369 -0.060994 0.22917
-0.43615 0.57845 -0.22931
-0.59641 -0.22314 -0.50983
-0.41134 0.58932 0.38685
-0.64638 -0.28912 -0.059071
-0.82951 -0.1646 -0.34597
0.051522 0.05212 -0.8028
-0.5873 0.0023141 0.22517
-0.1535 0.31304 0.23329
-0.015463 -0.61823 0.088858
-0.74385 0.2017 0.37129
-0.37678 -0.67272 0.24748
1.0529 -0.29017 -0.20986
0.079072 -0.59825 -0.059934
0.85409 0.35437 0.18437
-0.11988 0.76139 -0.23808
0.97997 -0.54584 0.26808
0.59279 0.116 0.38033
-0.49098 0.071175 -0.63937
0.047031 0.38707 -0.0019191
-0.12413 0.42237 -0.32712
-0.12598 0.69811 0.029713
0.17315 -0.36942 -0.78187
-0.62681 0.45473 0.28576
0.023291 1.0804 -0.34674
-0.4417 1.1933 -0.78231
0.04811 1.0047 -0.22815
0.42877 0.076111 0.42186
0.008553 0.34319 0.062714
-0.73583 -0.62708 0.095789
-0.86781 -0.53247 -0.5169
-0.22779 -0.16823 -0.61139
0.11965 -0.24068 0.50717
0.5555 -0.63376 -0.39552
0.91507 0.14045 -0.28199
-0.15059 -0.12202 0.29993
-0.14434 0.1058 -0.65342
0.69895 0.5078 0.056441
0.14597 0.11052 -0.74105
-0.41848 1.0021 -0.46176
0.83606 -0.62851 -0.26806
0.11268 1.2705 -0.32437
-0.46773 1.0344 -0.75386
0.35869 -0.61707 0.46037
-0.2403 0.19019 -0.59268
0.099832 0.91699 -0.17823
-0.28351 0.72392 -0.11357
0.19163 1.0008 -0.2708
0.87122 0.1206 0.33339
-0.48834 -0.53663 0.26962
0.68511 -0.73879 0.29046
1.3106 -0.41829 -0.036319
-0.28936 0.7562 -0.25912
0.037344 -0.74109 0.44963
0.80046 0.084371 0.39543
0.31801 0.47579 0.0035283
0.20442 0.47821 -0.28385
0.012127 0.8827 -0.15263
-0.48694 -0.34053 -0.19777
-0.48982 0.51073 0.45085
-0.39135 0.5492 -0.28544
-0.68443 -0.27961 -0.062344
0.6172 0.3858 0.22713
0.68853 0.28096 0.26958
0.13738 1.1805 -0.42906
-0.30078 0.57398 0.35478
0.048792 1.0295 -0.3356
-0.15981 -0.62884 0.21554
-0.38318 0.65977 -0.45359
0.63369 -0.74797 0.19401
-0.1695 0.55313 -0.22488
-0.83098 -0.15485 -0.08458
-0.46298 0.42493 0.50954
-0.72322 -0.037057 -0.54071
-0.084132 0.49795 -0.089184
-0.23722 0.58226 -0.25355
-0.44796 0.90042 -0.72464
-0.16235 0.84144 -0.10964
-0.3508 0.56646 0.39285
0.72453 0.40392 0.19546
0.09029 0.42821 -0.33365
-0.62431 0.53635 0.17347
0.49882 0.33307 0.263
-0.58573 0.097149 -0.50906
0.097975 1.1245 -0.29813
1.0858 -0.16193 0.10505
0.43784 -0.48492 0.54634
-0.25214 0.6293 -0.25831
-0.48262 0.495 0.46902
-0.45196 0.5001 -0.25845
-0.053028 -0.027532 0.31886
-0.12125 0.11622 -0.67604
0.042346 0.42271 -0.24459
-0.49589 0.97296 -0.54649
0.11146 0.15207 -0.72336
-0.049224 0.10731 0.24798
0.98255 -0.70294 0.036191
0.7256 -0.56561 0.37955
-0.087048 -0.15681 -0.81096
-0.5138 0.60379 0.29913
0.20058 -0.54779 -0.322
0.1055 0.95685 -0.21636
1.017 -0.67358 -0.10393
0.053383 1.0534 -0.24672
-0.61605 0.05757 -0.56572
-0.67276 0.059631 0.049765
0.72377 0.50748 0.021533
0.26575 -0.32449 -0.78252
1.2111 -0.58842 0.13644
0.799 0.19827 -0.35028
-0.52081 0.42799 -0.2165
1.0781 -0.032544 0.018281
-0.4387 0.86121 -0.36756
-0.19882 0.59004 -0.22596
1.0616 -0.66032 0.17213
-0.63989 -0.46685 -0.015042
-0.45832 1.027 -0.86825
-0.91542 -0.5325 -0.41236
1.1347 -0.51325 -0.24066
-0.67714 -0.64946 0.20947
0.044112 -0.22011 -0.84504
-0.56784 0.31062 -0.27837
-0.48837 -0.32433 0.014403
0.79073 -0.73339 0.060779
-0.76885 -0.51561 0.084102
0.12119 -0.27786 -0.82697
-0.12187 0.83397 -0.076044
-0.22917 -0.27461 0.2671
-0.24422 0.73232 -0.040849
0.36407 -0.62359 -0.27911
0.28755 -0.63837 -0.059765
-0.5718 -0.29333 -0.50112
-0.20847 -0.01154 0.31448
-0.36061 0.61187 -0.38029
0.1666 1.2553 -0.41243
-0.73515 -0.058292 -0.54131
0.82331 0.4199 0.13711
1.1086 -0.32975 -0.24074
-0.45849 0.44324 0.49913
0.98547 -0.50728 0.25985
0.54098 0.28111 0.29372
0.83698 -0.3784 -0.42478
-0.037918 1.1304 -0.26386
-0.24581 -0.70661 0.42061
-0.15848 0.25817 -0.53245
0.37007 -0.55576 -0.55702
0.0046186 -0.26268 -0.82743
0.13996 0.36101 0.028306
-0.48741 -0.42739 -0.67987
0.32977 -0.60939 -0.25705
0.73863 0.48095 -0.14577
-0.45757 1.08 -0.89133
-0.025931 -0.11696 0.28553
-0.13257 0.90925 -0.21964
-0.28016 -0.5513 0.29287
-0.1438 0.71281 0.060097
-0.52447 0.18431 0.49939
0.84062 0.17171 0.30654
0.27678 0.48297 -0.31942
0.14393 1.3408 -0.42132
0.022451 1.1625 -0.34662
-0.10801 -0.40525 -0.88354
-0.46066 0.45682 -0.26739
-0.44553 0.85536 -0.70025
-0.39999 0.75938 -0.6278
0.22235 -0.41234 -0.74352
-0.27004 0.13993 0.23234
-0.87304 -0.53824 -0.46303
-0.7268 -0.27637 -0.22403
0.94935 0.29025 -0.099558
0.16172 1.0502 -0.28956
1.0081 0.15632 0.17527
-0.52623 0.18879 -0.34282
0.57547 -0.2519 0.5586
-0.077019 0.48661 -0.013805
0.343 -0.28122 0.59197
0.82422 -0.62092 0.28046
0.17994 1.1207 -0.33831
-0.32738 0.12132 -0.64402
0.12739 1.3732 -0.38799
0.28439 -0.74665 0.46389
-0.53015 0.039844 0.23625
-0.49044 0.45992 -0.22497
0.060563 1.2718 -0.36286
-0.29786 -0.48526 -0.94233
0.046721 0.90679 -0.29201
-0.81031 -0.03844 -0.28427
0.31296 -0.22457 -0.76594
-0.2422 0.46579 0.26043
-0.52811 -0.16178 0.28896
1.2415 -0.48123 0.19247
-0.55582 0.46921 -0.072457
1.0649 0.027965 0.13538
-0.42614 1.0745 -0.57463
0.88672 0.21962 0.26915
-0.16048 -0.052658 -0.69149
-0.63712 -0.20373 0.1982
-0.23762 -0.037617 -0.64115
-0.53123 0.54869 -0.087081
1.251 -0.51035 0.17
0.15097 1.1008 -0.31588
-0.11542 0.67197 -0.21677
-0.72899 -0.50646 0.14371
0.0085571 -0.42965 0.36479
-0.57311 0.2492 0.49646
0.76888 0.444 -0.17724
0.075397 0.35628 0.048921
-0.66101 -0.54965 0.28415
-0.12365 0.86385 -0.24362
-0.42515 -0.14011 -0.62596
0.54134 -0.29507 -0.68387
-0.32602 0.69978 0.19981
-0.67605 0.17642 0.44433
0.36092 -0.20945 0.58338
-0.4467 0.92421 -0.65738
0.82997 -0.51455 -0.33299
-0.39852 0.82587 -0.68511
0.31621 -0.41402 0.56271
0.65267 0.32297 0.25456
-0.16605 0.52386 -0.23129
0.34268 0.16291 -0.61902
-0.01529 0.29266 -0.52225
0.2866 -0.64795 0.13192
0.99375 0.15084 -0.17502
-0.02003 0.80316 -0.10115
0.34511 0.49001 -0.31374
-0.37051 0.75274 -0.58385
0.4198 0.42777 0.15339
0.090749 -0.48316 0.46245
0.12693 0.24771 -0.56756
-0.46667 -0.49255 -0.76217
0.10454 0.4235 -0.14617
-0.35328 -0.32153 0.2116
1.0767 -0.59832 0.25539
0.73764 0.41926 -0.24069
0.14615 -0.026332 0.44048
-0.16238 0.29905 -0.49488
-0.23874 -0.47005 -0.70731
-0.65785 0.073917 -0.4277
0.012417 0.92546 -0.30648
-0.33595 0.2609 0.43544
1.1636 -0.50569 -0.22037
0.29596 0.40818 -0.41322
0.86083 -0.038917 0.40158
-0.012935 -0.59182 -0.060056
-0.91403 -0.49731 -0.45811
-0.36383 0.99119 -0.63077
-0.17183 0.34373 -0.44598
0.23428 0.38253 -0.43406
-0.31364 0.34164 -0.36943
0.97745 -0.59153 0.27278
1.2405 -0.43868 -0.16512
1.1806 -0.4358 -0.23433
-0.18817 0.15007 0.23041
1.0434 -0.64792 -0.14626
-0.065233 0.45911 -0.054797
-0.37135 0.79533 -0.61434
1.2877 -0.48899 -0.029293
-0.4563 -0.62884 -0.0049194
0.2651 0.1405 -0.66306
-0.42595 -0.56016 -0.34082
-0.36975 -0.55318 -0.43777
-0.60659 0.52426 0.24013
0.48988 0.54525 -0.02162
0.84682 0.4223 -0.070871
0.4177 0.52644 -0.026473
1.1605 -0.59158 -0.13509
0.67159 -0.58173 -0.42798
-0.89505 -0.5149 -0.55643
0.12443 0.91976 -0.18459
0.83825 -0.10553 -0.41997
-0.47663 1.1497 -0.85773
0.59176 0.028183 -0.55592
0.81947 -0.70288 -0.15193
0.652 -0.66138 -0.29091
-0.32615 0.29455 0.42565
0.03852 -0.62375 0.095623
-0.28564 -0.60719 -0.16027
-0.46334 0.6071 -0.17263
-0.60811 -0.11418 -0.64128
-0.63231 0.28847 -0.16463
-0.57098 0.3428 -0.23497
0.42419 -0.69258 -0.04058
-0.68307 -0.56997 -0.27939
-0.80794 -0.21674 -0.15362
0.019033 -0.15907 0.39358
0.9254 -0.50524 0.27312
-0.02814 0.11147 -0.79339
-0.54146 1.0991 -0.70269
-0.064142 0.17311 -0.72081
-0.31664 -0.33901 -0.75519
0.1172 -0.52243 -0.65799
-0.16758 -0.023628 -0.68209
0.26235 0.43021 0.030686
0.48833 0.22983 0.31301
-0.47113 0.36122 0.52869
0.14536 0.43361 -0.33989
-0.53936 -0.42861 -0.11173
-0.37336 0.5403 0.42018
0.078926 -0.22511 -0.84637
-0.60926 -0.60612 -0.1034
-0.69149 -0.38971 -0.39585
-0.17762 -0.50584 -0.78468
-0.61677 -0.27211 0.094013
0.10645 0.38362 -0.0062417
-0.66476 0.13013 0.16185
-0.63926 0.38276 0.41084
0.78435 0.46216 0.09642
-0.040706 0.90765 -0.3008
-0.058143 -0.60657 0.033666
0.024438 0.831 -0.12137
-0.10189 -0.20488 -0.77075
-0.24718 0.23985 -0.5503
-0.48784 0.032177 0.26569
0.56087 0.49062 0.11741
0.15125 -0.52764 -0.64392
1.1946 -0.4854 0.23691
-0.47989 0.39041 -0.29712
-0.82082 -0.054019 -0.29215
0.95873 0.0082561 0.33182
-0.32607 -0.04758 0.32362
-0.10526 0.58612 -0.14614
0.60358 0.098036 0.3996
-0.10784 -0.032598 0.29542
0.84753 0.42332 0.094396
-0.03804 0.03154 0.29753
0.086125 -0.61193 0.0078777
0.123 0.35417 -0.44915
-0.64861 0.37295 0.39304
1.0247 -0.30322 0.21619
-0.2907 0.23679 0.3275
-0.1306 0.31716 0.20239
-0.038307 0.26626 0.13634
0.51544 -0.60262 -0.54514
0.17672 0.95563 -0.24411
0.89354 0.31957 -0.17322
-0.16612 0.58209 -0.21517
0.52742 0.55034 -0.016732
-0.11147 -0.62033 0.49691
1.1004 -0.21165 0.013964
0.068902 1.1442 -0.37349
-0.11644 0.78099 -0.051117
1.027 -0.61704 -0.2011
0.68287 0.46647 -0.23083
-0.69144 -0.13705 -0.57191
0.6909 -0.67881 -0.23162
0.91802 -0.45406 -0.32124
-0.61262 -0.22486 0.19101
-0.45042 0.16406 0.46583
0.97561 -0.66892 0.21473
0.65412 0.41308 0.20776
-0.063062 0.74921 -0.068933
-0.23091 -0.61761 -0.10269
-0.33968 0.84033 -0.28804
1.0249 0.1828 0.054304
0.99968 0.065593 0.24846
0.54007 -0.10854 -0.64853
0.71423 0.51499 -0.069725
-0.57363 -0.098074 -0.66702
-0.53679 0.64092 0.16524
-0.153 -0.6682 0.51402
-0.39762 0.9725 -0.74517
-0.0071703 -0.38977 0.32345
-0.60708 0.27038 -0.23883
0.75826 -0.37894 -0.54343
1.2641 -0.27429 -0.08725
-0.13124 0.21524 0.17438
1.0437 0.10078 -0.10024
0.4662 -0.59058 0.51365
0.7364 -0.15405 -0.52589
-0.12416 0.6833 0.066952
-0.11391 0.94179 -0.14028
-0.5315 -0.18007 -0.57759
0.34286 0.43759 0.094619
-0.61982 0.53167 0.078118
-0.29722 0.017788 -0.65816
-0.8027 -0.14355 0.058838
0.041192 1.0444 -0.23205
-0.16715 0.84655 -0.18039
-0.44942 -0.37247 0.12274
-0.78649 -0.013788 -0.070033
0.18385 0.45375 -0.32157
-0.16561 0.4234 -0.28916
-0.44803 -0.10781 0.32083
-0.50678 0.39595 0.53045
-0.029302 -0.60521 0.01372
-0.72228 -0.13288 0.1754
-0.20848 0.76252 -0.14571
-0.003181 0.76428 -0.226
0.69875 -0.72117 0.018063
0.36902 0.053577 -0.6683
-0.35633 0.84189 -0.60744
-0.48561 1.1782 -0.71495
0.50388 0.41813 0.18798
-0.59539 0.1741 0.44658
-0.069864 1.0295 -0.27846
0.26234 -0.4029 0.56325
0.5937 0.53505 -0.1959
-0.50789 1.0729 -0.61775
-0.54309 0.19951 -0.32338
-0.29378 0.12488 -0.63206
0.21782 -0.56916 0.48121
-0.69911 0.24153 -0.039714
-0.84213 -0.13326 -0.27946
0.49566 0.53051 -0.25104
0.29693 0.51323 -0.28597
0.060124 0.4145 -0.078736
0.076612 0.12843 0.26663
0.48013 -0.30947 -0.71197
-0.79877 -0.43847 -0.61563
-0.061502 -0.41177 0.25567
0.83537 -0.00093504 0.41448
-0.14702 0.43865 -0.26174
0.97983 -0.63348 0.25691
0.88475 -0.3652 -0.37745
1.0845 -0.59759 -0.19339
-0.30688 -0.30083 -0.61737
1.0216 -0.55348 -0.27113
-0.64265 0.30717 0.47824
-0.51803 -0.27668 0.14936
0.16031 -0.24264 0.52824
0.67781 0.5197 -0.14131
0.64414 -0.67421 0.42299
-0.2289 0.22308 -0.57175
-0.44056 1.158 -0.72829
-0.42792 -0.20851 -0.63022
0.090167 -0.17806 0.51159
0.10628 -0.081005 -0.83403
-0.34949 0.86182 -0.30404
0.53949 -0.0075822 0.51186
0.51404 0.50344 -0.2813
-0.59931 0.1048 0.15128
0.33306 0.52371 -0.26551
0.040716 0.93559 -0.30568
0.059304 0.23414 -0.57949
0.0071272 0.24983 0.15676
0.52669 0.48189 0.12132
0.12336 -0.21079 0.51895
-0.13791 0.58777 0.16605
-0.42537 0.54343 -0.26173
0.45524 0.25854 0.29725
0.015474 0.89632 -0.29542
1.2758 -0.45951 -0.096867
0.047381 0.29517 -0.51043
0.046024 0.084856 -0.79457
-0.57592 0.28467 0.52623
-0.014149 0.4295 -0.14236
-0.29132 0.71619 0.15083
-0.091224 -0.44427 -0.88311
0.74609 -0.21113 0.49544
-0.62709 0.38087 0.13952
-0.42431 0.26274 0.52195
0.6442 0.14693 0.37125
0.14085 0.38487 -0.0069348
-0.33021 0.21669 -0.55091
0.73732 0.1365 -0.42593
-0.38788 -0.42381 0.20592
1.0095 -0.18478 0.26865
-0.24554 0.72743 0.070243
0.14741 0.45808 -0.26852
-0.043543 0.95152 -0.11139
-0.09676 -0.49759 -0.48003
-0.57744 -0.11284 0.28605
0.4586 0.3691 -0.39758
0.98053 -0.70058 -0.011245
-0.34462 -0.3549 -0.76992
-0.31495 0.39658 0.37099
-0.66804 -0.23068 0.14704
-0.65974 0.30364 0.44763
-0.66277 0.2799 -0.10587
-0.63168 -0.55774 -0.3724
0.10325 -0.64603 0.48923
-0.64522 0.10486 -0.31866
0.8562 0.2272 0.27988
1.1765 -0.24171 0.077375
0.46164 -0.40677 -0.68009
1.1167 -0.54653 -0.22757
-0.72514 -0.55072 0.23827
-0.6152 0.49248 0.24299
0.076336 0.32093 0.09597
0.53679 0.40305 0.20552
-0.69259 0.14364 0.16773
-0.39165 -0.50712 -0.73626
0.18144 0.38243 0.02496
-0.11199 0.13451 -0.63487
-0.54632 -0.0099654 -0.68551
0.5473 -0.65296 -0.30502
1.0847 -0.62754 -0.14954
0.39133 0.14192 0.32701
-0.70538 0.17895 0.14198
-0.81881 -0.20653 -0.14468
0.91154 0.21913 -0.2454
0.14979 -0.27631 0.52049
-0.39237 -0.14195 -0.63885
0.22156 0.35931 0.10355
1.0251 -0.68947 0.080521
-0.39385 -0.29273 0.17895
-0.12977 0.63124 0.13329
0.076259 1.2405 -0.24111
0.26768 -0.34852 0.55033
0.38012 -0.56122 -0.66919
-0.41186 -0.33378 -0.63206
0.68022 -0.53241 0.4638
-0.0067636 -0.51581 -0.41301
-0.55548 1.1681 -0.77206
0.07606 1.3085 -0.37769
-0.0034695 -0.38027 -0.83678
0.73561 0.085184 0.40646
-0.0521 -0.37592 -0.85254
0.03582 0.39187 -0.38894
1.0221 -0.58349 0.28122
1.1243 -0.58777 -0.17906
-0.088882 -0.46807 -0.62124
-0.82706 -0.54187 -0.44816
-0.22129 0.24168 -0.55524
0.37571 0.49736 -0.31028
-0.48486 -0.43433 0.12938
-0.19824 0.33229 -0.45134
-0.12596 0.36477 -0.4203
0.029511 -0.26224 0.38707
0.20963 0.38353 -0.43843
-0.31222 0.40058 -0.34998
0.40004 -0.6692 0.43935
-0.26176 0.62014 -0.28183
1.0346 0.1592 0.047341
-0.49165 -0.29123 0.12093
-0.72447 0.13356 0.31153
-0.16598 -0.06459 0.28669
-0.58266 0.095929 0.17929
-0.4405 0.15266 0.43089
0.76965 0.12951 -0.41141
1.0433 0.1237 -0.062942
1.3038 -0.43499 0.095841
-0.41125 0.96669 -0.42035
-0.71073 -0.6342 0.31089
-0.7853 -0.22197 -0.032093
0.69978 0.072173 -0.47369
-0.29146 0.79062 -0.29955
-0.70775 -0.15018 -0.54129
-0.12797 0.33091 -0.45965
-0.050862 0.79833 -0.26329
-0.6606 0.10527 -0.17149
1.2766 -0.33746 -0.11179
0.42284 0.097161 0.35371
0.16601 0.99088 -0.30647
0.91008 -0.035784 0.37698
1.0779 -0.048026 0.1265
-0.31113 0.8621 -0.49228
0.88226 -0.037257 0.38478
-0.38559 0.96361 -0.7073
0.2642 0.47836 -0.070768
0.6543 0.017785 -0.52773
-0.098213 0.1373 -0.74085
-0.47634 -0.32903 -0.62146
-0.54084 1.2685 -0.84167
-0.03182 0.3827 -0.0099613
-0.038509 -0.53619 -0.31481
-0.55391 -0.066137 -0.69073
-0.37496 0.0063337 -0.68593
-0.71664 -0.21053 0.12801
-0.44501 1.1786 -0.91846
-0.29059 0.82767 -0.41227
0.46244 0.45152 -0.35099
-0.36903 0.25722 -0.45052
1.0305 0.16991 0.010649
0.63016 -0.75378 0.23352
-0.5403 0.22208 -0.32631
-0.8357 -0.14176 -0.33631
1.0886 -0.1205 0.064282
0.14173 -0.65314 0.25391
-0.77269 -0.19156 0.053634
0.54351 -0.58773 0.47072
-0.57245 -0.4679 0.1574
0.27972 0.49437 -0.099089
0.66845 -0.049257 0.49789
-0.72236 0.22931 0.25037
-0.099508 0.43307 -0.25116
-0.82965 -0.077941 -0.20086
-0.85254 -0.13035 -0.22481
-0.17962 -0.00896 0.30146
-0.40583 1.0577 -0.56022
0.21123 -0.24223 0.54745
-0.42208 -0.019418 -0.69323
0.96785 -0.30822 -0.28605
0.46935 0.09118 0.3904
0.58933 0.12931 -0.50183
0.91503 0.31041 0.18153
-0.51058 -0.37253 -0.63797
-0.67685 0.077071 -0.3251
-0.46862 0.99782 -0.66935
0.073669 0.28922 0.13128
0.26669 0.2259 -0.58774
-0.44613 0.89351 -0.7983
-0.83212 -0.16154 -0.23873
-0.59515 -0.46666 -0.69705
-0.65885 -0.0013941 0.1587
-0.56166 0.64036 0.092544
0.1845 -0.57976 -0.17832
-0.12492 -0.099045 -0.77576
-0.33404 0.89051 -0.35737
-5.8899e-05 -0.11815 0.32615
-0.29557 0.70476 -0.41182
-0.60108 0.0067638 -0.65306
-0.65227 0.13492 0.40333
0.30825 -0.51723 -0.4881
0.80662 0.45638 -0.072628
-0.30342 -0.6258 0.351
0.41588 0.2956 0.26816
1.0714 -0.66712 0.13488
0.89368 -0.30172 -0.39473
-0.18096 0.033716 -0.65203
-0.71525 0.26135 0.29581
-0.711 0.22954 0.20296
-0.81723 -0.61809 0.092887
-0.18661 -0.51018 -0.39118
-0.51747 0.15341 -0.47861
0.038269 0.14483 -0.75986
-0.62064 -0.28608 0.023621
-0.25822 -0.59364 0.36905
0.29382 0.28146 0.23215
-0.026654 -0.52022 -0.75059
0.012851 0.22084 -0.63454
-0.4391 -0.50385 -0.75264
0.41998 -0.57046 -0.64948
-0.47976 0.13132 -0.56399
-0.20739 -0.4938 -0.92569
0.41742 0.30733 -0.43178
-0.26931 0.71949 -0.30327
0.035688 0.17751 -0.72748
0.61181 0.21343 0.29565
-0.809 -0.52806 -0.55999
-0.069449 -0.37948 0.23218
-0.34485 0.9677 -0.49345
-0.83443 -0.10046 -0.31642
0.43519 -0.76941 0.3986
-0.074756 -0.033524 0.31078
0.10524 1.0781 -0.28726
0.48462 0.20007 -0.49268
0.67551 0.52799 -0.10776
-0.34475 0.29611 0.45141
-0.14833 -0.054159 -0.72419
0.56091 -0.5605 0.48715
-0.26079 0.72923 -0.020377
-0.44355 0.53349 -0.25061
-0.40709 0.083376 -0.66616
1.0477 0.10381 0.12769
-0.3536 0.1278 0.24125
1.1014 -0.63123 -0.12496
0.98492 -0.29835 -0.26442
0.51382 0.36613 -0.3788
-0.025069 -0.21172 0.29455
-0.65457 -0.10965 -0.62193
0.82086 -0.4494 -0.39458
1.0714 -0.20469 0.1388
0.013339 1.0685 -0.3413
0.30557 -0.25393 -0.76806
-0.17797 -0.53732 0.34949
-0.21806 -0.71289 0.42029
-0.6433 -0.48178 -0.17666
-0.16791 0.67201 0.21796
0.045912 -0.08999 0.38618
1.2617 -0.35673 0.16766
-0.15772 0.17578 -0.6019
-0.59227 0.53162 0.29122
0.73904 -0.63348 0.3613
-0.10929 0.69364 -0.020155
1.1832 -0.36038 0.20862
-0.40364 0.68393 0.20748
-0.67134 0.023195 0.11396
-0.022766 -0.73635 0.4518
-0.010335 0.78661 -0.24716
0.67115 0.49154 -0.20417
0.38678 0.095125 0.35194
-0.66611 -0.64301 0.33516
0.12075 1.1346 -0.31571
-0.74911 0.19955 0.32374
0.95665 -0.70905 0.025097
-0.62159 0.46516 0.06719
-0.35218 0.92205 -0.38101
-0.35857 -0.48199 -0.91972
-0.79767 -0.023708 -0.22618
-0.79769 -0.06904 -0.40463
-0.43961 0.11396 0.25307
-0.24112 -0.40288 0.2314
-0.62157 0.24496 0.47821
1.2838 -0.51431 0.0081106
-0.38866 -0.43406 -0.85152
-0.43733 0.93743 -0.82523
-0.607 0.49701 0.01433
-0.79596 -0.084253 -0.41302
-0.4539 0.49746 0.46731
0.053307 0.87638 -0.1404
-0.43174 -0.42437 -0.74732
0.65736 -0.62036 -0.38478
0.13883 1.1934 -0.34608
-0.29002 0.72593 -0.19015
-0.6763 0.20729 0.45819
0.42372 0.36696 0.21891
0.55527 0.10363 -0.53728
0.45905 0.50923 -0.2892
0.027626 0.79005 -0.14664
-0.042343 0.11859 -0.78763
-0.10688 0.96811 -0.24204
-0.80889 -0.18267 -0.039235
-0.30262 0.62488 -0.36414
0.63645 0.45928 -0.26859
-0.74452 -0.53753 -0.095916
0.33696 0.47722 -0.3307
0.44916 -0.45088 0.56872
0.3764 -0.54722 0.54447
0.87442 -0.27169 -0.4128
-0.53208 0.16455 -0.42357
0.17677 0.98349 -0.24461
0.4375 0.14904 -0.58109
-0.1698 -0.25922 -0.62033
-0.38561 0.77721 -0.62662
0.46087 -0.17358 0.56831
-0.57666 -0.33637 -0.34556
-0.064243 0.9439 -0.2952
-0.74739 -0.15793 -0.49414
-0.18367 0.39193 -0.35022
0.55337 0.10527 0.36979
-0.29591 0.21355 -0.57562
0.89481 -0.26124 -0.39461
-0.33048 -0.57906 -0.26873
0.81172 -0.11588 0.449
-0.2565 0.1708 0.21697
1.0337 -0.60041 0.27421
-0.69826 -0.28473 -0.21728
1.2238 -0.24822 0.077328
-0.19604 -0.3178 -0.77531
0.5823 -0.75134 0.2291
0.4429 -0.27319 -0.72475
-0.85649 -0.54831 -0.31026
0.55976 0.56034 -0.16142
0.76177 -0.24651 0.47911
0.47738 0.49213 0.094583
-0.35251 -0.37688 -0.82037
0.23355 -0.31324 0.53647
0.26896 -0.35626 -0.77591
0.0053042 0.97914 -0.32096
0.27479 -0.10127 -0.76164
-0.11849 -0.71671 0.38849
0.42853 -0.76738 0.43557
0.13952 0.43617 -0.1424
-0.062659 -0.72126 0.38787
0.84949 -0.653 -0.23669
-0.0087025 0.80686 -0.10279
-0.40547 -0.20086 -0.63553
0.13729 -0.5745 -0.18769
-0.54694 0.64232 0.0051354
-0.33849 0.09516 -0.65831
0.32996 0.24967 0.27097
-0.08802 0.43383 -0.28886
0.40726 -0.2099 0.58718
0.60975 -0.28857 0.54137
-0.15493 0.024817 -0.72701
0.20945 -0.23658 -0.81166
-0.64416 -0.087195 0.24172
0.4128 0.2677 0.28436
-0.36505 -0.46126 0.2217
0.96047 -0.70501 -0.027036
0.23201 -0.17392 0.55264
0.72566 0.4774 0.10614
-0.32624 -0.49865 0.2363
0.67041 -0.25348 0.52277
0.79274 0.45994 -0.10153
-0.36246 0.77575 -0.58823
0.95939 0.30848 0.077832
-0.18938 -0.4587 -0.64817
-0.014571 0.41123 -0.32008
-0.035642 0.39869 -0.34861
-0.65001 0.35425 0.13599
-0.13844 0.71856 -0.22277
0.58673 -0.20913 0.54996
0.54555 -0.3348 -0.67686
0.065172 -0.05781 0.37649
-0.21017 0.75217 -0.080566
-0.26204 -0.63629 0.41165
0.57041 -0.22646 -0.65178
0.2782 -0.17416 0.56829
-0.41853 0.98824 -0.81924
-0.40281 0.59066 -0.26806
0.53543 -0.72333 0.075144
1.1798 -0.30327 0.1638
-0.59231 -0.34542 -0.36499
-0.061442 0.45117 -0.01832
0.22436 0.22524 -0.61184
0.09896 -0.64961 0.25072
0.39618 0.20889 -0.53817
-0.38833 -0.51263 -0.68784
-0.5069 -0.57887 0.30982
-0.77717 -0.64004 0.20252
0.48693 -0.49914 -0.6547
0.23304 -0.6091 -0.067762
-0.20308 0.72942 0.063626
-0.059559 -0.20653 0.26132
-0.1451 0.70794 0.099168
0.68645 0.14909 0.3764
0.31096 -0.64181 0.021152
0.96174 -0.38081 -0.29287
0.45831 -0.68394 0.18649
-0.6233 0.18123 -0.23829
0.38285 -0.66953 0.23832
-0.75409 -0.011152 -0.42063
-0.68917 0.025711 0.086219
-0.52889 -0.03266 0.29047
-0.43256 -0.45436 0.19065
-0.078667 0.68517 -0.21706
-0.4918 0.026023 -0.67736
-0.51798 0.65816 0.12805
-0.6821 -0.5627 -0.3271
-0.14538 0.065311 -0.73228
0.58132 -0.4846 -0.63126
-0.5814 -0.64627 0.17364
-0.58527 -0.39524 -0.64093
-0.36048 -0.35272 0.21236
-0.44231 0.66167 0.24219
-0.21215 0.695 0.22382
-0.10687 0.36494 -0.41463
-0.61991 0.31982 -0.15559
0.60731 0.55343 -0.12192
-0.28999 -0.47008 -0.57657
-0.61269 0.10937 0.34474
0.2041 -0.19971 -0.80658
-0.20811 -0.70019 0.47533
0.3371 -0.76086 0.39772
-0.45984 0.11506 -0.60673
-0.59324 0.61083 0.12552
-0.12362 0.11699 -0.65012
-0.23761 -0.45945 -0.64704
0.10921 -0.27304 0.49734
-0.65918 0.1192 -0.070731
-0.6162 -0.36909 -0.5807
-0.20171 -0.24108 -0.58502
-0.50167 0.25597 0.53008
0.98689 -0.38193 0.27431
0.24573 -0.55478 -0.30523
-0.56735 -0.025291 0.26978
-0.017038 0.80613 -0.26077
-0.38527 0.62771 -0.36459
0.79475 0.13006 -0.39196
-0.49975 -0.03036 -0.69563
-0.4219 0.85062 -0.75213
0.45271 -0.63192 -0.20359
-0.076333 -0.14746 0.27633
-0.35628 0.66617 -0.468
-0.57589 -0.28668 -0.35867
0.012558 -0.47766 -0.5952
-0.35979 -0.16884 -0.63998
-0.29954 -0.6583 0.14842
-0.62776 0.52795 0.15824
-0.51299 -0.26529 0.17627
1.2941 -0.4395 0.12984
0.10229 0.23067 0.18725
0.17597 0.95991 -0.26715
1.0262 -0.69027 0.031667
0.011901 1.2046 -0.26085
-0.60654 -0.10958 0.26593
0.78224 -0.16841 0.47797
0.040367 1.2224 -0.23652
0.20764 0.41272 0.0018012
0.30379 -0.59366 -0.24325
1.0161 0.0051424 -0.21692
-0.86686 -0.47371 -0.55653
0.22904 -0.63475 0.07744
-0.63617 -0.13536 0.24243
0.39312 -0.048288 -0.70241
0.62155 -0.25256 0.54538
0.51938 -0.55698 0.52
0.32887 0.46474 -0.34786
1.3037 -0.46412 0.0082205
-0.46783 -0.26665 0.18342
0.52581 -0.28233 0.57196
0.44999 -0.095336 -0.67799
-0.36621 0.18425 0.39338
-0.35166 -0.44992 -0.91406
-0.54172 5.0765e-05 0.26596
-0.11837 0.78641 -0.24542
-0.73898 -0.5073 -0.68958
-0.66704 -0.13978 -0.57742
-0.46078 -0.023974 -0.69826
1.2644 -0.40311 0.17998
-0.72619 -0.060216 0.12181
-0.41791 0.73647 -0.59645
0.17047 0.94595 -0.23073
0.41434 -0.57291 -0.37385
0.15436 0.45217 -0.17553
-0.35396 0.98778 -0.52445
0.89154 0.27164 0.23268
-0.32846 -0.36551 0.23468
0.38427 -0.01276 -0.69624
-0.66215 -0.49243 0.18786
0.24932 0.2568 -0.50754
-0.0020432 -0.41869 -0.84618
0.10393 0.30812 0.10614
1.1457 -0.2166 -0.026298
-0.066973 0.90422 -0.096896
-0.60357 0.10044 0.24006
-0.52731 -0.41125 -0.21286
0.25867 0.50271 -0.16602
1.0844 -0.077114 0.060464
-0.72327 -0.084873 0.14823
1.2682 -0.36042 -0.13622
0.31103 0.38784 0.13991
0.75594 0.14971 -0.40511
-0.073874 -0.52211 0.38517
0.67977 -0.7422 0.24363
-0.6241 0.4861 0.16183
0.14223 -0.55398 -0.27869
-0.86493 -0.4617 -0.39224
-0.1501 0.28464 -0.51387
0.46296 -0.57738 -0.63367
-0.57078 0.5792 -0.042025
-0.72369 -0.4921 -0.21935
-0.20864 0.016998 0.31121
0.88519 -0.41091 -0.34452
0.99129 0.25568 0.086234
0.71149 -0.60343 -0.32965
0.84022 0.43842 0.031
0.18631 1.1361 -0.39605
1.0927 -0.19908 0.023735
-0.044461 0.388 0.0027024
0.37676 -0.75537 0.34944
0.29821 -0.54766 -0.34883
-0.37306 0.091135 -0.66878
0.43826 -0.59819 -0.37289
-0.16165 0.48463 -0.25702
0.63526 0.071198 0.42248
-0.20421 -0.3457 0.25607
0.26147 -0.61264 -0.088899
0.92564 -0.41424 0.34398
-0.12364 -0.70873 0.34823
0.52736 -0.072717 0.54781
-0.71845 0.23361 0.066386
-0.15938 0.044924 -0.67919
0.36359 -0.60051 0.49419
0.51496 0.51439 -0.26376
-0.56922 -0.19761 0.24223
-0.76644 -0.51248 0.032173
-0.6591 -0.27578 -0.32031
0.18125 0.36628 -0.45675
-0.69689 -0.50382 -0.1194
-0.48485 -0.0027372 -0.69288
-0.59974 -0.45955 -0.06914
0.50054 -0.40092 0.5733
-0.15035 -0.55687 -0.19802
0.74138 0.20547 -0.37799
-0.40427 0.035664 0.29431
-0.40555 0.24415 -0.42733
-0.096886 0.076569 -0.8016
0.83057 -0.71328 -0.11616
-0.27818 0.71194 0.16932
0.66246 -0.17874 -0.58979
-0.41439 1.0748 -0.83017
-0.65182 -0.46234 -0.21978
0.96185 0.29093 -0.043789
0.11805 -0.59684 -0.085446
0.71124 -0.72872 0.22424
1.1379 -0.26294 0.10581
-0.76245 -0.53094 -0.071821
-0.70852 0.17631 0.092085
0.88003 -0.72065 -0.066692
-0.43759 1.1232 -0.66948
-0.19219 0.24312 0.23507
-0.29052 -0.23611 -0.60791
-0.78746 -0.21958 -0.31593
-0.32898 -0.0273 0.32235
0.23049 -0.52907 -0.73494
-0.41131 0.11014 -0.62781
0.9415 -0.033959 0.36235
0.80698 0.39208 0.18713
0.56795 0.55237 -0.17984
-0.75497 -0.24344 -0.052004
-0.034714 1.0616 -0.31362
-0.33409 0.28502 -0.4312
0.74459 0.47542 0.093126
-0.45129 0.94736 -0.72175
0.24169 -0.64294 0.11838
1.0854 -0.10989 0.02095
-0.43004 -0.63428 0.021965
-0.41985 0.80216 -0.69941
0.57483 -0.053014 0.5294
0.23209 -0.65732 0.22614
0.81644 0.36172 -0.23196
-0.03773 -0.61056 0.50953
0.38763 0.076388 0.41074
0.01068 0.090025 0.27179
-0.72056 0.21233 0.044864
0.28911 0.30258 -0.46447
-0.50508 -0.31465 -0.0064566
-0.61347 0.35375 0.50085
0.036039 -0.48218 -0.66273
-0.71908 0.20393 0.41825
0.094464 0.95271 -0.30059
0.93342 -0.69421 -0.1159
-0.30772 0.22444 0.33937
-0.47116 0.097342 -0.62174
1.2456 -0.45218 0.1953
0.94305 -0.19926 -0.34877
0.093561 1.0933 -0.36233
1.0626 0.08186 0.012031
0.86251 -0.031724 -0.40322
-0.3376 -0.10391 -0.65404
0.87729 0.26167 0.24866
0.13714 1.3377 -0.38304
-0.31555 0.43796 0.37797
1.2552 -0.48083 0.17343
-0.47135 -0.66708 0.30918
-0.047786 -0.26714 0.25005
0.42173 -0.48602 -0.67908
-0.62968 -0.53991 -0.47917
-0.78405 -0.01821 -0.026522
-0.20782 -0.31407 -0.68272
1.074 0.031651 0.086833
-0.6561 -0.51787 -0.64291
-0.57879 0.28091 -0.28833
-0.7204 -0.11517 -0.58153
-0.31164 0.13506 0.23483
0.33815 -0.64709 0.090591
-0.13326 0.87403 -0.22978
0.5303 -0.43076 0.54905
1.1068 -0.21976 -0.099359
-0.58307 0.087719 0.16048
-0.44282 1.175 -0.75308
-0.86216 -0.53163 -0.3058
0.77974 -0.66517 0.28617
-0.44852 -0.16189 0.29592
-0.57169 0.14881 -0.38448
0.48291 -0.72349 0.11759
-0.84462 -0.50387 -0.31422
-0.64551 0.17158 0.44859
0.095506 1.2608 -0.27003
0.12839 1.2811 -0.35681
-0.6117 -0.099163 -0.65198
-0.09637 0.70764 -0.041035
-0.16922 -0.59873 0.011802
-0.20122 -0.40826 -0.91621
-0.068885 0.64121 -0.11084
-0.59198 -0.34776 -0.55875
0.05986 0.91297 -0.18066
0.73208 -0.7 0.32443
0.1834 0.36479 0.058987
0.13602 -0.53181 0.47244
-0.26783 -0.68275 0.4151
-0.13013 0.93086 -0.15745
0.79872 0.42678 -0.168
-0.44047 0.88424 -0.65953
-0.13006 -0.023336 -0.78129
0.69413 0.38463 0.21953
-0.24721 -0.48301 -0.51164
-0.64561 0.080761 0.058825
1.1914 -0.3397 -0.205
-0.803 -0.48124 -0.6548
-0.60483 0.45422 0.016798
0.38405 0.55157 -0.18745
1.0314 -0.26582 0.2194
0.86934 -0.40058 0.37729
1.0136 0.059073 0.23438
-0.20916 0.31057 -0.47463
-0.43992 1.088 -0.8975
0.29667 0.34694 -0.43627
0.87316 -0.13901 0.39777
0.94346 -0.32609 -0.3224
-0.13661 0.54551 0.15971
-0.71643 0.16991 0.40541
-0.74524 -0.58443 0.25116
-0.098547 0.95934 -0.25977
0.385 0.11017 0.32904
0.94866 0.18708 -0.22265
-0.17081 -0.15681 -0.63779
-0.069144 -0.73629 0.49368
-0.093262 0.57482 -0.074979
0.25207 -0.65171 0.4565
-0.54052 0.13117 -0.50086
1.0457 -0.097037 0.21345
0.44035 -0.024793 -0.66239
0.48119 0.50467 0.073013
0.069807 0.4262 -0.24919
-0.33379 -0.2107 0.27778
-0.063699 0.88003 -0.090309
-0.27727 0.27417 -0.51259
0.042749 -0.64999 0.29598
0.63354 -0.39525 0.51038
-0.41738 0.78953 -0.48181
-0.38368 -0.017254 -0.67975
-0.67967 0.087005 -0.22655
0.49794 -0.44654 0.5556
0.54355 -0.17375 -0.66105
-0.78624 -0.069806 0.039778
0.37555 0.2909 0.26113
0.95755 0.29123 -0.066107
-0.66375 0.3064 -0.053249
-0.12325 0.024703 0.28746
-0.7592 -0.20141 0.070752
-0.10287 1.0073 -0.20204
-0.33345 -0.65816 0.1436
1.0241 -0.22943 0.23899
-0.62056 0.11349 0.10866
-0.77364 -0.17801 0.072553
-0.63586 0.37146 0.22761
-0.75915 -0.23347 -0.36489
-0.69916 -0.088321 -0.60146
0.27701 0.2373 -0.5562
0.18737 -0.65268 0.21786
-0.67956 0.050863 -0.43996
1.0529 0.11643 0.051771
0.92771 0.3532 0.072858
-0.085655 0.93169 -0.27733
-0.74888 0.032202 -0.20043
1.1436 -0.49244 -0.24355
-0.49969 0.21313 -0.35446
0.60912 0.36216 -0.34773
0.88549 -0.047907 -0.38134
1.0368 -0.3827 0.20616
0.59241 -0.1213 -0.62554
0.56117 -0.66263 -0.23113
0.62762 0.11767 0.39507
0.48161 -0.76858 0.36096
-0.39534 0.59585 -0.28689
-0.5268 -0.66837 0.28673
-0.22634 0.33941 -0.43642
-0.44388 -0.30438 -0.61716
0.044378 -0.20488 0.44788
-0.82607 -0.090719 -0.050536
-0.77754 -0.1972 -0.41011
-0.37695 0.71291 -0.020435
-0.2911 0.53549 0.35126
-0.088533 0.82394 -0.26541
0.87989 -0.35818 0.37305
0.30631 -0.52677 -0.43927
0.19141 0.38216 -0.4409
1.0691 -0.25245 0.13516
0.45776 -0.37177 0.57766
-0.52661 0.62138 0.2461
-0.6438 0.14932 0.42817
-0.058717 0.43461 -0.29297
-0.10913 0.40843 -0.36559
-0.16182 0.44187 0.21399
1.1046 -0.40778 -0.27832
-0.32743 -0.66981 0.2021
1.307 -0.39473 0.094384
-0.14444 -0.18325 -0.6859
-0.073268 0.43387 -0.18084
-0.82308 -0.54682 -0.40432
0.54684 0.071734 -0.56201
0.1726 -0.020673 -0.78456
-0.38799 0.70927 -0.075472
-0.45419 0.67186 -0.1105
-0.18851 0.58369 0.24354
0.072894 0.42084 -0.14806
-0.57734 0.064599 -0.59571
-0.7471 0.1666 0.31835
0.617 0.40551 0.21475
-0.61208 0.45376 0.15172
-0.18982 0.30475 0.27763
0.26379 0.39693 -0.41509
-0.29093 0.80757 -0.33091
-0.67681 -0.56978 0.29408
-0.47895 1.1851 -0.88116
1.0188 -0.13782 0.26195
-0.086884 0.10392 0.26793
0.76517 0.3728 -0.2672
0.076517 0.34285 0.067793
0.77631 -0.31951 -0.50553
0.23467 0.16957 0.28951
0.032939 1.2397 -0.31901
0.85514 -0.21954 -0.43789
-0.22978 -0.69184 0.27864
0.82089 -0.26886 0.40808
-0.35562 -0.60989 -0.027411
-0.45305 0.57298 -0.20988
-0.1634 -0.59436 0.44916
0.44021 -0.32756 0.56443
-0.46844 0.022818 -0.68554
-0.52503 -0.53769 -0.3258
-0.6784 -0.54641 -0.43169
0.22567 -0.45221 -0.74893
0.97311 0.11194 0.25754
0.10092 0.89569 -0.16102
0.6168 0.023236 -0.54469
-0.14835 0.553 0.18874
0.18016 0.14551 -0.70315
0.28911 -0.75402 0.38483
1.0062 0.11505 -0.17801
0.29635 0.50237 -0.099846
1.0568 -0.29549 0.16495
0.015817 0.22007 -0.58481
0.71592 -0.40531 0.46628
-0.24009 0.30607 -0.48023
1.1966 -0.22292 0.0047473
1.0748 -0.67334 0.08596
-0.67694 0.066021 -0.386
-0.44196 0.32652 0.51786
-0.39275 -0.040016 -0.67619
-0.65429 0.084995 0.018947
-0.57916 0.13008 -0.43017
-0.58597 -0.63541 0.11284
0.62112 -0.36008 0.53218
0.43677 0.52492 -0.27358
0.009872 0.39208 -0.38037
-0.58444 -0.46152 -0.11185
0.63096 -0.39216 -0.60989
-0.46403 1.28 -0.89762
-0.55518 -0.19348 -0.56215
-0.41493 -0.38853 -0.69011
-0.039112 -0.58927 0.49327
-0.20571 -0.065913 0.29854
-0.40016 1.0846 -0.70515
0.41463 -0.40978 -0.69319
0.036015 0.78138 -0.19594
0.18566 1.1639 -0.37832
-0.063106 -0.57491 -0.12865
-0.32069 -0.39868 -0.88379
0.38236 -0.5195 0.5516
-0.7338 -0.25168 -0.027048
-0.41523 0.64566 0.29859
0.034908 -0.34759 -0.81013
0.044445 -0.26798 0.41639
-0.50243 1.1063 -0.63936
0.97258 0.26872 -0.067683
0.76439 -0.15351 -0.50186
-0.54478 -0.20534 0.24794
-0.27645 0.23243 -0.55265
0.73227 0.42398 0.17017
-0.83266 -0.08833 -0.096897
0.41569 -0.018525 -0.68124
-0.57378 -0.65564 0.21938
-0.15857 -0.37802 -0.89451
0.38876 0.18264 -0.57623
0.92829 -0.46849 0.30856
0.72809 0.1152 0.39828
0.49179 -0.71301 0.44239
-0.67343 0.27038 0.44914
0.062611 -0.2414 0.45548
0.70612 -0.28508 0.50037
0.040639 0.2289 -0.58197
0.33881 0.32324 0.22652
-0.24665 -0.040054 0.31671
0.28494 0.5224 -0.24741
-0.015043 -0.63235 0.17985
-0.088439 -0.59155 0.47645
0.1681 0.44397 -0.34044
0.70182 -0.38034 -0.58538
0.085476 0.84133 -0.21532
0.042063 0.25894 -0.53638
-0.083109 -0.47138 0.26517
-0.39728 0.56681 0.40703
0.92655 0.31916 0.15397
0.10905 -0.37962 0.4831
0.24466 0.43818 -0.0018298
0.14306 -0.59556 -0.093487
0.99331 -0.13877 -0.266
0.36477 -0.37264 -0.73882
-0.44862 0.83494 -0.73506
-0.46952 1.0144 -0.69584
0.85457 -0.41558 -0.37276
0.22546 0.48406 -0.30577
0.86834 -0.31289 0.37628
0.2329 0.072467 0.32179
-0.37471 -0.13171 0.32277
0.81011 0.019784 -0.43483
0.26457 0.099271 -0.69484
0.065676 -0.02468 0.33325
0.28833 0.20097 0.28787
-0.1095 0.10627 -0.76773
-0.68656 0.14618 0.032028
-0.74717 -0.025959 -0.48343
1.1732 -0.3262 0.1859
0.19045 0.27112 -0.50135
-0.49934 -0.54038 -0.34219
-0.016737 -0.54584 -0.27545
0.14731 0.43218 -0.11455
-0.16481 -0.71101 0.37978
1.0462 0.12755 -0.025322
-0.67435 -0.44723 -0.67105
-0.4243 1.0444 -0.51818
-0.47657 -0.54663 -0.45477
-0.80365 -0.63026 0.17343
-0.58662 0.30437 -0.25048
0.52519 0.56328 -0.17431
0.69085 0.32594 0.246
-0.16606 -0.31051 -0.767
1.2841 -0.44111 0.14844
0.60123 -0.32455 0.54232
0.84512 -0.53805 -0.32246
-0.1556 -0.076172 -0.69178
-0.45539 0.93477 -0.82445
-0.5218 -0.15383 -0.60551
0.6129 0.55387 -0.080456
1.0509 -0.17425 0.19009
-0.061619 0.075407 0.26609
0.65076 -0.54298 -0.55009
-0.6767 -0.48751 0.15877
-0.30734 0.76066 -0.4696
0.62621 0.028025 0.45918
-0.26794 0.37672 -0.34956
-0.70792 0.15893 0.1711
-0.02603 1.0528 -0.32141
0.91454 -0.41441 -0.32101
0.53748 0.54047 0.015922
0.31281 0.52934 -0.25009
0.38884 -0.2274 -0.73511
-0.49021 0.16711 -0.48567
-0.068905 0.46864 -0.018839
0.80977 0.098443 -0.40399
-0.053741 -0.51378 -0.41224
0.73679 -0.49529 -0.44871
-0.61672 -0.29481 -0.26603
-0.040223 -0.54479 -0.26986
0.66446 0.079539 -0.49164
-0.092829 0.15824 -0.68972
-0.27043 0.10438 -0.64277
-0.69262 -0.46858 -0.67814
0.50437 -0.36736 -0.69043
1.1252 -0.64531 -0.046777
0.74933 -0.54387 -0.35473
0.43571 -0.76273 0.35091
-0.68684 0.034785 -0.48183
-0.19097 0.74264 -0.18529
-0.49674 0.6211 0.28424
0.21313 0.22731 0.24498
-0.7389 0.23022 0.33028
-0.62089 -0.54669 -0.43536
0.8733 -0.48826 -0.32543
-0.72525 -0.39206 -0.54071
-0.0098734 -0.5706 -0.16376
-0.43127 1.2112 -0.85871
-0.40795 0.51004 0.44996
-0.45856 0.98799 -0.72668
0.71176 -0.18228 -0.54409
-0.052841 0.0015557 0.30872
-0.34336 0.07892 0.27684
-0.0011689 0.82263 -0.11438
-0.77093 -0.22079 -0.36998
1.2021 -0.43322 0.23328
0.51434 -0.25001 -0.6884
-0.58661 -0.2896 0.048839
0.58814 0.30002 -0.39128
0.93418 -0.63378 -0.2389
-0.65822 -0.21421 0.175
1.0312 0.036642 -0.17717
0.16556 1.1519 -0.34834
0.85848 0.38839 -0.1393
-0.24731 -0.47449 -0.55651
-0.11524 0.22962 0.15744
-0.068812 0.43552 -0.24948
0.56679 -0.74301 0.43856
-0.38115 0.0034746 0.30436
0.15061 0.43757 -0.32572
-0.024113 0.82866 -0.27296
0.76971 -0.60371 0.34546
0.062511 -0.19916 0.48051
0.89176 0.21978 -0.26918
-0.26312 0.336 -0.39947
0.88465 0.13474 0.31631
-0.13726 0.14892 0.24131
0.018541 0.79301 -0.13296
-0.33871 0.06881 0.28609
-0.83285 -0.073972 -0.1466
-0.25002 0.26594 0.31197
-0.44504 -0.56758 0.29322
-0.17776 -0.49615 -0.75883
-0.72274 0.05418 -0.22368
