-1.0042 -0.43114 -0.028222
0.02380499999999995 -0.74877 -0.34799
0.21192 0.41898 -0.68135
0.3388599999999999 -0.78617 -0.15519
0.64373 0.16943 -0.63296
-1.1483 -0.6074199999999998 -0.65696
-1.0919 0.1409700000000001 -0.30943
-0.1202099999999999 1.0374 0.21155
-0.04479499999999993 1.0912 -0.022342
-0.46182 0.3408300000000001 -0.2785
0.28577 0.17236 0.73163
-0.32263 0.04808200000000002 0.4115
0.02901000000000003 0.43482 -0.64181
0.3481300000000001 1.0493 0.32999
0.3435299999999999 -0.7914600000000001 -0.11298
0.73044 -0.03360800000000004 -0.53593
0.88653 -0.1148700000000001 0.61386
-0.42985 0.3911 -0.29816
0.73473 -0.49221 -0.16872
0.36158 -0.6539700000000001 0.39927
0.08713299999999996 -0.70908 0.49988
0.7962900000000001 0.3859699999999999 -0.51929
0.48957 -0.00900590000000003 -0.5933
0.66795 -0.3859300000000001 -0.24435
-0.3169899999999999 0.55893 0.46223
0.7561800000000001 1.0165 -0.20148
-0.75593 -0.57212 -0.28697
0.15918 -0.38163 0.56123
0.48484 0.70769 -0.5576100000000001
-0.20734 0.20313 0.52615
0.03987500000000006 1.0514 -0.24862
0.5719500000000001 1.2197 0.31455
0.86227 0.16192 -0.10733
-0.82801 -0.4719999999999999 -0.15764
-0.3678899999999999 0.87246 0.24727
0.62047 -0.36511 0.37457
-0.29865 0.9486 0.16442
0.4380200000000001 1.331 0.16512
-0.2265499999999999 1.0006 -0.052533
0.67662 0.4799399999999999 0.67313
0.6526 0.3875999999999999 0.6993
-0.91891 -0.8397599999999998 0.023276
0.91704 0.38352 0.56624
0.1637400000000001 1.0698 0.30211
-0.87997 -0.4060699999999999 -0.18097
-0.9190199999999999 -0.4339199999999999 0.11583
0.85809 0.1588499999999999 0.33636
0.25159 1.0118 -0.29511
0.91822 0.2946699999999999 0.5255
0.53959 -0.5613899999999999 0.11634
0.83619 -0.09579400000000006 0.64394
0.03565199999999998 -0.37781 0.54753
-0.38071 -0.33862 -0.34466
0.86769 0.40538 -0.09293
-0.19232 -0.73831 -0.27912
-0.85283 -0.57968 -0.59224
-0.3305899999999999 0.92405 0.16265
-0.7964 -0.6049099999999999 -0.46449
0.2500599999999999 -0.88378 0.1662
0.88927 -0.3271500000000001 0.56763
0.2131099999999999 -0.90037 0.18242
-1.0683 -0.5495599999999999 -0.88018
0.24791 -0.19713 0.52861
0.88336 -0.1520600000000001 -0.34267
-0.46516 -0.01717999999999997 -0.1117
0.078988 0.04334799999999999 -0.68655
0.9265099999999999 -0.15641 0.3043
0.6250599999999999 -0.29843 0.44969
0.4194599999999999 -0.46855 0.42387
0.3798899999999999 -0.65019 0.37987
0.65935 0.83086 0.46252
0.92238 -0.3838200000000001 0.38817
-0.97037 -0.7017999999999999 -0.7005400000000001
-0.87934 -0.38245 0.071787
0.8805500000000001 0.2021199999999999 -0.3943
-0.3820500000000001 -0.97397 -0.066418
0.48755 0.78585 -0.50341
0.919 0.4905099999999999 -0.1434
-0.53661 0.19694 0.08200200000000001
0.72545 -0.1646400000000001 -0.4242
-0.51171 0.11733 0.11825
0.20654 -0.009987500000000012 0.61454
0.6928800000000001 0.61632 -0.54996
0.11858 -0.10471 0.52561
-0.4244700000000001 -1.0029 -0.012939
-0.48516 -0.06717999999999998 -0.021577
-0.1292399999999999 1.0412 0.17005
0.07150300000000002 0.34152 0.74013
0.52908 0.04195999999999996 0.5157
0.15703 0.60012 0.6924
0.5271300000000001 1.3308 0.16248
-0.91425 -0.5164099999999999 0.33975
0.43214 -0.37608 -0.31874
0.3353599999999999 -0.82759 -0.059925
0.8432700000000001 1.056 -0.022189
0.48803 -0.60644 -0.15967
-0.90754 -0.6122299999999999 0.37791
0.4379199999999999 -0.6634100000000001 -0.16649
-0.10427 0.74111 0.55493
-0.48207 -0.01889499999999997 0.026186
0.30469 -0.08924300000000002 0.49743
-0.74655 -0.54815 0.44388
-0.36708 0.3416 0.46618
0.86127 -0.11127 -0.32818
-0.20844 0.56646 -0.43421
-0.07700599999999999 0.25326 0.61489
-0.55221 0.4779300000000001 -0.11319
-0.74181 -0.88598 -0.07144300000000001
0.92743 -0.5181000000000001 0.25629
-0.38065 -0.42627 0.43014
0.91942 0.5753799999999999 -0.29168
0.6027600000000001 1.3219 0.07005699999999999
0.93452 -0.6028600000000001 -0.020999
-0.70289 -0.51224 0.39039
0.2003099999999999 -0.90993 0.16403
-0.2102800000000001 -0.76059 -0.25504
-0.40745 0.39144 -0.32036
0.28893 -0.07779700000000002 -0.60232
0.86419 0.2007399999999999 0.15156
-0.4315000000000001 -0.7432800000000001 0.68643
-1.2387 0.1172400000000001 -0.38389
0.86864 0.36314 0.095817
-0.6056900000000001 -0.97362 0.43992
-0.4974499999999999 0.6609 -0.14237
-0.29466 -0.92759 -0.069755
-0.9234 -0.5644599999999999 -0.2966
0.7935500000000001 1.121 -0.074458
0.20719 0.52621 0.72193
0.93352 -0.5691400000000001 0.030402
0.79495 0.65237 0.5502
0.6531400000000002 0.97243 0.3547
0.53408 -0.4729400000000001 -0.15773
0.07308800000000004 0.70861 -0.52927
-0.24652 -0.42781 0.44112
-0.16126 -0.19677 0.47221
0.02099299999999996 -0.61766 -0.39853
0.52094 0.43379 0.7297400000000001
0.8627899999999999 0.1183299999999999 -0.11286
0.6196700000000001 0.57297 0.6686299999999999
0.3914900000000001 1.0723 -0.16111
-0.3835100000000001 -0.47242 -0.30309
0.25274 -0.84581 -0.15876
0.6517200000000001 1.0646 0.36832
0.07569299999999994 -0.96296 0.028325
0.08076699999999995 -0.85241 0.36057
0.62025 0.09657699999999995 0.58339
0.70889 0.88714 0.39012
0.03540999999999995 -0.74273 0.47748
-0.7849699999999999 -0.3987399999999999 0.1657
0.75987 -0.51056 0.51838
-0.84989 -0.5981 0.45161
0.8633 0.06957599999999994 -0.14763
0.1590200000000001 1.1144 0.11616
-1.1464 -0.5292599999999998 -1.0611
-0.38594 -0.3212 0.31762
-0.01637599999999996 0.71048 0.59538
-0.02503700000000004 -0.70619 0.49343
-0.4459 0.36258 0.40067
-0.2370800000000001 -0.83384 0.48011
-1.3238 0.2381900000000001 -0.5322
0.43964 0.67667 -0.5792
0.92349 -0.2452000000000001 0.3374
-0.02234500000000004 -0.6484 -0.38277
-0.79984 -0.74764 0.52676
0.384 0.15698 0.706
0.7553299999999999 0.65778 0.53938
-0.4747 0.25421 -0.24321
-1.1963 0.07967500000000007 -0.45527
0.34599 -0.65999 -0.29331
0.4815 1.1127 -0.1678
0.03200700000000006 0.88548 0.52142
0.7839 0.005575999999999953 0.67796
0.91386 0.5768699999999999 0.40261
0.03758100000000001 0.088293 0.68231
-0.4675400000000001 -1.0398 0.13294
0.85273 0.25517 0.3818
-1.2843 0.1142400000000001 -0.38775
0.86149 0.2573699999999999 -0.01596
-0.15455 -0.65469 0.46184
0.85946 0.1128999999999999 -0.24494
-0.56104 0.56999 0.02006
0.90413 0.55316 -0.29814
0.65602 0.4313299999999999 -0.59955
-0.36011 -0.1058 -0.32751
0.5352500000000001 0.9475 0.44362
0.68551 0.11057 0.58423
0.3941100000000001 1.063 0.29371
0.29084 -0.10791 0.50679
0.25762 -0.6128 0.49281
-0.02199599999999997 0.43354 0.69438
0.073783 -0.05845000000000001 0.54392
0.07378599999999995 -0.90525 -0.15328
0.48567 0.66465 -0.57621
-1.193 0.07125400000000007 -0.34248
0.4193499999999999 -0.7324000000000001 -0.10367
0.02381100000000002 0.34839 -0.6634100000000001
-0.4232000000000001 -0.49743 0.49752
-0.3313400000000001 -0.93282 0.58139
0.1223000000000001 1.0369 -0.29839
0.24714 -0.38163 0.53899
-0.066998 -0.05855799999999999 0.5430700000000001
0.85927 0.16633 -0.3778
-0.53953 0.6373 0.055706
-0.1068399999999999 1.0449 -0.14514
-0.057557 -0.15852 -0.47745
-0.73964 -0.60878 -0.28897
-0.56041 -0.42753 -0.21239
-0.005115399999999992 0.12324 -0.63288
-0.008484800000000042 -0.69254 0.50541
0.6611399999999999 -0.4706000000000001 -0.060814
-0.05511199999999993 1.0801 0.11599
0.15585 0.61395 -0.60079
0.48045 0.009552999999999971 -0.6166
0.02902499999999997 -0.47395 0.56426
-0.7808 -0.80515 -0.17595
-0.93643 -0.5368699999999998 -0.47235
-0.243 -0.6091800000000001 0.44905
0.11298 -0.73232 -0.36493
0.93436 -0.4737000000000001 0.16305
0.1246 0.34142 0.74681
0.2446400000000001 1.1225 -0.022048
-0.6006500000000001 -0.95511 0.51494
0.3482600000000001 0.89572 0.49632
-0.46644 -0.3767199999999999 0.38849
-0.6093 -0.63593 0.58219
-0.07488199999999998 0.52671 -0.47872
-1.2364 0.1973500000000001 -0.43832
-0.006072399999999991 0.16168 0.68882
-0.76535 -0.36658 -0.1218
0.93688 0.1205499999999999 -0.5170400000000001
0.8650600000000001 0.08849799999999994 -0.060953
-0.48642 0.3490400000000001 0.34967
-1.143 0.2694400000000001 -0.46396
-0.64889 -0.3688799999999999 -0.1145
0.43123 0.12226 -0.70921
-0.56531 0.47783 0.16431
-0.45237 -0.07165199999999997 -0.17982
0.30809 -0.30272 -0.39881
0.2468600000000001 1.0831 0.27142
0.12633 0.21262 -0.72683
0.2392299999999999 -0.85726 -0.14022
0.57147 -0.05611300000000004 -0.43114
-0.92646 -0.6827799999999999 -0.8389799999999999
0.76737 -0.5491200000000001 0.4704
0.46598 -0.4198500000000001 0.37626
0.65354 0.63789 0.59844
0.93579 -0.38326 -0.012233
-1.1481 -0.2387099999999999 -0.27673
-0.51154 -0.24123 -0.15759
0.29924 0.168 -0.7307900000000001
-0.4317300000000001 -0.7047099999999999 0.6910500000000001
-0.7780000000000001 -0.9589 0.33628
-0.01511899999999995 0.79605 0.56772
0.92558 -0.5122000000000001 0.33949
0.93035 -0.2003800000000001 -0.37805
0.9259500000000001 0.2522799999999999 -0.42606
0.30435 -0.20075 -0.40994
-0.2809699999999999 0.92159 0.29328
-1.1523 -0.26346 -0.24948
0.92635 0.5703499999999999 -0.15653
-0.39023 0.12186 -0.29918
-0.2813200000000001 -0.74331 0.6161
-0.4565 0.6484 0.33144
0.85709 0.38812 0.25071
-0.7414700000000001 -0.96599 0.07048
0.30299 0.47588 -0.66811
-0.34128 -0.15084 0.35905
0.21501 -0.24726 -0.44088
-0.11023 -0.75152 -0.30502
0.4718100000000001 0.85581 -0.44291
0.86493 0.1095299999999999 -0.028864
0.86277 0.33777 0.12019
0.93458 -0.1994700000000001 -0.42684
-0.11774 -0.24872 -0.46046
-0.07154500000000003 -0.47232 -0.43876
0.30238 0.70678 0.66126
-0.24443 0.97762 0.21005
-0.40886 -0.24076 0.29423
-0.1894599999999999 0.95543 -0.24068
0.3472499999999999 -0.80544 -0.078222
0.30361 -0.008581300000000019 -0.6842
-0.66316 -0.8849900000000001 0.57619
0.92548 -0.1085000000000001 0.26144
-1.33 0.1088900000000001 -0.38154
-0.05938900000000005 -0.82978 -0.24624
0.88059 -0.53486 0.17742
0.86686 0.3587799999999999 0.02346
0.8842100000000001 0.07472799999999995 -0.41616
0.2902600000000001 1.0935 -0.15258
0.3462 0.24835 -0.71161
0.8666300000000001 0.96451 -0.09575400000000001
-1.3161 -0.01170399999999992 -0.37122
0.70003 0.38533 -0.60054
-0.4343400000000001 -0.47595 -0.26067
-0.202 0.30033 -0.48111
0.38139 0.34137 0.7433
-0.11117 0.39252 -0.48461
-0.88508 -0.7295700000000001 -0.6078
0.57445 -0.01733800000000003 0.43683
0.92867 0.3870299999999999 -0.426
-0.05998899999999996 0.70943 -0.47837
-0.09138099999999998 0.5344100000000001 0.5967
0.1573700000000001 1.0914 -0.15015
-0.17289 -0.05864699999999998 0.49015
-0.55148 0.3011200000000001 0.16656
0.88251 0.52805 -0.24845
0.9216 -0.2849800000000001 -0.47503
0.07050800000000006 0.98648 -0.34957
0.29546 0.43409 0.74722
0.3426600000000001 1.0983 -0.11497
0.8879900000000001 0.93425 -0.052673
-1.3247 0.2040700000000001 -0.57059
0.7004200000000002 1.1872 -0.14315
-0.55425 0.52379 0.20556
-0.1451799999999999 0.82994 0.46709
0.2444200000000001 1.1249 0.024056
-0.64153 -0.78899 -0.2122
-1.2104 -0.7560299999999999 -0.72543
0.07511900000000006 0.85632 0.5410199999999999
0.67735 -0.3654600000000001 0.42044
-0.4793 0.29806 0.34645
0.28765 -0.64641 -0.36444
0.84872 0.4815099999999999 0.33876
-0.3415699999999999 0.72665 0.40817
0.48763 -0.19701 0.50424
0.03363899999999996 -0.69728 0.50679
-0.47371 -0.19835 0.2084
0.53046 -0.2916400000000001 -0.32268
0.6594500000000001 1.2864 -0.021958
0.5229 0.12882 0.64615
-0.35339 -0.99566 0.30283
0.58991 0.53377 0.68009
0.4767299999999999 -0.69509 0.1163
-0.04430599999999997 0.47756 -0.54897
-0.52565 0.16457 0.11279
0.3539999999999999 -0.70619 -0.24343
0.12059 -0.63271 -0.40611
-0.4830999999999999 0.75457 0.06392100000000001
-0.9007500000000002 -0.9092 0.20793
-1.0172 -0.5725499999999999 -1.0115
0.38647 0.87981 0.50461
-0.20326 -0.4338 -0.41587
0.91772 0.1090599999999999 0.6171
0.04246300000000001 0.082261 -0.67757
-0.55305 -0.5125999999999999 -0.24573
0.51981 -0.3649000000000001 0.377
0.8992 0.42331 0.16809
-0.34794 0.8514 0.31085
-0.49921 -0.2525499999999999 -0.20831
-0.57692 -0.3153299999999999 0.22294
-1.1506 -0.7435299999999999 -0.56534
-1.1054 0.1609100000000001 -0.32927
-0.96826 -0.5676399999999999 -0.78921
0.9133 0.8787799999999999 0.072757
-1.0879 -0.7500899999999999 -0.70995
0.1611099999999999 -0.82702 0.38731
0.5659100000000001 1.0644 0.35338
0.78947 -0.29805 -0.30789
0.83007 -0.2138500000000001 -0.5372
-0.4703300000000001 -0.94465 0.58714
-0.42414 -0.37732 0.39294
-1.0656 -0.5628699999999999 -1.046
-0.56316 0.47861 -0.064802
-1.2837 0.1531600000000001 -0.52464
0.4432700000000001 1.2051 -0.14399
0.65077 -0.06101000000000004 0.441
0.7919600000000001 1.0013 -0.18454
0.03020700000000007 1.1048 -0.068311
0.854 0.2970599999999999 -0.34226
0.07785300000000005 0.67721 0.6331
0.29565 0.24908 0.74398
0.074022 -0.05260800000000001 -0.55398
-0.05226899999999997 0.51874 -0.51117
-0.6992900000000001 -0.95829 0.43738
0.47501 0.52232 0.7209
0.92022 -0.1147900000000001 -0.4276
-0.68879 -0.70253 0.60426
0.29933 0.1218 -0.73242
-0.98925 0.1134400000000001 -0.27978
0.38946 1.2915 -0.057696
0.33968 0.8751 0.51171
-0.45882 0.7894600000000001 0.123
0.76407 -0.61252 -0.020308
0.86644 -0.02519900000000005 -0.059515
0.86768 0.07475499999999995 0.16138
-0.37925 -1.0348 0.11431
0.9157 -0.1387100000000001 0.16085
0.74675 -0.3817800000000001 0.52176
-0.7312 -0.42375 -0.15309
-1.0056 -0.4533599999999999 -0.10824
0.5783100000000001 1.1542 -0.21478
-0.2439799999999999 0.92217 -0.23838
0.01251900000000001 0.15864 -0.66089
-1.106 -0.24252 -0.28981
-0.5907600000000001 -1.0017 0.20928
-0.60644 -0.85077 -0.1766
-0.97585 -0.09925899999999994 -0.31426
0.16275 -0.51703 0.54248
0.79664 0.3727799999999999 0.59315
0.20491 -0.28938 0.52757
0.1127600000000001 0.9601499999999999 0.46527
-1.314 0.2452400000000001 -0.58746
-0.50854 -0.58876 -0.26709
0.87299 -0.01490900000000005 0.20052
-0.06008799999999997 0.52597 0.61857
0.7160500000000001 1.0666 -0.21177
0.07440499999999999 -0.15077 0.53591
-0.10593 0.31476 -0.49225
-1.1202 -0.7015299999999999 -0.46124
-0.3781300000000001 -0.87852 0.62216
-0.3006900000000001 -0.52506 -0.34717
-0.32768 0.83322 -0.23605
0.7521 -0.39157 0.15787
-0.30337 0.29539 0.49678
0.4890100000000001 1.321 -0.058845
0.03558999999999994 -0.94499 -0.033409
-0.42954 -0.66466 -0.2682
0.47185 0.64623 -0.58755
-0.19278 -0.61246 0.46062
0.1573400000000001 0.93994 0.48518
0.07187300000000003 0.38765 0.73486
-0.5083000000000001 -0.99696 -0.013117
-0.3466900000000001 -0.48673 0.45757
-1.316 -0.7331699999999999 -0.9265099999999999
-0.41953 0.34158 0.42582
0.26072 -0.47791 -0.42892
-0.3352599999999999 0.87852 0.29272
0.07329100000000002 0.5260899999999999 0.71323
0.86202 0.3052299999999999 0.066857
0.12723 -0.04205100000000001 0.55174
0.79262 0.11655 -0.56591
-1.02 -0.5563599999999999 -0.46634
0.3383 1.0372 -0.26754
-1.0678 -0.5935099999999999 -1.0429
0.06890899999999994 -0.79665 -0.29862
-0.71112 -0.88784 0.53415
0.15671 -0.11512 -0.5135999999999999
0.61335 -0.4219600000000001 0.030913
-0.39702 -0.15158 -0.30461
0.4780900000000001 1.0633 0.30603
-0.46416 -0.2925099999999999 0.25107
0.85368 0.34348 0.34262
-0.231 -0.63415 -0.31997
-0.89681 -0.2815699999999999 -0.23288
-1.1443 -0.6957499999999999 -0.51457
-0.19329 -0.90438 0.19586
-1.1017 -0.1665499999999999 -0.11876
-0.15624 0.39074 0.54345
0.76685 0.1946799999999999 0.64353
0.9001 -0.1065400000000001 -0.60728
0.88742 0.3882599999999999 0.11784
0.69613 -0.1992800000000001 -0.30971
-0.4302 0.52602 0.40696
-0.49479 0.12849 0.20332
0.92704 -0.1442400000000001 0.25262
-0.24663 -0.38167 0.44306
-0.83134 -0.3364599999999999 0.026074
0.92344 -0.5631500000000002 0.29537
0.07288199999999997 -0.42781 0.55888
-1.3252 -0.01283799999999992 -0.25036
-0.1214600000000001 -0.94209 0.18068
-0.19514 -0.01276899999999999 -0.46274
-1.0057 -0.5772399999999999 -0.38604
-0.48484 0.4398000000000001 0.35404
0.20996 0.20299 0.74759
0.75326 0.67805 -0.49139
-0.7029 -0.3616599999999999 0.13507
-1.1583 0.1233700000000001 -0.45322
0.85039 0.83832 0.30473
-1.0688 -0.5481399999999998 -0.74174
0.5299800000000001 1.0661 -0.19407
-0.01986699999999999 0.25237 0.69828
-0.06313099999999995 0.9336 -0.33769
0.46749 -0.63733 0.23849
-0.24434 0.20386 -0.43798
0.91688 0.05395599999999994 0.54403
0.71432 -0.45835 0.34689
-0.67215 -0.4145599999999999 0.30621
0.56851 -0.3797300000000001 0.33607
0.21721 -0.52433 -0.43001
-0.08346799999999997 0.38939 0.62246
0.03193200000000006 1.074 0.25455
0.6654400000000001 1.2625 -0.07820000000000001
0.92289 -0.1199300000000001 0.4401
-1.1472 -0.03231599999999993 -0.2625
0.1204400000000001 1.0595 -0.25254
-0.06354900000000005 -0.8284899999999999 0.37983
-1.0459 -0.3311399999999999 -0.035558
0.29174 -0.33548 0.52571
0.29189 1.1065 0.20866
0.21527 -0.29341 -0.43857
0.1230799999999999 -0.8896500000000001 0.29471
-1.0192 -0.7251099999999999 -0.6508699999999999
-0.70166 -0.4852 0.37181
0.02920799999999997 -0.52005 0.56263
0.7162200000000001 1.2193 0.20288
-0.06179500000000004 -0.68445 -0.36209
0.029633 0.031034 0.60924
-0.67249 -0.4561499999999999 0.35481
-0.32659 -0.15194 -0.36943
-0.40322 -0.02050899999999998 0.28729
-0.36389 0.04087700000000002 0.37267
-0.07724199999999995 0.95048 0.40737
0.93553 -0.15574 -0.46885
0.4358400000000001 0.5073800000000001 -0.63282
0.91596 -0.02272900000000005 0.61755
-0.88849 -0.62016 -0.83712
-0.46619 -1.0032 -0.013068
0.8557900000000001 0.4346699999999999 -0.3277
0.8363400000000001 1.0665 0.11104
0.66372 -0.10662 -0.29752
-1.1966 -0.03509699999999993 -0.25724
0.43816 0.7434500000000001 -0.55062
0.4945800000000001 0.99211 0.40009
0.91173 0.15967 0.64285
0.1198300000000001 0.81337 -0.48647
0.30016 0.8759 -0.459
-0.28989 -0.75335 -0.22003
0.85542 0.4645899999999999 0.27184
0.5823500000000001 1.3111 -0.037682
0.23073 -0.61654 -0.40135
0.7459200000000001 1.0627 -0.19179
0.71573 0.2029599999999999 0.60933
0.16214 0.08485499999999999 0.73315
-1.0862 -0.6904299999999999 -0.39015
-0.1371999999999999 0.69731 0.55452
-0.6611 -0.51137 0.39691
0.91865 0.7466799999999999 -0.10677
0.1191800000000001 1.0375 0.35625
-0.45328 -0.07099399999999997 0.20015
-0.01560000000000005 -0.77074 -0.3252
-0.88401 -0.57511 -0.65211
-0.06263500000000002 -0.34082 -0.47121
-0.3185399999999999 0.52354 -0.41057
-0.4218799999999999 0.83893 0.026282
0.5627300000000001 1.1061 -0.21555
0.54236 0.80625 0.54577
-0.2840300000000001 -0.50732 -0.36464
-0.9438800000000001 -0.7055499999999999 0.0074238
0.20115 0.6151799999999999 0.69147
0.91551 0.4440399999999999 0.16374
0.48123 1.2085 0.31312
0.80729 -0.1115800000000001 -0.58648
0.7621599999999999 -0.23109 -0.42993
-1.0107 -0.6949299999999999 -0.24701
0.84942 -0.58807 0.46782
0.56997 -0.46963 0.06826599999999999
0.9274 -0.5163600000000002 -0.27921
0.15904 -0.4277 0.56236
0.88787 0.02568299999999995 -0.4225
-1.1467 0.02375600000000007 -0.42055
-0.93252 -0.5726399999999999 -0.74137
0.83012 0.77719 0.45648
0.02618700000000005 0.93144 -0.3811
-0.46117 0.75117 -0.11132
-0.15329 0.15681 0.52838
0.91483 0.1139499999999999 0.64863
-0.011749 -0.015478 0.55662
-1.1925 -0.7932299999999999 -0.74719
0.52781 0.5777 0.67256
-1.0087 -0.1137999999999999 -0.33497
-1.2815 -0.5560999999999999 -1.0621
0.06693100000000002 0.2496 -0.69582
-0.97189 -0.7657399999999999 -0.27739
-0.42731 -0.44162 0.46149
0.87163 0.1858499999999999 -0.54254
-0.95163 -0.6991699999999998 0.16262
-1.3119 -0.5796699999999999 -1.0482
-0.74157 -0.56168 -0.24652
0.90651 0.4705099999999999 -0.36051
-0.2528799999999999 0.47338 -0.44443
0.4908899999999999 -0.56632 0.25163
0.78177 -0.57631 0.042387
-0.50991 0.66069 -0.11219
0.5868500000000001 0.95184 0.4038
0.02913800000000002 0.37228 0.7277400000000001
0.52794 -0.60362 0.026871
-0.96669 -0.5765099999999999 -0.83261
-0.56473 -0.32933 -0.11513
-0.1285999999999999 1.0414 -0.1299
-0.92123 -0.5465099999999999 -0.60614
-1.3299 0.1508200000000001 -0.42918
0.70625 0.85231 -0.33881
-0.29263 -0.42961 -0.38316
0.3626800000000001 1.251 -0.056436
0.12457 0.38761 0.74622
0.30285 -0.70657 -0.29938
-0.50421 -0.25206 0.15153
-0.48027 0.4336800000000001 -0.24522
0.3864 0.08502399999999997 0.6530899999999999
0.92467 -0.19901 0.34815
-0.1626400000000001 -0.94067 0.073089
0.76954 -0.58891 -0.13696
-0.41442 -0.28945 -0.32266
-0.55767 -0.28715 -0.025162
-0.28617 -0.8289800000000001 0.57907
0.55564 0.43102 -0.6338
-0.1099199999999999 0.79667 -0.41604
0.21316 0.07518099999999998 -0.73023
-0.2895499999999999 0.93551 0.25459
-0.36449 0.385 -0.36685
0.93651 -0.5206400000000001 -0.016112
-0.96454 -0.01686799999999994 -0.14557
-0.7841700000000001 -0.9983300000000001 0.16206
-0.32969 -0.5696 -0.30159
0.39392 0.61513 -0.6112
0.61513 -0.05241800000000003 -0.4308
0.27882 -0.86202 0.15035
0.11802 -0.15078 0.53517
-0.4658200000000001 -0.98963 -0.036057
0.6213500000000001 1.0164 -0.23186
-0.05671399999999996 0.65879 -0.48504
0.91469 -0.2490700000000001 0.51325
0.3800500000000001 1.256 -0.076958
0.56926 -0.3480400000000001 0.39697
0.7480599999999999 0.43386 0.6008
0.1587600000000001 1.1192 -0.022113
0.61424 -0.3511500000000001 0.39432
-0.01487600000000003 -0.42472 0.54077
-0.30463 0.9477 -0.015881
0.35454 -0.15813 -0.3983
-0.3979 -0.9484900000000001 0.5932500000000001
-0.004457000000000006 -0.10609 -0.49723
0.48521 -0.3078400000000001 0.44985
-0.88403 -0.79131 0.39039
-0.84215 -0.2664699999999999 -0.034949
0.57784 -0.11009 -0.30287
0.48821 0.4337599999999999 0.73947
-0.999 0.1253700000000001 -0.29271
0.80199 -0.002393400000000049 0.68773
0.11207 0.6138 -0.60258
0.57548 -0.1994 -0.30625
-0.78263 -0.89635 -0.037596
-0.60656 -0.3709299999999999 0.30855
-1.2028 -0.7874299999999999 -0.84058
0.7086500000000001 1.1054 -0.20326
-0.15521 0.25412 -0.4901
-0.3468 -0.06391799999999997 -0.34474
0.7965 -0.2391200000000001 -0.47287
0.70352 -0.3907600000000001 0.083191
0.34236 -0.42359 0.48616
0.5892000000000001 1.0626 -0.2243
0.93666 -0.2515800000000001 -0.47529
0.84012 -0.1440500000000001 -0.58612
0.2519600000000001 1.0348 -0.25986
-1.2856 -0.5614099999999999 -1.022
0.56385 0.08687899999999997 -0.63859
-0.8353800000000001 -0.94172 0.0098295
-0.35573 -0.39345 -0.35261
0.38792 0.96287 -0.36053
-0.24728 -0.24299 0.44327
0.62051 0.43391 0.6958299999999999
0.8885 -0.06142600000000006 -0.41662
-0.4156 0.83191 -0.058547
-0.89525 -0.62259 -0.86643
-0.66129 -0.5587 0.43641
-0.95555 -0.2149199999999999 -0.040028
0.89215 0.56501 0.38079
0.85963 0.3865999999999999 0.21093
-0.02524500000000006 -0.92054 -0.11059
0.29426 -0.3469 -0.4056
-0.93575 -0.5804999999999999 -0.77637
0.56375 -0.25326 -0.31497
-1.1806 -0.5831799999999999 -0.83852
-1.0492 -0.3712599999999999 -0.19196
-1.192 -0.03806699999999992 -0.40171
-0.17252 -0.24895 -0.44859
0.4726899999999999 -0.56265 0.29526
0.29128 -0.24308 0.52641
0.84053 0.16239 0.66508
-0.52422 -0.19972 0.027886
0.65591 -0.07487100000000003 -0.33869
-1.2505 -0.7383099999999999 -0.9253
-0.7804600000000002 -0.99477 0.12616
-0.2806799999999999 0.78611 0.41296
-0.3441400000000001 -0.53788 -0.30717
-0.1110300000000001 -0.79447 0.39443
-0.91708 -0.46399 -0.1462
-1.1568 0.2749800000000001 -0.4826
-1.0248 -0.07103199999999993 -0.15577
0.08169399999999997 -0.34026 -0.46818
0.66771 -0.35245 -0.26499
0.35112 -0.19748 -0.39718
0.07008800000000003 0.56555 -0.61122
-0.6584600000000002 -0.9664199999999999 0.43947
0.7381200000000001 1.1138 0.29301
-0.14366 0.61827 0.56874
0.29175 -0.19707 0.52145
0.4245399999999999 -0.73202 0.16034
0.1535899999999999 -0.72933 -0.36539
-0.15186 -0.25846 0.50391
-0.06724899999999995 0.93169 0.43434
0.6711500000000001 1.1122 -0.2154
0.2401 -0.7684 -0.27389
-0.51311 0.4807900000000001 -0.20137
-1.2272 -0.6629699999999998 -0.7915
-0.48974 0.06389300000000003 -0.06693300000000001
0.92358 -0.47766 0.3894
-0.26054 -0.80272 -0.17443
0.79472 -0.52421 0.5331
0.03364499999999997 -0.61341 0.53386
0.7988499999999999 0.1248599999999999 0.67842
0.4095500000000001 1.1645 0.27507
0.09353300000000003 0.47992 0.73258
0.3428 0.11513 0.69585
-1.0556 -0.3778 -0.06322
0.79727 -0.51051 0.10733
-0.52764 0.1637 0.06772
0.4805700000000001 0.5230399999999999 -0.62094
0.3544700000000001 1.1649 0.19753
-0.45187 0.12546 0.29342
0.8113 -0.1793400000000001 -0.55333
-1.4023 0.08067800000000008 -0.3505
0.20321 -0.05812700000000001 -0.6414800000000001
-0.45431 0.08091600000000003 0.24332
-1.1571 -0.1297099999999999 -0.35695
0.4769 -0.22754 0.50197
-0.38626 -0.10525 -0.29701
0.01928800000000006 1.0374 -0.25526
-0.12797 -0.40298 -0.44898
0.79543 0.2474499999999999 -0.53549
0.91836 0.3411799999999999 0.56557
-0.98108 -0.5753099999999999 -0.88419
0.51966 0.16892 -0.6856100000000001
-0.56075 -0.2827999999999999 0.11013
-0.01986799999999997 0.52577 0.66045
-0.01278899999999993 1.0988 0.023708
0.70777 0.86829 0.417
-0.11438 0.20653 0.53969
0.93296 0.20605 -0.47494
-0.9454 -0.5810099999999999 0.051852
0.72448 -0.1396900000000001 -0.45548
0.62027 -0.19691 0.47439
-0.4037399999999999 0.77521 0.32653
0.89314 0.74683 0.34932
-0.438 -0.02143699999999997 0.20891
0.52993 -0.24578 -0.32372
-0.6675800000000001 -0.94556 0.49491
-0.08461099999999994 1.042 -0.17549
0.2445 -0.06007600000000001 -0.64593
0.73599 0.43174 -0.57098
-0.06768800000000005 -0.9338 -0.06437
-0.33969 -0.10833 -0.34931
-0.33411 0.16125 -0.37923
0.2857399999999999 -0.64305 0.46269
0.6516600000000001 1.201 0.29104
-0.93774 -0.7902299999999999 0.21119
-0.3987100000000001 -0.8181 0.63758
0.9144600000000001 0.02651799999999994 0.65581
-0.8234400000000001 -0.95987 0.027511
0.09021899999999998 -0.17095 -0.49417
-1.0431 -0.07565999999999994 -0.35666
0.8402500000000001 -0.68771 -0.019065
-0.1422900000000001 -0.9478 0.11155
-0.85251 -0.72489 -0.65382
-1.1768 -0.7328499999999999 -0.61661
0.92755 -0.5630500000000002 0.11431
0.29361 0.34132 0.77032
-0.01367899999999993 1.0828 -0.1174
0.03521899999999999 -0.20205 -0.49105
-0.19249 -0.9144099999999999 -0.019277
-0.24351 -0.65257 -0.30573
0.88584 0.2048899999999999 0.64686
0.4253 0.28763 0.72497
0.3904 0.38394 -0.66448
0.91923 0.5240899999999998 0.51847
0.66476 0.66165 0.57867
0.5538600000000001 0.92057 -0.3591
0.88912 -0.06357800000000005 0.6595800000000001
-0.20489 -0.28932 0.47813
-0.78469 -0.41953 0.25823
0.2499200000000001 1.0653 0.30381
-0.30432 -0.95098 0.30352
0.8499100000000001 0.2166899999999999 -0.5393
0.42331 -0.74049 -0.063175
-1.0112 -0.01877399999999994 -0.34159
-1.1979 -0.5487299999999999 -1.0845
0.04384900000000004 0.65162 -0.54761
-0.3335899999999999 0.47848 -0.41133
-0.96019 -0.7432699999999999 -0.20236
0.92382 0.6111899999999999 -0.38311
-0.45324 0.07090200000000003 -0.19626
0.38684 0.33468 -0.68346
-0.006612399999999996 0.07229099999999999 0.61044
0.7491100000000001 0.07788399999999995 -0.56119
0.67567 0.3876299999999999 0.68038
-0.38586 0.06374000000000003 0.36222
-0.37757 0.10748 0.3967
0.08195900000000002 0.2953 0.74577
-0.3179900000000001 -0.64203 -0.27352
-0.3428599999999999 0.89416 0.25218
0.5423 -0.15332 -0.31048
0.1605200000000001 1.0439 0.35098
0.3721699999999999 -0.81189 0.05031
0.2597900000000001 0.47567 -0.66584
0.35053 -0.37829 0.48181
-0.48044 0.06702100000000002 0.17033
0.24823 -0.51989 0.52382
-0.21412 -0.61253 0.45207
-0.2388 0.16467 0.50589
0.8847699999999999 -0.02604300000000006 -0.59075
-0.59332 -0.83189 -0.19401
0.9040800000000001 0.92743 0.028385
0.65467 -0.01763400000000004 0.4739
-0.36648 0.43292 -0.37712
-0.48231 0.66692 -0.1649
-1.1889 0.1512000000000001 -0.48555
0.2945999999999999 -0.83991 -0.11232
-0.7377500000000001 -0.91782 0.47627
-0.4109099999999999 0.8234399999999999 0.24174
0.15741 0.88444 0.52664
0.07539999999999995 -0.65318 0.52269
0.52813 0.05532899999999997 0.53509
-0.4402 -0.14029 0.26639
-0.15515 0.2952 0.5414
-1.1902 0.2403000000000001 -0.44483
0.07530199999999999 -0.072243 -0.51938
0.57728 0.78671 -0.5059399999999999
-0.52993 -0.24886 -0.066024
-0.3769999999999999 0.52602 -0.36587
-0.41213 -0.29166 0.28908
-0.4207 0.6963200000000001 -0.24425
0.91104 0.8773699999999999 0.098548
-1.3892 0.05890200000000009 -0.38294
-0.094781 0.06837699999999999 0.5496
0.47578 0.99061 -0.30366
0.39252 0.12211 -0.71852
-0.90625 -0.4876699999999999 0.34291
0.16613 -0.61242 0.53693
-0.35593 0.14432 -0.35595
-1.1471 0.1968800000000001 -0.48425
0.3942399999999999 -0.74831 0.21122
-0.91106 -0.1540299999999999 -0.25678
-0.54047 -0.2623099999999999 0.072989
0.91391 -0.5853300000000001 0.26926
0.24839 -0.01732800000000001 0.5708800000000001
0.24117 -0.08237400000000002 -0.6127899999999999
-0.5478499999999999 0.61594 0.025916
-1.1841 -0.6620699999999999 -0.65887
-1.0455 -0.6741399999999999 -0.8549099999999999
0.78257 -0.52565 0.078597
0.7541500000000001 1.1949 -0.021468
0.79821 -0.4720500000000001 0.56597
0.48545 -0.29188 -0.33767
0.12584 -0.29385 -0.46854
0.4470299999999999 -0.53184 0.36405
0.61951 0.66181 0.60642
0.89222 0.79643 0.24716
-0.5091400000000001 -1.0235 0.071287
-0.59587 -0.6183 0.5613899999999999
0.57115 -0.07841800000000004 -0.34173
-1.1112 -0.5335799999999999 -1.0493
0.03021300000000007 1.101 0.11603
-0.4587599999999999 0.51989 0.38171
0.79321 0.80142 -0.23938
-0.1606299999999999 1.0231 0.20839
0.79458 -0.47172 0.20502
-0.3827900000000001 -0.64573 0.67776
-1.0124 -0.6423899999999999 -0.9631
0.7533300000000001 -0.29079 -0.29824
0.59245 -0.3978100000000001 0.069246
-0.56238 0.56887 0.068201
-0.84075 -0.2498499999999999 -0.19341
0.47608 0.29199 -0.68066
0.28743 -0.68835 -0.33107
0.4744 -0.04828100000000003 0.45172
0.86539 -0.09957300000000005 -0.14069
-0.2452 -0.11192 -0.41889
-0.95988 -0.1564 -0.29825
0.85228 0.43114 -0.1991
-0.91251 -0.5409699999999998 -0.43386
-0.93635 -0.5376599999999999 -0.5108200000000001
0.93727 -0.38098 -0.15349
0.91911 0.6158199999999999 0.42919
-0.69133 -0.34499 0.073475
-1.2746 -0.6553599999999999 -0.88283
0.8932 0.69443 -0.33999
-0.1522900000000001 -0.9315600000000001 0.16523
0.93716 -0.34284 -0.19781
-0.3426900000000001 -1.0235 0.1183
-0.3568499999999999 0.49516 -0.39032
-0.3414300000000001 -0.5764899999999999 0.56602
0.52844 -0.10287 -0.33268
0.5255 -0.60594 0.11786
-0.50448 -0.70621 -0.2668
-0.50887 -0.4273899999999999 0.42948
-0.41553 0.83194 0.2025
-0.91877 -0.6592699999999999 -0.88807
-0.6453000000000001 -0.95373 -0.021736
0.2602 0.88886 0.53245
0.92274 0.7957199999999999 0.021612
-0.50545 -0.15786 -0.11529
0.83564 0.03207999999999995 -0.58046
-0.81051 -0.70701 -0.46897
-0.13934 -0.9056999999999999 -0.0958
0.20441 -0.52006 0.53372
0.28799 -0.7831 0.3361
0.3893900000000001 1.3276 0.11551
-1.2813 0.07207000000000008 -0.46287
0.43474 -0.01803200000000003 -0.60157
-1.147 0.06988400000000007 -0.43241
0.20421 -0.5662199999999999 0.53578
0.2426 -0.005895100000000015 0.59783
-0.96839 -0.5379399999999999 -0.475
-0.16894 0.99303 -0.16808
0.2870500000000001 0.76317 -0.53507
-0.05437699999999994 1.0655 0.20836
0.79426 -0.3820000000000001 0.56212
0.79588 -0.65141 -0.018902
-0.2840200000000001 -0.73427 -0.23773
0.30687 0.6641 0.67606
0.85966 0.20985 0.29282
0.214 0.03346399999999999 0.69462
0.03454700000000006 0.97786 0.43271
-0.3829400000000001 -1.0005 -0.012491
0.56565 0.3386399999999999 -0.64656
-0.31991 -0.1508 0.37248
0.15461 -0.56623 0.5493
0.7832600000000001 1.0502 0.28514
-0.02458200000000005 -0.82973 0.38871
-0.53553 0.62873 0.17329
0.7535500000000001 -0.1960200000000001 -0.47349
-0.3834500000000001 -1.0158 0.025834
-0.4670400000000001 -1.0286 0.071451
-0.3423700000000001 -1.0184 0.072217
-0.84106 -0.3289199999999999 -0.18942
0.42805 0.84171 0.53033
-0.30374 0.33386 0.49908
0.9202399999999999 -0.1977500000000001 -0.33697
0.92518 -0.4689 0.34564
-0.37982 -0.2454 -0.34444
-0.4219700000000001 -0.92334 -0.15899
0.19279 -0.04392700000000001 0.54654
0.7248599999999999 0.3415099999999999 0.6192299999999999
0.71699 -0.3822200000000001 0.47499
-0.91817 -0.14588 -0.093913
-0.15875 -0.47205 -0.41718
-0.96025 -0.7199499999999999 -0.5774899999999999
-0.1535799999999999 0.84844 0.44886
-0.94502 -0.46826 0.047468
-1.0785 0.21241 -0.41563
0.3481000000000001 1.0834 0.26099
0.77359 0.47993 0.57323
0.62049 0.89231 0.44749
-1.1017 -0.6586899999999999 -0.9203
-0.977 -0.7799699999999999 -0.46598
0.2899499999999999 -0.86678 -0.016858
0.7971 0.4782799999999999 -0.5079
0.5335800000000001 0.3414599999999999 0.71014
0.11117 0.56752 -0.6176700000000001
0.12225 -0.51864 -0.43861
0.2617800000000001 0.98709 0.43096
0.1596100000000001 0.95392 -0.40625
-0.3869699999999999 0.84711 -0.11869
-0.60242 -0.83294 0.65273
0.71532 -0.19834 -0.338
0.80581 0.84736 0.35144
-1.1466 -0.7928199999999999 -0.65615
0.84356 0.6170099999999999 -0.47901
0.9121 0.8324999999999999 0.14644
-1.3162 -0.6042099999999999 -1.0502
-1.1188 -0.5914999999999999 -0.60872
-1.0014 -0.05776699999999994 -0.1103
-0.02153100000000003 -0.47063 -0.45745
0.57851 0.5692700000000001 0.67728
0.55808 -0.51394 0.069355
0.9355599999999999 -0.4700500000000001 0.06911
-0.08641100000000002 -0.19703 0.50464
-0.96339 -0.2493599999999999 -0.27608
-0.4721899999999999 0.75096 -0.06826500000000001
-0.1886 -0.90702 -0.054796
-0.32572 -0.05484199999999998 0.37894
0.61972 -0.24523 -0.30536
-0.34108 -0.28936 0.3603
0.76401 0.3309699999999999 0.5954700000000001
-0.3708 0.7072000000000001 0.39995
0.1279999999999999 -0.94426 0.028562
0.91562 0.7941199999999999 0.15585
-0.03878899999999999 0.16569 -0.5754
-0.33262 0.34363 -0.38522
0.72234 0.5895899999999999 0.58164
0.43032 1.3052 0.21355
-0.5265300000000001 0.20603 -0.06812600000000001
0.7263500000000001 -0.50903 -0.015557
-0.059908 0.071607 -0.50556
0.70405 0.06459699999999996 0.62412
0.85071 0.3873199999999999 -0.2913
0.5903100000000001 1.2245 -0.17454
-1.1871 -0.05319199999999993 -0.23827
0.15537 -0.91113 0.20918
-0.5540100000000001 -0.96484 0.52351
0.3347000000000001 0.82458 0.54655
-0.04486599999999993 1.0907 0.023723
-0.43036 0.28763 0.40778
-0.11184 -0.6025199999999999 -0.38696
0.9285600000000001 0.4751699999999999 -0.42624
0.3025600000000001 0.56693 0.71909
0.3245 -0.40786 0.50177
0.3448200000000001 0.7685 -0.53752
0.11875 0.60677 0.69332
-0.92175 -0.2433899999999999 -0.02718
-0.45388 0.3020600000000001 0.38637
0.92525 -0.2463 -0.018845
0.03126499999999998 -0.28914 0.53327
0.1621499999999999 -0.89364 0.25192
0.75476 -0.42327 0.10943
-0.07551200000000005 -0.94335 0.21928
0.44153 0.06049699999999997 0.57501
-0.54844 0.3922900000000001 -0.11609
-0.28217 0.29537 0.5065499999999999
-0.7397 -0.4095599999999999 0.26122
0.2067300000000001 1.1161 0.16437
-0.69075 -0.74334 0.6129599999999999
-0.53228 0.47905 -0.16337
0.50342 0.17273 0.68481
0.03587600000000005 0.83347 0.55667
0.70039 0.2930099999999999 -0.60434
-0.7069299999999999 -0.85609 -0.12919
-0.53585 0.62143 -0.074364
0.3074700000000001 0.61461 -0.60399
0.65369 0.34904 0.68834
-1.1409 -0.5407799999999999 -0.95717
-0.47497 -0.10728 -0.15562
0.85799 0.29997 -0.11158
-0.2514 0.9029199999999999 -0.25665
-1.0387 -0.7404199999999999 -0.33548
0.20851 0.57562 -0.62288
0.30217 0.7571 0.62559
0.08468800000000003 0.43076 0.73366
-0.37397 0.61522 0.41926
0.4493 -0.43088 0.39819
-1.2622 -0.7526699999999998 -0.8124400000000001
-0.2566600000000001 -0.87669 0.34478
-0.88632 -0.2043999999999999 -0.2368
-1.1365 -0.31579 -0.15388
0.56958 0.07849799999999996 0.5676
0.1703 -0.38595 -0.46481
0.86413 0.13159 0.2115
0.48502 -0.19978 -0.33525
0.1203099999999999 -0.92337 -0.10987
-0.73935 -0.52214 -0.20265
0.71755 -0.4193100000000001 0.068634
0.8134600000000001 1.068 0.2037
0.9212399999999999 -0.3818500000000001 0.43864
0.78145 -0.1815100000000001 0.49811
0.16969 -0.82429 -0.24907
0.92416 -0.3185700000000001 -0.38598
0.92406 0.6142799999999999 -0.24353
-0.24614 0.61461 -0.41499
0.15577 -0.01389200000000001 0.61407
0.88493 0.3862599999999999 -0.51492
0.47137 -0.33207 0.43016
-0.39159 -0.07054899999999997 0.30414
0.70267 -0.4865700000000001 -0.10731
0.2090400000000001 1.0291 -0.29065
0.62116 -0.15064 0.46408
0.1723399999999999 -0.89539 0.22105
0.10836 0.6797299999999999 0.63658
-0.01455000000000001 -0.1536 0.5386
-1.0174 -0.5627999999999999 -0.96901
0.8123000000000001 1.1222 0.070184
-0.4296800000000001 -0.9745200000000001 0.56829
0.5318700000000001 1.0231 -0.2067
0.86511 0.18296 0.16733
-1.0208 -0.5482899999999999 -0.51085
-0.56293 -0.3227099999999999 0.25625
0.4349600000000001 0.78959 -0.49975
0.76142 0.3875299999999999 0.5860300000000001
-1.0228 -0.6306799999999999 -0.99408
-0.10597 0.3449 -0.4887
-0.1913199999999999 0.87536 -0.32362
0.4418500000000001 1.073 -0.15659
-0.73575 -0.86595 -0.10414
-0.34029 -0.96169 0.56114
-0.19351 -0.9140200000000001 0.16514
-0.75238 -0.89023 0.49189
-0.38694 0.80626 0.30717
-0.36191 -0.28932 0.33875
0.4771300000000001 0.93153 0.47433
-0.006975499999999936 1.0512 -0.20329
-0.51539 0.15996 -0.06289400000000001
-1.3359 -0.02210599999999992 -0.28651
-0.37917 0.57476 0.42755
-1.0112 -0.6043299999999999 -1.0073
-0.06921499999999994 0.97605 -0.29402
-1.1503 -0.01232399999999993 -0.41083
0.91249 0.5063299999999998 -0.031854
0.08289099999999998 -0.47891 -0.45964
-0.5151400000000002 -1.0344 0.15966
-0.02384400000000001 -0.11994 0.54572
0.3259799999999999 -0.81801 -0.10167
0.88396 0.43785 0.20845
-0.61116 -0.31607 0.024522
-1.1468 -0.1970299999999999 -0.09804400000000001
0.33696 0.83008 -0.49724
-1.0709 -0.6525199999999999 -0.37695
-0.46477 -0.32013 0.30671
-0.03219499999999999 0.11999 -0.56114
-0.4676400000000001 -0.89198 0.62908
-0.64669 -0.7448900000000001 -0.23357
-1.0221 0.1599400000000001 -0.32891
0.3964800000000001 0.70758 -0.57476
-0.04855199999999996 0.69508 0.59179
-0.45464 -0.19885 0.24515
0.78989 -0.2836400000000001 -0.33695
-1.0995 -0.2228799999999999 -0.30562
-0.10597 -0.2449 0.50906
0.66284 -0.4595600000000001 -0.15383
-0.4630400000000001 -0.51198 -0.25905
0.87214 -0.01098300000000005 0.1617
-1.2386 0.06162300000000007 -0.34248
-0.55302 0.34041 -0.067096
0.52552 0.52334 -0.60325
-0.88449 -0.71439 -0.70013
-0.2349999999999999 0.73702 -0.3673
-0.59333 -0.3523399999999999 0.28882
-0.07789599999999994 1.0361 0.26478
0.5284700000000001 1.3198 0.19847
0.85319 0.1998099999999999 0.39294
0.88346 -0.51501 0.56591
0.93729 -0.06675200000000006 -0.56491
-0.30391 0.06801700000000001 -0.39281
0.07440800000000006 0.88597 0.52991
-0.06274600000000001 -0.24855 -0.46602
-1.0162 0.06511300000000006 -0.33809
-0.05533700000000005 -0.90299 -0.14114
-0.2922 0.88372 0.33762
-0.77981 -0.8746699999999999 0.47556
-0.20457 -0.33554 0.47267
-0.79078 -0.2902399999999999 -0.10579
0.88967 0.52424 -0.32493
-0.25829 0.01802100000000002 0.45151
0.69451 -0.10863 0.47714
-0.46068 -0.01591799999999997 0.16321
-0.1321 0.06654800000000001 -0.49622
0.1596600000000001 1.1044 0.2084
0.66379 -0.19893 -0.30126
0.3294000000000001 1.1594 0.022191
-0.002255400000000034 -0.55063 0.54959
0.08754699999999996 -0.77449 0.45633
-1.1485 -0.5635899999999999 -1.0716
-0.91762 -0.5173599999999999 -0.11
-0.9480499999999999 -0.6943099999999999 0.23536
-1.1478 0.1159900000000001 -0.34564
0.53256 -0.15082 0.48598
0.1607099999999999 -0.69668 0.4897
0.91261 -0.1429700000000001 0.55215
0.4095900000000001 1.1954 0.27509
-0.4259000000000001 -0.59212 0.63215
0.12647 -0.38617 -0.46491
0.1245 0.43379 0.7468399999999999
0.20074 -0.03242600000000002 0.56891
0.17149 0.02884999999999999 -0.7115
0.2594600000000001 0.61668 -0.605
0.343 0.12197 -0.72828
-0.73293 -0.65694 -0.28475
-1.0192 -0.01219799999999994 -0.152
0.93654 -0.3387500000000001 -0.11082
-0.923 -0.5980799999999998 -0.83424
0.92067 -0.2432400000000001 0.47309
0.8092100000000001 1.1178 0.12427
0.91721 0.02261599999999995 0.53762
-0.78877 -0.64488 -0.48397
-0.01185599999999993 1.0807 0.20829
0.1602999999999999 -0.92543 0.074783
-0.6576700000000001 -0.9628 0.25503
0.01388300000000003 0.56913 -0.57931
0.06809999999999999 -0.028554 -0.60719
0.2500500000000001 0.86353 0.55003
0.92777 -0.29023 -0.42686
-0.8670100000000001 -0.9641999999999999 0.06994599999999999
0.15707 0.8379 0.56752
-0.82354 -0.79981 -0.16882
-0.46373 -0.4412199999999999 0.46219
0.8671 0.07355599999999994 0.112
-0.29785 0.24548 0.494
-0.2799700000000001 -0.92957 0.25118
-0.2158 0.6644099999999999 0.4898
0.6061 0.11936 0.61251
0.26054 0.70313 0.66984
0.69825 -0.4257600000000001 0.43437
-0.27745 -0.97626 0.069594
-0.3011499999999999 0.76422 0.40855
0.38715 0.83838 0.52577
-0.25262 0.89715 0.35168
-0.20504 -0.01252899999999999 0.47893
-0.8160900000000001 -0.99236 0.23861
-0.42311 -0.5229 0.51506
0.06496600000000005 0.85782 -0.44819
0.1678699999999999 -0.78903 -0.29774
0.20734 -0.48405 0.54171
0.29429 -0.05898900000000002 0.49508
-0.4262000000000001 -0.61316 0.65579
0.75407 0.57606 0.56472
-0.38299 0.29149 0.44771
-0.26966 0.30245 -0.45
-0.2503500000000001 -0.79122 0.55865
-0.25415 -0.74708 0.5684
-0.09785799999999995 0.82917 0.50205
-0.59993 -0.3864199999999999 0.33878
-1.2363 -0.5654799999999999 -1.0781
0.20691 0.61222 -0.60634
-0.79775 -0.70483 0.52845
0.3378999999999999 -0.81928 0.16203
-0.5495100000000001 0.2560000000000001 0.07458099999999999
0.3860000000000001 0.93223 0.47226
-0.48028 0.3470800000000001 -0.25684
0.65365 0.4337599999999999 0.68627
0.5269900000000001 0.96566 0.42485
-0.64176 -0.6243300000000001 0.55836
-0.2576499999999999 0.7184 0.4498
0.16068 0.24932 -0.72363
-0.73761 -0.4 0.21212
-0.16751 -0.42391 0.49257
-1.0907 -0.7397099999999999 -0.43235
-0.4556999999999999 0.47428 -0.28085
-0.2771100000000001 -0.94303 -0.020014
0.65564 -0.4252300000000001 0.03046
-0.96692 -0.19867 -0.05689
-0.06321700000000001 -0.20246 -0.46989
-0.96711 -0.1579699999999999 -0.06582399999999999
0.81995 -0.4878600000000001 0.18595
0.56392 -0.48045 0.10913
-0.2457100000000001 -0.69595 0.52916
-0.10818 -0.11038 -0.47409
0.16982 -0.20136 -0.46076
0.3981999999999999 -0.47694 -0.33545
0.32091 1.1394 0.035725
-0.90117 -0.74709 0.37716
-0.8530799999999999 -0.73448 -0.60872
-0.40646 -0.512 -0.27424
-0.93466 -0.6090599999999999 0.30135
-1.2387 -0.02370199999999992 -0.24907
-0.57119 0.52096 0.067915
0.62032 -0.15293 -0.29517
0.1587499999999999 -0.73476 0.46678
0.8643999999999999 0.08894899999999994 -0.01957
0.86127 -0.54545 0.14403
0.57783 0.4310099999999999 -0.62677
-0.01205599999999997 0.47782 -0.6019099999999999
-1.1047 -0.5479799999999999 -0.88018
0.91687 0.6585299999999998 0.38733
-0.30752 0.25732 -0.3976
0.42847 -0.01608000000000003 0.46796
-0.55155 0.29351 -0.013612
0.4292 -0.28726 0.47906
-0.20197 0.8438 0.43686
-0.3475699999999999 0.90301 0.21309
-0.1372 0.56449 -0.452
-0.25031 0.34153 0.52368
-0.7703400000000001 -0.95096 0.36731
-0.92482 -0.06507499999999994 -0.1527
0.09365000000000001 0.12587 0.72924
0.2938899999999999 -0.8250999999999999 -0.15548
0.07362200000000008 1.1035 -0.11451
-0.46737 0.06986800000000003 0.20535
-1.1472 -0.01309799999999993 -0.27533
0.92135 -0.1096400000000001 0.29598
0.80418 -0.06964000000000005 -0.58978
0.86177 0.34311 0.158
-0.05557700000000003 -0.42776 0.53081
0.3468000000000001 1.1111 0.20272
0.6675800000000001 1.2173 0.25995
-0.2355700000000001 -0.92889 0.072732
-1.1011 0.1623000000000001 -0.42893
0.9326 -0.6055400000000001 -0.24038
0.71376 -0.4619900000000001 0.022557
-1.264 -0.6252699999999999 -0.89779
-0.39777 0.61764 0.40629
0.7997500000000001 1.0655 -0.12017
-1.1408 -0.5318899999999999 -1.0187
-0.32705 0.11695 -0.38173
0.2435 0.49536 0.72703
-0.36702 -0.3647 0.36412
0.91934 -0.02521400000000006 0.52927
-0.1569200000000001 -0.70189 0.44582
-0.2576800000000001 -0.91548 0.4752
-1.2963 -0.6515599999999999 -0.91636
-0.56955 -0.8917 -0.15827
0.85928 0.50527 -0.25271
0.4694999999999999 -0.68581 -0.06615
-1.2262 -0.1851199999999999 -0.27081
0.29382 -0.38543 -0.41146
0.0008985400000000423 0.69071 -0.50071
-0.08776499999999998 0.26666 0.59735
0.85362 0.2527699999999999 -0.33704
-0.19871 0.16699 -0.46278
-0.45705 0.02576300000000003 -0.16112
0.45076 -0.19997 -0.35217
0.52773 0.66181 -0.5665
0.5678299999999999 0.4772299999999999 -0.614
-0.55741 -0.4698399999999999 0.44348
-0.94215 -0.5606399999999999 0.2512
-0.24249 0.79709 -0.33313
0.33573 1.1267 0.16047
-1.1814 -0.2253699999999999 -0.26979
0.25656 0.20644 -0.72311
0.85292 0.29193 -0.28673
0.8599 0.85371 0.27137
-0.2955199999999999 0.6682900000000001 0.44655
0.30102 -0.85101 0.075531
-0.45637 -0.15993 0.24377
0.85164 -0.60447 -0.23108
0.43995 -0.703 -0.10659
0.65034 0.82186 -0.45195
0.2339199999999999 -0.90707 0.1213
0.5701600000000001 1.2809 0.24457
0.74364 -0.12494 0.53617
-0.32477 -0.06329199999999999 -0.36793
0.93131 0.39034 -0.46938
-0.74743 -0.40316 -0.13963
-0.8737700000000002 -0.93508 0.25265
-0.76737 -0.59273 -0.34926
-0.4005699999999999 0.80986 -0.15651
0.53545 -0.47873 0.20803
0.07126900000000004 0.70482 0.61447
-0.9464 -0.5345799999999999 0.07954
0.57403 0.84888 -0.42467
-0.01033699999999999 0.12159 0.65881
-0.3803599999999999 0.8846000000000001 0.070775
0.75093 -0.4729800000000001 0.52851
0.249 -0.04850200000000002 0.51535
-0.91818 -0.3961799999999999 0.052442
-0.98166 -0.7234599999999999 -0.59294
-0.53662 0.57952 -0.12
-0.55671 -0.2983899999999999 0.20308
0.85547 0.2509799999999999 -0.24949
-0.49324 0.04189400000000003 0.082063
0.7453800000000002 1.0199 0.3425
-1.4141 0.1119100000000001 -0.38721
0.48448 -0.42566 0.34327
-0.3227599999999999 0.91144 -0.13768
0.1928299999999999 -0.72956 0.45842
0.5693300000000001 1.2669 0.26527
0.8984 -0.3172400000000001 -0.37269
-0.05446700000000002 -0.19713 0.51363
0.91706 0.5285599999999999 -0.19496
0.93511 -0.2895800000000001 -0.16077
-0.36765 -0.41007 0.40698
0.86297 -0.02526800000000005 -0.15578
0.87457 0.4425999999999999 -0.34929
-0.41851 -0.42546 -0.28524
-1.0616 0.1178600000000001 -0.38414
0.7485500000000002 1.2013 0.16279
-1.0082 -0.2873599999999999 -0.025905
-0.29897 -0.28936 0.39906
0.51039 -0.64944 0.023839
-0.10083 0.4329 0.56784
-0.2446 0.02834300000000001 0.46899
0.53177 -0.42343 0.25175
0.75841 0.3394699999999999 -0.56712
0.1162200000000001 1.1105 0.1161
0.11796 -0.06603000000000002 0.53445
0.92386 -0.02456000000000005 -0.59038
-0.4266200000000001 -1.0145 0.3486
0.57612 -0.4568900000000001 -0.15133
-0.1365400000000001 -0.91033 0.24664
-0.37403 -1.0348 0.16428
0.92066 0.5254099999999999 0.47436
-0.59796 -0.69635 -0.25568
0.44354 0.02886299999999997 0.52163
0.4067600000000001 0.67685 -0.58397
0.2618599999999999 -0.52396 -0.41715
-0.05995799999999998 0.30277 0.65961
-0.01287699999999993 1.1002 -0.022352
0.007729500000000004 0.060483 -0.6203
0.29436 -0.47771 -0.417
-1.011 -0.7789099999999999 -0.38492
-0.94114 -0.6934099999999999 -0.064498
-0.91252 -0.5653899999999998 -0.10563
0.07242499999999999 -0.28592 0.53443
-0.1935500000000001 -0.92721 0.072923
0.05549099999999995 -0.8113899999999999 -0.28088
0.57037 0.73669 0.59832
-1.1921 0.2579400000000001 -0.46898
-1.0486 -0.1179699999999999 -0.35198
-0.50376 0.65668 0.2496
0.03258499999999996 -0.65879 0.51596
-1.1103 -0.7228399999999999 -0.7786999999999999
-1.2805 -0.0003333799999999216 -0.40842
-0.84031 -0.57862 -0.55604
0.4139399999999999 -0.59676 0.37559
-0.008704800000000013 -0.20225 -0.48345
0.03947500000000002 0.2953 0.7368400000000001
0.12107 -0.62263 0.54222
0.8871 -0.3322300000000001 -0.3287
-0.56188 0.3409800000000001 0.026019
0.2451200000000001 1.1171 -0.06808
-0.97983 -0.03055999999999994 -0.12479
0.6165800000000001 1.3082 0.16557
-0.7102700000000001 -0.99669 0.16241
-1.3183 -0.6193499999999998 -0.97917
-1.1362 0.04940500000000007 -0.30666
0.88861 0.2540499999999999 0.6309399999999999
-1.1409 -0.5370399999999999 -0.9801
0.85902 0.4348699999999999 -0.16157
-0.77637 -0.65267 -0.43118
-0.30182 -0.96086 0.33988
0.85785 0.5142099999999999 0.30498
0.6142 0.8995300000000001 -0.33919
0.11898 0.65942 0.65423
-1.2945 -0.6977699999999999 -0.87981
-0.36737 0.30296 0.45791
-1.1148 -0.2654299999999999 -0.26827
-0.05788899999999995 0.86605 0.50129
0.6885600000000001 1.1837 0.27908
-1.1921 -0.01506899999999993 -0.41458
0.2020399999999999 -0.91888 0.12109
-0.05705499999999999 0.10681 0.56248
0.35386 -0.74932 -0.20242
-1.4122 0.1226300000000001 -0.46279
-0.24646 -0.10487 0.43438
-0.54687 0.2970900000000001 -0.061037
0.3976 0.1685 -0.71924
-0.40396 0.16156 -0.28305
0.83919 -0.2928200000000001 0.55047
-0.06391400000000005 -0.87044 -0.20342
-0.27934 -0.69661 0.61736
0.9179 -0.6795400000000001 0.010291
-0.50261 -0.11188 0.06751500000000001
-0.01277399999999993 1.0961 0.06987699999999999
0.61376 0.07703499999999996 -0.60507
0.66501 0.21346 0.64312
0.66711 -0.3934900000000001 0.24648
-0.4836099999999999 0.71102 -0.11597
-0.46573 -0.64662 -0.26899
0.6032600000000001 1.0606 0.36225
-0.17303 -0.47396 0.49393
0.07657899999999995 -0.7921 0.43661
-0.84001 -0.5617799999999999 0.442
-0.82638 -0.77066 -0.24404
0.8931200000000001 0.9288 0.10678
0.86045 0.33927 -0.017088
0.61447 0.05567299999999997 0.53065
-0.1094 -0.47394 0.52282
0.15691 0.78911 0.60563
0.19978 -0.09856200000000001 -0.55605
-1.2346 -0.002353399999999924 -0.28177
-0.45999 0.78954 0.074421
-0.4539099999999999 0.64112 -0.23396
-0.00930790000000001 -0.15612 -0.48946
-1.1473 0.25276 -0.42555
0.11092 0.7079800000000001 0.62809
-0.26985 -0.93868 0.48499
0.07472000000000004 0.61065 -0.5966399999999999
0.2601299999999999 -0.85544 -0.12474
-0.59655 -0.30496 0.12432
0.93826 -0.5168700000000002 -0.11066
-0.40888 -0.20261 -0.31734
-0.27826 -0.05872899999999999 0.41457
0.3464 0.7981 0.5703
0.83623 -0.4768600000000001 0.58233
-0.94774 -0.5083399999999999 0.010929
0.93231 0.02559799999999994 -0.46767
-0.1103199999999999 1.0024 -0.23679
0.7130300000000001 -0.43011 0.47386
0.20771 0.5527 -0.63391
-0.93468 -0.6115699999999998 -0.92544
0.1726499999999999 -0.80775 0.40547
0.03197799999999996 -0.5631 0.55469
0.3916000000000001 0.47627 -0.64416
-0.20968 -0.02877899999999999 -0.44757
-0.87512 -0.61316 -0.74017
0.07517400000000002 0.16525 -0.7084
0.37795 -0.04708200000000002 -0.59376
0.20373 -0.34732 -0.4524
-0.006178600000000058 -0.94482 -0.033749
0.86365 0.02662999999999995 -0.15883
0.5219 -0.3836300000000001 0.34131
0.86351 0.07364699999999995 -0.10728
0.90987 -0.1534500000000001 0.22173
-0.5622200000000002 -0.9327 -0.11086
-1.3277 0.08077600000000008 -0.4631
-0.29519 0.79874 -0.29805
-0.2548899999999999 0.63691 -0.40371
0.3901700000000001 1.1546 0.25156
-0.49547 0.51213 -0.23219
0.75857 0.2485599999999999 0.61791
0.74341 -0.51936 -0.15289
-0.97257 -0.6507599999999999 -0.20092
0.66312 0.06708499999999996 -0.57884
0.9243 -0.06681200000000005 0.1583
-1.2082 -0.1527599999999999 -0.1446
0.5201900000000002 1.0066 -0.24882
0.75051 -0.05840400000000005 0.61616
0.3148400000000001 1.1362 0.10352
-0.6100700000000001 -0.91974 -0.10973
0.9256 -0.1890500000000001 0.0070027
0.88708 -0.2056500000000001 -0.5696600000000001
0.3422600000000001 1.1233 -0.067574
-0.15149 -0.51239 0.50217
-0.24392 -0.42377 -0.40895
-0.46168 -0.10708 0.20642
0.26015 -0.38555 -0.427
-1.418 0.1438000000000001 -0.42829
0.7565499999999999 0.6042999999999999 0.5491
0.83287 -0.06334400000000005 0.66188
-0.3839900000000001 -1.0281 0.07201399999999999
0.92358 -0.5605700000000001 0.38515
-0.46767 -0.5622 0.56769
0.1067599999999999 -0.95142 0.12067
-1.1206 -0.6383899999999999 -0.50456
-0.02199899999999999 0.10452 0.62137
0.47983 0.12464 0.64895
0.20224 -0.42772 0.5585
0.12027 0.70222 -0.55031
0.14655 -0.08243700000000001 -0.5722
0.86524 0.1584 0.11604
-0.11027 0.02616600000000001 0.53998
0.38999 -0.15092 0.509
0.61598 -0.04498100000000003 -0.46161
-0.3646799999999999 0.57255 -0.3682
0.4184599999999999 -0.72584 0.19034
-0.76541 -0.70501 0.55638
0.24906 0.04423499999999998 0.68936
0.25925 -0.15476 -0.42952
-0.48881 0.02464700000000003 0.019577
0.09566500000000006 0.945 -0.40096
-0.2627100000000001 -0.85356 -0.12754
-0.96589 -0.5424999999999999 -0.6533099999999999
-0.5663899999999999 -0.28382 0.019444
-0.4999299999999999 0.64395 0.27801
-1.1995 -0.6028999999999999 -0.83063
0.62279 -0.4326700000000001 -0.20007
0.8781 0.7404500000000001 -0.19639
0.91504 -0.5986800000000001 0.10619
-1.0671 -0.33577 -0.054303
-1.3772 0.1173200000000001 -0.37984
-0.82614 -0.8408 -0.11758
-0.93223 -0.6427499999999999 -0.9219000000000001
-0.43433 -0.249 0.25779
0.12554 -0.20158 -0.46726
0.88175 0.88907 0.20342
-0.3947700000000001 -1.0386 0.12569
-0.53907 0.60334 0.19692
-0.78512 -0.84931 -0.12479
0.5633300000000001 0.93355 -0.33586
-0.2540000000000001 -0.62574 0.47104
0.93086 0.1690999999999999 -0.5148200000000001
-0.69012 -0.3848299999999999 0.21179
-0.96077 -0.2909599999999999 -0.25952
0.7535600000000001 1.2056 0.024528
-1.1045 -0.5729499999999998 -0.64642
0.24677 1.1095 0.208
0.69672 0.1273299999999999 -0.59323
-0.1163499999999999 0.9982799999999999 0.31341
-0.5575 0.47984 0.20698
0.026867 0.011421 0.5779300000000001
0.66893 0.76536 -0.48548
-0.7830600000000001 -0.91812 -0.014144
0.26038 -0.33938 -0.42036
-0.78054 -0.46722 -0.16007
0.61219 0.52352 -0.6019099999999999
0.47634 0.12237 -0.68898
-0.15697 0.20372 -0.48716
-0.02013700000000006 -0.9542 -0.01392
-0.38185 0.02505800000000002 0.34482
0.8659500000000001 1.0164 0.029125
0.8256600000000001 1.012 -0.14207
0.17031 -0.29364 -0.45741
0.75854 -0.2123800000000001 0.50531
-0.10421 0.66729 0.58465
-0.2563199999999999 0.94818 -0.16583
-0.59824 -0.6045199999999999 -0.26041
-0.4501 0.24943 0.37586
-0.65909 -0.41525 -0.15947
0.79353 0.8336 0.38736
-0.1265500000000001 -0.71262 0.44904
-0.73844 -0.3497199999999999 -0.018781
0.8676 -0.02341400000000005 0.30048
-1.0605 -0.3855199999999999 -0.16212
-0.00711240000000002 -0.3406 -0.47099
0.01933100000000003 0.43378 0.71593
0.80285 -0.47096 -0.25556
0.89209 -0.3817800000000001 -0.31857
-1.1821 -0.7090499999999998 -0.88187
0.3482100000000001 1.2933 0.11702
0.6951100000000001 1.2459 -0.067574
0.26007 -0.8845 0.07831200000000001
-0.48367 -0.24591 0.17477
0.64895 -0.02825900000000004 0.44845
-0.2457499999999999 0.87612 0.38097
0.4288500000000001 0.65831 0.6573600000000001
0.1582300000000001 0.70908 0.64664
-0.56453 -0.65011 -0.26686
0.61942 -0.01074700000000004 -0.52336
0.73836 -0.2203900000000001 -0.38619
0.86492 0.2195199999999999 0.16069
0.73525 0.2469999999999999 -0.58775
-1.2602 -0.7776899999999999 -0.91051
-0.041944 0.12937 0.60688
0.84428 -0.56253 0.11442
-0.1128999999999999 1.0289 0.25253
0.90737 0.8336399999999999 -0.085246
-0.94819 -0.6516699999999999 0.24478
-0.91503 -0.8770499999999999 0.071141
0.71114 -0.01702000000000005 -0.51952
0.10687 -0.95363 0.074506
0.3719500000000001 1.1435 0.21988
0.07161300000000002 0.51702 -0.6362
-1.3806 0.09527300000000008 -0.34714
0.39495 -0.29236 -0.37587
-0.4857900000000001 -0.69698 0.68037
-0.93729 -0.7521399999999999 -0.15855
0.91758 0.06777599999999995 0.6147
-0.6550100000000001 -0.95534 0.47951
0.30069 0.29132 -0.7085
-0.78264 -0.69456 -0.41917
0.6241100000000001 -0.38975 0.29262
-0.13378 0.6549199999999999 -0.45898
-0.2785699999999999 0.96413 -0.058047
0.3671099999999999 -0.81279 0.014255
0.93703 -0.2017 -0.5153
0.93061 -0.6553400000000001 -0.014619
-0.24911 -0.33883 -0.41165
-0.38522 -0.02162199999999997 -0.29699
0.11049 0.042035 0.68732
-0.50293 -0.10926 0.023672
-1.096 -0.6513299999999999 -0.43196
0.86337 -0.15374 -0.28539
0.07434500000000005 0.94174 0.48851
-0.45028 -0.04045899999999997 0.18841
0.16963 0.10896 0.74609
0.86663 0.06668399999999994 0.21152
-1.0698 0.1172700000000001 -0.27586
0.2626200000000001 0.57598 -0.62503
-1.3009 -0.5860399999999999 -0.99502
0.68429 -0.03393000000000004 0.54151
0.89136 0.74704 -0.16619
0.90013 0.73216 0.0025412
-1.0992 0.1184400000000001 -0.41527
0.11888 -0.24326 0.52507
-0.51205 -0.15663 -0.064778
0.07390499999999994 -0.87266 0.33429
