-0.042566 0.77145 -0.25089
0.75444 -0.51789 0.4011
-0.71589 0.027335 -0.41979
-0.31234 0.74577 -0.19157
0.92674 -0.70886 0.12713
-0.053267 0.43096 -0.13766
0.10515 0.43986 -0.25959
-0.59227 0.53162 0.29122
-0.711 0.22954 0.20296
0.88378 0.36175 0.15482
-0.38492 0.46105 0.45832
-0.10785 0.98345 -0.17087
-0.38562 -0.23605 -0.63052
0.66966 -0.4862 0.48764
-0.086707 0.15875 -0.71691
-0.61805 0.52445 0.20321
-0.59724 -0.42568 -0.25245
0.084347 0.16448 -0.72681
-0.44242 -0.15536 -0.6152
0.25347 0.4977 -0.30445
-0.28758 0.29552 0.36227
-0.60134 -0.085957 0.27058
-0.11147 -0.62033 0.49691
-0.33544 0.31322 -0.38027
-0.16139 -0.49967 -0.88713
0.60731 0.55343 -0.12192
-0.01892 0.3375 0.052636
0.52638 0.4553 -0.32487
0.93911 -0.43613 0.31743
1.0149 -0.46934 -0.31056
0.73531 -0.64939 -0.26511
-0.058717 0.43461 -0.29297
-0.73109 -0.63793 0.15719
-0.59141 -0.14318 -0.61763
-0.44007 0.84439 -0.66363
-0.50588 0.99346 -0.62249
0.95873 0.0082561 0.33182
-0.63772 -0.090818 -0.6473
1.2812 -0.34736 0.13855
-0.087485 1.0349 -0.19754
0.0065045 0.74845 -0.19841
0.65657 -0.4032 0.49429
0.87939 0.19092 -0.29543
-0.61248 -0.25557 -0.41309
1.0659 -0.052629 -0.10045
-0.53686 1.1393 -0.69998
-0.38527 0.62771 -0.36459
1.1848 -0.57304 -0.13323
-0.010804 0.23669 0.16932
-0.39608 0.3262 0.49289
1.0886 -0.1205 0.064282
-0.37577 -0.66312 0.18749
1.1297 -0.61089 -0.13793
-0.35341 0.24689 -0.49535
-0.078991 0.70306 -0.055693
0.40815 0.23955 -0.47763
-0.31798 0.31252 -0.38964
-0.17419 -0.6067 0.064997
1.0663 0.072401 0.093523
0.36643 -0.0053941 0.51985
1.1516 -0.37426 -0.24967
-0.51847 0.50684 -0.13081
0.071659 0.1116 0.27817
-0.023125 0.02262 -0.842
-0.4185 0.92607 -0.78699
-0.82839 -0.19278 -0.2798
1.1196 -0.55795 0.2542
-0.16328 0.66503 -0.20959
-0.6162 -0.36909 -0.5807
-0.47575 -0.082954 0.32905
-0.13726 0.14892 0.24131
-0.38879 0.70961 0.047563
0.18622 0.43154 -0.37542
1.0714 -0.66712 0.13488
-0.73717 -0.49293 0.030704
-0.49683 1.278 -0.83517
-0.16609 0.50021 -0.24909
0.29582 -0.2796 0.57854
-0.46472 0.68615 0.046816
-0.022255 0.25062 -0.55097
-0.17328 0.84561 -0.15396
0.66727 -0.74565 0.36182
0.15702 1.1848 -0.43617
-0.30264 0.26862 -0.50738
-0.51361 -0.38696 -0.003316
0.91154 0.21913 -0.2454
-0.15009 0.41317 -0.32811
-0.69066 -0.59558 -0.11516
-0.34388 0.23435 -0.52515
-0.5246 0.46205 0.48211
1.0304 -0.039555 -0.17998
-0.7172 0.21442 0.014385
1.0312 0.036642 -0.17717
0.14872 0.33259 -0.47763
1.287 -0.45005 -0.078398
-0.25747 0.61846 0.31437
0.32895 0.29492 0.24068
-0.45688 0.63639 0.29123
-0.45946 -0.61165 0.31452
0.77342 0.45165 0.12302
-0.15981 -0.62884 0.21554
-0.2034 -0.62097 0.1673
-0.45092 -0.51718 -0.65486
0.65716 0.53022 -0.13953
-0.35217 0.61431 -0.38305
-0.27964 0.74192 -0.2671
-0.11025 0.39113 0.17862
-0.57875 -0.55601 -0.32012
-0.11077 0.23988 -0.55287
0.26896 -0.35626 -0.77591
0.63402 -0.73997 0.13479
0.91454 -0.41441 -0.32101
-0.25601 0.72065 0.1359
-0.36891 0.67997 0.23965
0.1241 -0.43524 -0.78633
0.54416 -0.3967 0.55755
-0.82512 -0.53534 -0.50766
-0.69353 0.16501 0.42309
0.27719 -0.55912 -0.64351
-0.0018709 1.0191 -0.32886
-0.28969 -0.33296 0.25528
0.97569 -0.41902 0.26517
0.046577 -0.5332 -0.34809
0.4483 -0.30392 -0.72211
-0.10784 -0.032598 0.29542
-0.11578 0.5956 0.046044
-0.68443 -0.27961 -0.062344
0.78703 -0.093348 -0.47438
0.018924 0.31803 -0.4978
-0.039851 -0.34741 0.26284
-0.07267 -0.59649 -0.019151
-0.67435 -0.23351 -0.445
-0.42235 0.69153 -0.1128
0.97688 0.27277 0.11729
-0.55467 -0.13631 -0.63427
-0.58428 -0.43618 -0.68234
0.15508 1.1958 -0.36002
-0.32933 -0.50315 -0.77812
0.86881 0.32386 -0.20235
0.61277 -0.52052 -0.60184
0.086125 -0.61193 0.0078777
-0.52787 0.50952 -0.098755
-0.26176 0.62014 -0.28183
0.56041 0.55423 -0.021224
0.42284 0.097161 0.35371
1.1636 -0.50569 -0.22037
-0.30622 -0.58034 -0.21198
-0.48817 0.088681 0.241
-0.23191 -0.09772 0.31386
-0.64416 -0.087195 0.24172
0.51382 0.36613 -0.3788
0.46004 -0.57811 -0.41618
-0.58795 0.3655 -0.17378
-0.43925 0.40259 -0.32149
-0.46843 0.92168 -0.56252
0.43882 0.042484 0.47902
-0.54768 0.44378 -0.15641
0.43112 0.1134 0.33162
-0.66476 0.13013 0.16185
0.31922 -0.52057 -0.55253
0.029859 1.1994 -0.22623
-0.2911 0.53549 0.35126
0.43466 0.45496 -0.35499
-0.38788 -0.42381 0.20592
0.41185 0.3424 -0.41877
-0.052558 0.168 -0.73741
-0.12137 0.5932 0.089032
0.19746 0.26144 0.199
-0.41723 1.142 -0.82509
-0.052115 -0.49203 -0.51352
0.038945 1.2529 -0.29269
-0.54096 -0.32381 -0.30222
0.58656 0.35219 -0.36155
1.266 -0.51943 0.14166
-0.32624 -0.49865 0.2363
-0.089303 0.53546 -0.082102
0.69386 -0.22085 -0.57146
-0.66215 -0.49243 0.18786
0.48036 -0.032805 -0.64194
0.84512 -0.53805 -0.32246
1.0728 0.039216 0.055569
-0.1288 0.58619 -0.18371
0.45524 0.25854 0.29725
-0.1249 -0.27645 -0.74964
0.26884 -0.040713 -0.74728
0.33511 -0.74475 0.4539
0.932 -0.3045 -0.35285
-0.10038 -0.29591 0.23185
-0.59198 -0.34776 -0.55875
0.21599 0.2452 0.22928
-0.70538 0.17895 0.14198
-0.30755 0.60647 0.34683
0.67003 -0.68008 -0.12136
-0.63072 -0.57356 -0.27231
0.57101 0.1339 0.35058
-0.28317 -0.47299 -0.67399
0.7217 0.45997 -0.2043
1.0859 -0.38134 0.21548
-0.31751 0.24012 -0.53253
-0.41401 0.83842 -0.7286
0.8472 -0.69358 -0.16401
1.0782 -0.6297 0.21568
-0.36791 -0.079717 -0.64694
-0.60394 0.5383 0.025512
-0.60018 -0.15848 0.25944
-0.65332 -0.073257 -0.64502
1.1534 -0.4195 -0.25442
-0.088882 -0.46807 -0.62124
-0.38115 0.0034746 0.30436
0.24409 0.50101 -0.19729
-0.06844 -0.49188 0.31499
-0.49892 -0.35478 -0.0018481
-0.13613 0.42592 -0.28579
-0.41998 -0.36568 -0.64689
0.033729 1.0519 -0.21778
-0.76455 -0.23292 -0.011611
0.095506 1.2608 -0.27003
-0.66099 0.34046 0.044479
-0.086856 0.98243 -0.14208
0.19987 0.25887 -0.51022
-0.050327 1.107 -0.22723
1.1671 -0.55447 -0.17899
1.0837 -0.2522 0.1046
-0.40997 0.7082 -0.19755
-0.7802 -0.62311 0.087737
-0.21958 0.62237 0.29345
0.55728 0.51478 0.081935
-0.13241 0.48508 0.15486
0.73898 -0.11246 -0.5199
-0.76521 -0.048707 -0.48831
0.22729 -0.3464 0.53531
-0.4405 0.15266 0.43089
0.23355 -0.31324 0.53647
-0.38368 -0.017254 -0.67975
-0.040223 -0.54479 -0.26986
-0.36015 0.90627 -0.35367
0.65346 -0.49181 -0.58815
0.066692 0.24276 0.1654
-0.27509 -0.68302 0.2566
0.13031 0.19659 0.22473
0.64879 0.45754 0.16494
-0.65822 -0.21421 0.175
0.37285 -0.47658 -0.69791
-0.73146 -0.078953 -0.56356
0.53543 -0.72333 0.075144
-0.069025 -0.73084 0.44335
-0.63131 0.1235 -0.27003
0.038269 0.14483 -0.75986
-0.44434 -0.30605 0.11509
-0.68461 -0.57868 -0.23047
-0.12304 -0.6369 0.50864
-0.19338 0.0197 -0.63858
-0.47737 1.0215 -0.68223
0.12689 -0.53673 -0.6834
0.207 -0.10615 0.54054
-0.014227 -0.7177 0.5266
0.0043179 0.38512 -0.39365
0.14744 1.2942 -0.46352
0.14448 0.32598 0.092135
-0.22492 0.26941 0.29494
-0.12131 0.8199 -0.24796
0.089681 -0.20885 0.49856
-0.65988 0.051381 0.090166
0.56679 -0.74301 0.43856
0.83486 0.37903 0.17557
0.13351 0.25038 -0.53579
-0.71868 0.19999 0.009954
-0.3157 0.72269 -0.0039124
0.5625 0.42788 -0.33145
0.32996 0.24967 0.27097
0.84725 -0.20653 0.42106
-0.37093 -0.20132 -0.63511
0.44188 0.18923 0.3272
0.53866 0.56475 -0.083511
-0.66597 0.32758 0.17636
0.15501 0.37062 -0.44243
0.24213 -0.1396 0.5508
0.89911 0.38519 0.029766
-0.26797 0.075746 0.28379
0.53484 -0.73666 0.16623
0.91962 -0.3113 0.34948
1.0268 0.17539 -0.027067
0.042346 0.42271 -0.24459
0.71124 -0.72872 0.22424
-0.91033 -0.49643 -0.51542
-0.17779 -0.61172 0.10058
1.0115 0.18307 0.15161
0.00076492 1.1728 -0.23067
0.30585 -0.65406 -0.10292
-0.29786 -0.48526 -0.94233
-0.15815 -0.28794 -0.66624
0.88139 0.0485 0.36576
0.40284 0.49628 0.044318
0.1726 -0.020673 -0.78456
0.266 0.34168 0.16569
1.0748 -0.67334 0.08596
0.052529 0.18247 0.21584
0.050067 0.045952 0.3166
0.26435 -0.061857 0.53621
-0.69916 -0.088321 -0.60146
0.82111 0.40817 -0.17063
0.64672 0.52235 -0.17692
-0.41448 -0.053134 0.33344
-0.22321 0.72985 -0.15694
-0.29223 -0.49678 -0.718
0.92771 0.3532 0.072858
1.066 -0.66404 -0.072547
0.0009069 0.17537 -0.73369
0.69362 -0.086337 0.4828
0.59279 0.116 0.38033
0.33526 -0.67542 -0.051166
0.81645 -0.60872 -0.28844
0.48833 0.22983 0.31301
-0.6424 0.10435 0.025138
-0.15298 0.25005 0.18879
0.83698 -0.3784 -0.42478
-0.33613 0.49474 -0.3181
-0.47206 -0.2118 0.26586
-0.4918 0.026023 -0.67736
-0.21017 0.75217 -0.080566
0.80977 0.098443 -0.40399
-0.39873 0.17719 -0.57259
0.26756 -0.066927 -0.75113
0.62621 0.028025 0.45918
-0.45183 0.9458 -0.73836
1.0737 -0.52697 0.28052
0.2001 0.043388 -0.75368
0.88114 0.40271 0.031828
-0.73582 0.043832 -0.097282
-0.12039 -0.60158 0.0252
-0.81936 -0.11863 -0.053487
-0.088533 0.82394 -0.26541
-0.54997 -0.10077 -0.67346
0.38953 -0.19161 -0.72606
0.92829 -0.46849 0.30856
-0.67706 -0.65997 0.27075
0.088705 1.3307 -0.39299
-0.1644 -0.61918 0.15845
-0.5455 0.057264 0.22012
-0.67265 -0.3777 -0.53287
-0.063699 0.88003 -0.090309
0.98255 -0.70294 0.036191
-0.3992 -0.27613 0.18829
-0.37695 0.71291 -0.020435
0.39022 0.53703 -0.091974
0.84313 -0.67339 0.21245
0.15678 -0.41991 0.51364
-0.53278 0.11936 0.3832
-0.21102 0.71594 0.14809
0.97553 -0.20531 -0.30346
0.85147 -0.39728 0.38654
-0.49777 0.66372 -0.034495
0.18282 0.12236 0.30558
0.046721 0.90679 -0.29201
-0.71717 0.12989 0.26117
-0.094069 -0.0022701 0.29143
0.58814 0.30002 -0.39128
-0.45429 0.94473 -0.62669
-0.15857 -0.37802 -0.89451
0.18711 0.2395 -0.59735
0.89884 0.18771 -0.27768
0.18626 -0.17429 0.55129
0.76574 0.39955 0.19619
-0.75752 0.025857 -0.15344
-0.6359 0.41798 0.36448
-0.40649 -0.18655 0.28987
-0.77714 -0.40208 -0.44292
-0.1745 0.72587 0.065278
0.16855 0.19378 0.24971
-0.1634 -0.59436 0.44916
0.2154 -0.28698 -0.80428
-0.32225 0.90281 -0.40102
-0.54816 0.076839 -0.59956
-0.3385 0.83219 -0.56805
0.99633 0.14447 0.20166
0.27341 -0.016369 0.50923
-0.37812 -0.50136 -0.79367
1.1293 -0.64591 0.13181
-0.68295 -0.17482 -0.54038
-0.47177 1.1477 -0.87336
-0.18069 -0.2285 -0.59271
-0.27184 -0.26974 0.26372
-0.64561 0.080761 0.058825
-0.40763 0.64399 -0.28515
-0.28412 0.72135 0.11782
-0.058143 -0.60657 0.033666
-0.74516 0.00175 0.0288
-0.661 0.09399 -0.30422
0.93566 -0.0091761 -0.33295
-0.46844 0.022818 -0.68554
-0.62509 0.38389 0.098699
0.84753 0.42332 0.094396
0.0016007 0.96812 -0.14823
0.72013 -0.73819 0.098556
-0.37255 0.45217 -0.32647
0.6453 0.196 0.3106
1.0372 -0.42908 0.23554
0.64836 -0.092237 -0.57694
-0.023258 0.19281 -0.71027
0.016779 -0.47449 0.38798
0.41444 -0.092012 -0.69325
0.63858 0.042809 0.44297
-0.093357 0.56635 -0.047126
0.047361 1.1354 -0.19906
0.45011 -0.62519 0.47777
-0.43497 -0.13284 0.30027
-0.46044 1.0066 -0.79616
0.6129 0.55387 -0.080456
0.18631 1.1361 -0.39605
-0.48114 0.16524 -0.50164
0.097975 1.1245 -0.29813
0.27479 -0.10127 -0.76164
-0.33404 0.89051 -0.35737
-0.34556 0.43437 -0.34059
-0.52663 0.62285 -0.073002
1.2182 -0.3663 0.20258
-0.35328 -0.32153 0.2116
0.1845 -0.57976 -0.17832
-0.59987 0.32492 -0.18439
-0.31321 -0.6665 0.35465
-0.40427 0.035664 0.29431
-0.45303 1.0458 -0.88703
0.67552 -0.74136 0.13909
0.33877 -0.66765 -0.10607
-0.037812 0.68607 -0.16985
-0.61337 0.45452 0.10821
0.7142 -0.44849 0.47455
-0.51273 0.2132 0.51806
0.011993 -0.11934 0.35091
0.020716 -0.472 -0.63925
-0.36405 0.78352 -0.22208
-0.16519 0.011355 -0.70154
0.24571 -0.50614 0.52593
-0.35432 -0.051326 -0.65476
0.10921 -0.27304 0.49734
-0.62259 0.49214 0.10084
-0.45539 0.93477 -0.82445
0.38594 0.50864 -0.2963
-0.50201 -0.45298 0.14741
0.4198 0.42777 0.15339
-0.40299 -0.30117 -0.62535
0.4423 0.47261 -0.34048
-0.21344 -0.7046 0.36606
-0.31768 0.72692 -0.47828
-0.6235 -0.47494 0.14551
0.64956 -0.05311 0.51249
-0.00010273 0.27278 0.14021
-0.77814 -0.1098 -0.51821
-0.77093 -0.22079 -0.36998
0.64002 0.081921 -0.50434
0.34157 0.52741 -0.1225
0.079556 -0.6426 0.2065
0.96166 -0.34701 0.31791
0.05547 1.2367 -0.37091
-0.047431 -0.04388 -0.84812
-0.1099 0.28914 0.15146
-0.43946 0.78611 -0.69595
-0.60052 -0.46979 -0.17133
-0.41383 1.0349 -0.81907
0.39875 -0.74897 0.31227
-0.31586 0.27861 -0.47668
-0.74385 0.2017 0.37129
0.17509 -0.2077 0.53937
0.52278 -0.21684 -0.67086
-0.64265 0.20829 -0.21981
-0.4688 -0.049319 0.31528
-0.2109 -0.32835 -0.82527
-0.12977 0.63124 0.13329
-0.56348 -0.44059 -0.049228
0.67937 0.20995 -0.41384
-0.28949 -0.40171 0.23825
-0.72337 0.032437 -0.3503
0.30905 -0.65786 0.44494
0.40229 0.22187 -0.51026
-0.27448 -0.50427 0.23948
-0.28135 0.72563 0.041865
-0.60759 -0.20932 0.20923
0.23939 -0.57654 -0.21411
-0.47657 -0.54663 -0.45477
-0.467 0.94869 -0.47288
-0.3787 0.3636 0.46348
0.16031 -0.24264 0.52824
0.15105 0.42419 -0.082908
0.38451 -0.6891 -0.043127
-0.45868 0.15619 -0.54368
-0.33855 -0.61304 -0.02027
0.24967 0.48127 -0.10483
0.64054 0.15217 -0.46605
-0.87304 -0.53824 -0.46303
-0.46001 0.99166 -0.85243
-0.48749 0.359 -0.31732
0.88403 -0.58514 0.25443
0.63671 -0.63979 -0.37483
-0.10205 0.82995 -0.26189
0.079441 -0.14923 -0.85419
-0.40547 -0.20086 -0.63553
0.3329 -0.31603 0.57153
0.4051 0.5327 -0.059345
-0.43054 0.5058 -0.27564
-0.20875 0.48789 -0.28057
-0.60642 0.57745 0.17159
0.013081 -0.5728 0.46767
0.44515 0.48773 0.088031
-0.48248 0.10889 0.28758
-0.17224 0.19005 0.19661
0.24683 0.021012 0.4484
0.11485 -0.35355 0.48965
-0.48834 -0.53663 0.26962
-0.41318 0.63479 -0.2784
0.77423 0.46086 -0.1346
-0.087803 0.69966 -0.22576
-0.35954 0.75871 -0.18965
-0.57295 -0.31714 -0.36574
-0.21878 -0.31492 -0.63738
-0.093244 -0.52575 -0.34295
-0.32039 0.71758 0.1171
1.1798 -0.30327 0.1638
0.70182 -0.38034 -0.58538
0.90424 -0.51739 0.28918
0.10008 0.24556 -0.5444
-0.38643 -0.34829 0.18744
-0.56784 0.31062 -0.27837
1.2766 -0.33746 -0.11179
0.74792 -0.43087 -0.52778
0.032299 -0.58533 -0.10719
0.53137 0.26418 -0.44873
0.23731 -0.59835 -0.11936
1.0966 -0.52626 -0.25921
-0.29112 -0.64668 0.083888
-0.0060321 0.42231 -0.10723
0.70036 -0.73904 0.14535
0.67708 0.038873 0.4391
-0.098619 0.56168 -0.00017189
-0.12954 -0.45617 -0.6776
0.80992 -0.44399 -0.42563
1.0361 -0.021121 0.21608
-0.82607 -0.090719 -0.050536
-0.28046 0.33994 -0.37458
0.72963 -0.70967 0.28661
0.36806 -0.583 0.51662
0.80439 0.047434 0.41093
-0.79155 -0.15364 0.075631
-0.53821 -0.39794 -0.24574
-0.39401 1.0032 -0.46847
0.81172 -0.11588 0.449
0.057437 -0.49953 -0.49654
-0.062432 0.016922 -0.83742
-0.5274 1.2778 -0.85103
-0.11115 -0.58293 -0.082075
0.73764 0.41926 -0.24069
-0.53561 -0.67006 0.3148
-0.41261 0.71821 -0.23199
-0.3841 0.071633 0.27568
0.48693 -0.49914 -0.6547
-0.62533 -0.08045 -0.65994
-0.3747 1.027 -0.62871
-0.54333 -0.22086 -0.5336
-0.79016 -0.22716 -0.15513
-0.29312 0.65683 -0.3777
-0.055555 0.80232 -0.087351
1.0487 -0.0079418 -0.13952
0.4743 0.10533 0.35308
0.83625 -0.11451 0.43487
0.1173 -0.22734 -0.83953
0.49338 0.26682 0.30129
0.044445 -0.26798 0.41639
0.41333 0.39812 -0.39746
-0.25073 -0.44705 -0.93269
-0.65429 0.084995 0.018947
-0.30543 0.58648 -0.32296
0.80385 0.2927 0.24742
-0.41823 1.0789 -0.84973
0.12693 0.24771 -0.56756
-0.4428 0.51665 0.45305
-0.35902 -0.24285 0.237
-0.34696 0.65834 0.29537
0.42557 -0.55083 0.5491
-0.14043 0.24373 0.16619
0.11268 1.2705 -0.32437
-0.0052187 -0.21125 0.33474
0.042063 0.25894 -0.53638
0.44223 0.54286 -0.057029
0.030135 0.3029 0.12304
-0.36925 1.0194 -0.59277
-0.42378 -0.25329 0.20218
-0.61496 0.13126 -0.30598
1.2592 -0.55636 0.097625
-0.11417 0.57675 -0.16057
0.46226 -0.60854 0.49693
0.92255 -0.6685 -0.18899
-0.28872 -0.075353 -0.65972
-0.74671 -0.043685 -0.51092
1.1249 -0.598 0.21915
-0.43354 0.74146 -0.56581
-0.16789 0.3431 0.25018
0.9415 -0.033959 0.36235
0.16552 0.43778 -0.36008
-0.27043 0.10438 -0.64277
0.89921 0.10396 0.33106
-0.39302 0.26995 -0.39397
-0.2689 0.58645 -0.28806
0.95665 -0.70905 0.025097
0.048822 -0.52204 -0.39901
0.13332 1.1769 -0.33743
-0.32963 0.25734 -0.50067
0.25527 0.31423 0.18904
1.3144 -0.42406 0.0079671
0.0571 0.81655 -0.21997
0.68327 -0.73714 0.091304
-0.58333 0.03035 -0.63685
1.2239 -0.4347 -0.18806
-0.69116 -0.20435 0.16164
0.68592 -0.32972 -0.61329
0.34286 0.43759 0.094619
-0.024113 0.82866 -0.27296
-0.43672 0.90723 -0.39416
0.17132 0.25525 -0.53026
0.15876 -0.48966 -0.59458
-0.33845 0.023524 -0.67675
-0.59759 -0.29931 -0.064937
-0.17628 0.73076 0.027681
0.99109 -0.22218 -0.27
0.83558 -0.038753 -0.42166
-0.11252 -0.45207 -0.89615
-0.60222 0.10716 -0.44984
0.85071 0.32015 -0.23203
0.95425 -0.23278 0.3354
1.035 -0.2282 0.21855
-0.5321 1.187 -0.80932
-0.5132 -0.44119 0.10783
0.35901 0.18185 0.31495
0.013867 -0.67968 0.51705
-0.069392 0.64939 -0.17018
-0.6953 0.26918 -0.0014811
0.54341 0.56541 -0.14708
1.2957 -0.4753 0.096917
0.18002 0.23274 0.21547
-0.50008 0.4226 0.5167
-0.42694 1.1277 -0.89246
-0.69591 -0.23438 -0.42727
-0.52623 0.18879 -0.34282
0.024845 -0.086314 0.34207
-0.82961 -0.0582 -0.13915
-0.46882 -0.30594 -0.61374
0.60856 0.47498 0.14416
0.18065 -0.74103 0.37466
0.83043 -0.16068 0.43975
0.11344 -0.56792 0.43774
0.0049199 0.2101 -0.68095
0.78351 -0.68722 -0.19615
-0.72645 -0.24106 0.046595
0.065058 1.0086 -0.23886
-0.65252 0.22991 -0.18322
0.55689 0.36099 -0.36798
0.99375 0.15084 -0.17502
0.14731 0.43218 -0.11455
-0.067858 0.2922 -0.50976
0.8562 0.2272 0.27988
-0.36125 0.98992 -0.49229
1.2021 -0.43322 0.23328
0.37124 0.43239 0.12298
-0.063062 0.74921 -0.068933
-0.10685 -0.20589 0.27036
-0.25701 -0.23821 0.27439
-0.22649 0.65861 -0.20689
0.0099477 -0.056258 0.31456
-0.23673 0.10894 -0.63573
-0.16625 -0.45818 0.20888
0.38721 -0.10239 0.55531
-0.18813 0.69109 0.22341
-0.36621 0.18425 0.39338
-0.45856 0.98799 -0.72668
-0.12984 0.18695 -0.59357
0.60778 -0.66405 -0.22122
-0.41782 0.62578 0.33042
0.75549 -0.32692 0.44469
-0.32475 0.045874 -0.67296
1.0718 -0.65202 0.18282
-0.10623 -0.71443 0.52992
0.93541 0.32926 -0.027037
0.71574 -0.04831 0.45951
0.5916 0.2627 -0.42467
-0.29093 0.80757 -0.33091
1.2411 -0.56894 -0.031186
-0.1535 0.31304 0.23329
-0.32898 -0.0273 0.32235
-0.12365 0.86385 -0.24362
0.28601 0.10309 -0.67684
-0.38655 -0.078346 0.32566
0.11123 -0.53461 0.45103
0.89481 -0.26124 -0.39461
0.76354 0.11825 0.38873
-0.74519 -0.26898 -0.21432
0.23563 -0.73949 0.34817
0.78559 -0.16768 -0.48268
0.3512 -0.70457 0.44799
0.26147 -0.61264 -0.088899
0.77272 0.21418 0.30205
0.19156 0.47019 -0.16997
0.26751 -0.61529 0.43937
-0.061597 0.44433 0.014881
0.54059 -0.70978 0.4407
0.3389 -0.76114 0.43851
-0.42138 0.79428 -0.51581
0.72438 -0.52976 0.42116
1.0249 -0.68698 -0.0088199
-0.38067 0.42006 -0.34084
0.15558 -0.50971 -0.47655
-0.39165 -0.50712 -0.73626
-0.35109 0.26082 0.45849
-0.36915 0.92504 -0.37212
-0.42238 -0.11504 -0.64136
0.44035 -0.024793 -0.66239
-0.056304 -0.082413 -0.8363
-0.43992 1.088 -0.8975
-0.51129 0.55248 -0.10863
0.5728 0.56211 -0.086134
0.6168 0.023236 -0.54469
-0.53189 -0.40692 -0.058211
0.29245 -0.20958 -0.77461
-0.092829 0.15824 -0.68972
-0.11805 0.42865 -0.30333
-0.49671 0.55725 -0.13631
0.69438 -0.58104 -0.37701
-0.41827 0.62443 -0.24891
1.2432 -0.57458 0.0066802
-0.57291 -0.16521 0.27101
0.10347 0.41479 -0.36169
-0.4289 0.35731 0.5043
-0.71084 0.025043 -0.45164
-0.82308 -0.54682 -0.40432
0.72812 0.15131 0.37241
-0.056572 0.90055 -0.29482
-0.052163 0.19382 -0.66302
-0.22322 0.44189 -0.30629
-0.094433 0.45801 -0.17754
0.24215 0.0024452 0.47682
0.92118 0.24495 -0.20493
-0.33345 -0.65816 0.1436
-0.035761 1.068 -0.16973
0.60912 0.36216 -0.34773
-0.30593 0.67376 -0.41482
-0.74889 -0.26059 -0.27531
-0.41541 1.0865 -0.62134
0.0784 -0.61848 0.049468
-0.69253 -0.39638 -0.59862
-0.5681 0.17685 -0.30051
-0.61417 0.41796 0.1016
-0.60946 0.39292 -0.038054
0.016845 0.81525 -0.25096
0.074749 0.14459 -0.74931
0.93291 -0.15835 -0.34945
1.0477 0.10381 0.12769
0.0058449 1.0518 -0.14684
-0.47953 1.1543 -0.68284
-0.39127 -0.15895 0.3159
-0.25941 -0.30375 -0.60234
0.75429 -0.55567 0.36532
-0.51189 -0.086592 0.31781
-0.21146 0.35215 -0.42206
0.26379 0.39693 -0.41509
-0.33779 0.0068298 0.30482
-0.57606 -0.2799 0.1029
-0.48066 0.96238 -0.50809
0.19045 0.27112 -0.50135
-0.30066 0.8185 -0.4607
0.25145 0.41817 0.039046
0.81001 -0.02047 -0.44135
1.0779 -0.065089 -0.020875
0.022294 -0.36276 0.35896
-0.44554 -0.51166 -0.70053
-0.084132 0.49795 -0.089184
0.71641 0.0032578 0.44088
0.41731 -0.44433 -0.6776
-0.13661 0.54551 0.15971
-0.17983 0.27414 0.24961
-0.1346 -0.24404 -0.72896
0.85927 -0.71179 -0.11285
-0.02981 0.39819 -0.035554
0.097 -0.61758 0.47959
0.10092 0.89569 -0.16102
-0.21806 -0.71289 0.42029
0.36092 -0.20945 0.58338
-0.52095 0.23268 -0.33887
-0.39365 -0.017961 0.31789
0.6743 0.50405 0.091261
-0.36353 0.52283 -0.29999
-0.38562 1.0499 -0.63163
-0.69878 0.063739 -0.042665
0.085086 0.083225 -0.78046
-0.50508 -0.31465 -0.0064566
-0.445 -0.41951 -0.69847
0.99668 -0.30672 0.27375
-0.017414 -0.0078093 -0.85158
-0.38769 0.71052 -0.112
-0.83155 -0.093465 -0.20841
-0.44572 0.90565 -0.58194
0.58067 0.28616 -0.40796
-0.55753 -0.23552 -0.50204
-0.37016 0.94195 -0.39546
-0.63437 -0.63234 0.34771
-0.68121 -0.15189 0.20395
0.32133 -0.64182 0.047586
-0.28853 0.70342 0.19864
0.046284 0.42604 -0.14699
0.86324 -0.38514 -0.38569
-0.24916 0.39292 0.29949
0.84062 0.17171 0.30654
-0.66101 -0.54965 0.28415
0.10325 0.21332 -0.66647
-0.053672 1.0036 -0.13566
1.016 0.041917 -0.20873
1.0304 0.10801 0.1662
-0.61569 0.46725 0.030996
-0.40373 1.0429 -0.52971
0.11395 1.0101 -0.327
-0.11196 -0.17119 -0.76318
-0.11382 0.12471 -0.70821
-0.74981 -0.010693 -0.44086
0.74789 0.44111 0.1483
0.90481 -0.072898 0.3784
-0.65001 0.35425 0.13599
0.94935 -0.65921 -0.19472
0.22009 0.14034 -0.68985
-0.017277 1.1225 -0.19874
-0.18384 -0.40559 0.21034
-0.69 -0.58823 -0.16877
0.36113 -0.33783 -0.75473
0.13883 1.1934 -0.34608
-0.86878 -0.45563 -0.47191
-0.42263 -0.18293 -0.63107
0.74479 -0.24747 0.49284
-0.4355 -0.64826 0.13404
1.2626 -0.25813 0.0429
0.70442 -0.70116 -0.097226
0.37662 0.24565 0.29036
1.0396 0.069965 0.17551
-0.46432 0.58713 0.37236
-0.24831 0.7069 0.18885
-0.53079 0.44675 -0.18904
0.67731 -0.44885 0.48681
-0.3615 0.81438 -0.60582
0.041372 0.11581 -0.78044
0.070961 0.42461 -0.31308
-0.17387 0.7201 0.10323
-0.39161 0.74192 -0.59674
0.34123 0.43365 -0.39132
0.92206 -0.49627 -0.31837
-0.50027 0.073577 -0.62646
-0.29954 -0.6583 0.14842
-0.55391 -0.066137 -0.69073
0.45782 0.33655 -0.40912
-0.26923 -0.64093 0.11188
-0.11987 0.6351 0.098867
0.090012 0.99791 -0.3225
-0.75078 -0.52168 -0.20174
0.049916 -0.5752 -0.15793
0.21387 -0.75263 0.45758
1.0993 -0.22707 -0.12895
0.24455 0.42025 -0.38569
-0.61085 0.28006 0.50652
0.6648 0.024614 0.45545
0.30768 -0.40046 0.56739
0.70622 0.37351 -0.29907
-0.50184 -0.3405 -0.048077
-0.21354 0.68508 0.24708
-0.43045 0.80864 -0.4498
0.027089 0.9323 -0.18661
-0.6767 -0.48751 0.15877
0.86956 0.41293 0.076229
-0.61982 0.53167 0.078118
-0.20752 -0.31294 0.26679
0.31367 0.48412 -0.31483
-0.11726 -0.14664 -0.75657
0.86035 0.41605 -0.037276
-0.017094 0.087416 0.26527
-0.19076 0.49944 0.22419
-0.61286 -0.46122 -0.030262
-0.74739 -0.15793 -0.49414
0.74747 0.44132 -0.20637
-0.31625 -0.36767 -0.82987
1.0678 -0.011054 0.13759
0.060563 1.2718 -0.36286
0.56189 -0.5243 0.51678
0.85688 -0.1129 0.41553
-0.80503 -0.17105 0.019859
0.34676 -0.68278 0.0011635
-0.82175 -0.079579 -0.3061
-0.77277 -0.23848 -0.12889
0.80353 0.37228 0.20399
-0.73598 -0.58052 -0.18626
0.92655 0.31916 0.15397
-0.78201 -0.1306 0.092833
-0.10369 0.14517 -0.68951
0.25168 -0.27598 0.55458
-0.41332 1.1147 -0.71266
1.0454 -0.26426 0.19147
0.44999 -0.095336 -0.67799
0.43205 0.0098439 -0.65277
0.79349 0.47033 -0.04462
0.33601 -0.65323 0.14894
0.13037 0.42467 -0.36397
0.114 0.10942 0.29067
-0.31713 -0.18355 0.29637
0.018968 0.42987 -0.14614
-0.34575 0.16214 0.27361
1.2012 -0.2331 -0.093293
-0.58092 -0.06645 -0.68476
0.29382 0.28146 0.23215
0.090049 -0.021802 0.3535
-0.39501 -0.41121 -0.82657
0.82283 0.2307 -0.32388
0.076517 0.34285 0.067793
-0.57557 -0.17762 -0.57858
-0.49254 0.32601 0.53726
-0.43153 0.97969 -0.44532
-0.53479 -0.32081 -0.58867
0.21823 -0.31872 -0.7955
-0.029165 0.34822 0.033564
-0.14944 0.89692 -0.18288
-0.56887 -0.34079 -0.57701
-0.078417 0.4336 -0.29677
0.49057 0.4445 -0.34519
-0.1468 -0.49394 -0.48484
-0.58876 -0.49421 -0.71111
-0.64638 0.28498 -0.14266
-0.096815 -0.090148 -0.80258
-0.57077 0.428 -0.11616
0.56795 0.55237 -0.17984
0.3376 0.28205 0.25201
-0.14555 0.71981 0.023119
0.31412 -0.37439 -0.74805
0.96174 -0.38081 -0.29287
-0.72067 -0.23022 -0.42192
-0.090423 0.42811 0.12503
0.92448 0.06775 -0.32249
-0.1655 -0.64909 0.49597
0.073304 1.1082 -0.27472
-0.41566 0.18836 -0.53278
0.81011 0.019784 -0.43483
-0.61605 0.05757 -0.56572
0.13905 0.26917 -0.51813
0.044378 -0.20488 0.44788
-0.7303 -0.55832 -0.3424
-0.71039 0.25506 0.10245
0.19574 0.29622 0.16565
0.81126 0.33542 0.22224
0.48994 -0.24642 0.56846
0.66604 0.53525 -0.043146
-0.43916 0.12931 0.3371
-0.57377 -0.16022 -0.59834
-0.16789 -0.23012 -0.61413
-0.76632 -0.25747 -0.21907
0.60656 0.41575 -0.32214
-0.24752 -0.63243 -0.0052059
0.42419 -0.69258 -0.04058
-0.19401 -0.48774 -0.50182
-0.72305 0.043534 -0.033109
0.41588 0.2956 0.26816
-0.37028 -0.050514 0.33434
0.59835 0.16661 0.32424
0.074333 1.0562 -0.34654
-0.2441 0.079773 -0.64213
-0.10259 0.14317 -0.65669
0.078819 -0.42987 -0.80896
0.78247 -0.27229 0.45386
0.87276 -0.1763 0.40731
-0.12376 0.54748 0.12323
0.91127 0.37237 0.076889
-0.52601 0.020037 -0.67672
0.75808 0.038183 0.4179
-0.48561 1.1782 -0.71495
-0.14999 0.35572 0.23037
0.84923 -0.17905 -0.43667
-0.44719 0.87252 -0.77413
-0.25495 0.20988 0.26176
-0.32167 -0.56903 -0.36924
0.015898 0.022906 -0.83317
0.88962 -0.69166 -0.14905
-0.56267 -0.30362 -0.045651
-0.013257 -0.078809 -0.85443
0.30069 0.43884 -0.38353
-0.17345 -0.060503 -0.65941
0.409 0.49117 -0.32591
-0.46614 1.1064 -0.86586
0.53617 -0.74582 0.22203
0.03217 -0.62922 0.13676
-0.68307 -0.56997 -0.27939
0.48244 0.19055 0.3254
0.099737 0.077495 0.30706
0.92049 0.096676 0.31785
0.087984 -0.23852 0.48407
0.079987 1.2807 -0.39739
-0.26782 -0.43404 -0.92544
-0.72243 -0.53696 -0.49599
-0.34949 0.86182 -0.30404
-0.4114 1.1031 -0.80501
-0.47229 0.055153 -0.65818
0.10091 1.3122 -0.28765
0.11146 -0.6034 0.46387
-0.83212 -0.16154 -0.23873
-0.018771 0.009898 0.31705
-0.35347 0.43376 0.43182
0.10653 0.28701 0.13242
0.5771 0.28002 0.29175
-0.20122 -0.40826 -0.91621
0.10328 0.18214 -0.69999
-0.097553 0.58071 -0.11137
-0.47456 1.085 -0.79369
-0.79936 -0.22008 -0.21007
-0.0055302 -0.34473 -0.81828
0.16421 0.41268 -0.042107
-0.42967 -0.49215 -0.79934
0.66191 -0.55516 -0.5139
-0.74819 -0.50921 -0.061039
-0.055863 0.67337 -0.099467
0.94384 0.27156 0.17582
-0.65785 0.073917 -0.4277
0.70979 0.10444 0.40533
-0.61555 -0.30199 -0.15818
0.0083948 0.084538 -0.80336
0.97258 0.26872 -0.067683
0.078926 -0.22511 -0.84637
-0.17119 -0.30439 -0.71976
1.1416 -0.32369 0.18265
-0.41853 0.98824 -0.81924
0.030881 1.2101 -0.34459
-0.69462 0.29451 0.30093
0.5916 -0.39631 0.52864
0.41684 -0.36399 0.57556
-0.45909 1.1167 -0.63735
-0.065729 -0.55328 -0.22832
0.72377 0.50748 0.021533
-0.84359 -0.11731 -0.31577
-0.30149 0.33958 -0.3712
0.66446 0.079539 -0.49164
0.047381 0.29517 -0.51043
0.10062 -0.046219 -0.82957
-0.77464 -0.56307 -0.29144
-0.32999 -0.26699 0.24167
-0.014476 0.21332 0.18746
-0.71303 -0.46626 -0.66999
-0.29722 0.017788 -0.65816
-0.64265 0.30717 0.47824
0.66904 -0.70756 0.025427
-0.035642 0.39869 -0.34861
0.032895 1.0686 -0.19105
0.42989 -0.60619 0.50438
0.9195 0.34999 -0.029947
0.50261 0.56236 -0.081792
0.45251 0.53557 -0.022811
1.1494 -0.53848 -0.20977
-0.34789 0.93947 -0.59815
-0.21576 -0.57738 0.3922
0.75594 0.14971 -0.40511
0.92052 -0.44489 0.33513
0.38895 -0.66932 -0.14387
-0.63657 -0.59942 -0.11466
0.076649 -0.13426 0.48482
0.96632 0.18908 0.20862
0.19245 -0.73088 0.47655
0.25778 -0.60357 -0.12239
-0.70805 -0.49646 -0.075559
0.38464 -0.68201 -0.086488
0.39183 0.15763 -0.59518
-0.15557 0.41481 0.2206
0.26235 0.43021 0.030686
0.28153 -0.13549 -0.7747
1.2415 -0.48123 0.19247
0.029511 -0.26224 0.38707
-0.079569 -0.26455 -0.79673
0.12447 -0.095144 0.49962
0.16831 -0.2818 -0.81867
0.70871 -0.14504 -0.54329
-0.65867 0.3361 0.22268
0.84354 -0.43424 0.38471
0.71391 -0.075359 0.46565
-0.57165 -0.54257 -0.47295
0.37676 -0.75537 0.34944
-0.71046 0.1363 0.21462
-0.49884 1.1315 -0.65819
0.79832 0.24478 0.27838
0.68045 -0.091633 -0.55547
-0.22779 -0.16823 -0.61139
0.096386 0.40852 -0.076752
0.068808 1.0919 -0.35846
-0.52447 0.18431 0.49939
0.81252 -0.44508 0.40728
-0.4292 0.84977 -0.55319
0.51938 -0.55698 0.52
0.48182 0.37433 -0.38786
-0.2843 -0.59216 0.34407
0.16406 -0.57255 0.44932
-0.38215 0.71272 0.011021
-0.17284 -0.47715 0.24634
-0.062386 -0.11771 0.28187
-0.5873 0.0023141 0.22517
-0.37051 0.75274 -0.58385
0.11464 1.1624 -0.40274
1.1806 -0.4358 -0.23433
0.75264 -0.35902 -0.54073
-0.41904 1.1567 -0.81671
0.0098373 -0.094844 0.3232
-0.50934 0.5408 0.40289
-0.22756 -0.37283 0.24538
-0.3789 0.5971 -0.33266
0.32245 -0.0074308 0.51588
-0.33398 -0.64249 0.049273
0.32977 -0.60939 -0.25705
-0.037902 0.19971 -0.6148
-0.33687 -0.50564 -0.72647
-0.74524 -0.58443 0.25116
-0.69247 0.055293 -0.37137
0.25472 0.27545 -0.48576
0.075065 -0.11295 -0.8533
-0.40308 -0.10554 0.31412
-0.47901 -0.66472 0.24032
-0.31598 0.15222 -0.62718
-0.15073 0.50664 0.18194
0.00034146 0.77575 -0.1195
-0.030567 0.39148 -0.36136
-0.49092 0.28791 0.53158
-0.40295 0.871 -0.71964
0.053383 1.0534 -0.24672
0.20442 0.47821 -0.28385
0.23049 -0.52907 -0.73494
1.0138 0.21234 0.046423
0.22394 0.4515 -0.3564
-0.35139 0.30221 -0.3869
-0.26096 0.13035 -0.62645
0.91874 0.36284 0.037299
1.0161 -0.18898 -0.22514
0.93112 -0.68318 -0.15012
-0.55274 0.32229 0.54503
0.61556 0.28288 -0.39776
0.063466 0.34848 -0.4617
-0.24136 -0.20968 0.2833
-0.071099 -0.44544 0.25857
0.62434 0.53027 0.050187
0.47021 0.43141 -0.35987
-0.13326 0.87403 -0.22978
-0.33814 0.79963 -0.23857
1.2813 -0.37018 -0.11643
-0.21176 0.21177 0.22072
-0.37853 0.85868 -0.29941
0.090749 -0.48316 0.46245
-0.35658 -0.50759 -0.64131
1.134 -0.35457 0.20639
0.51879 -0.18228 0.55235
-0.45832 1.2038 -0.77027
-0.44832 0.80477 -0.40697
1.02 -0.26696 0.23944
-0.70494 0.026201 0.061246
-0.22957 -0.043363 0.30915
0.48716 -0.065565 -0.66043
0.96352 -0.056556 -0.29403
0.22567 -0.45221 -0.74893
0.1253 1.2599 -0.45001
-0.18817 0.15007 0.23041
-0.53043 0.48039 -0.1493
0.6892 -0.17692 -0.5591
-0.49165 -0.29123 0.12093
-0.60382 0.13716 0.4054
-0.84347 -0.15094 -0.12904
-0.74186 0.024118 -0.30436
1.0253 0.070461 0.20685
-0.81647 -0.21119 -0.2028
0.28899 0.2451 0.25765
-0.32504 0.82447 -0.53492
-0.64653 -0.21996 -0.50274
0.54009 -0.63303 0.42617
0.16053 -0.49959 -0.52184
0.012558 -0.47766 -0.5952
-0.7338 -0.25168 -0.027048
-0.68273 0.22107 -0.12376
0.5879 0.031308 0.46792
0.40726 -0.2099 0.58718
1.0356 -0.47073 0.2594
-0.58369 0.14915 -0.34795
0.75054 0.2777 -0.34252
1.0815 -0.038391 0.05883
-0.60273 -0.033597 0.24682
0.060124 0.4145 -0.078736
0.93073 0.31218 -0.10649
-0.85254 -0.13035 -0.22481
-0.31793 0.82142 -0.29015
-0.12281 -0.18419 -0.73287
1.07 -0.2349 -0.15182
0.21305 -0.052086 0.51713
0.045912 -0.08999 0.38618
0.17984 1.0843 -0.37451
-0.56635 -0.023618 -0.6849
-0.087679 0.61814 -0.14239
-0.77717 -0.64004 0.20252
0.9194 -0.16611 -0.36733
0.41533 -0.17359 0.57132
-0.19121 0.70042 -0.19721
-0.57469 0.57771 0.2487
-0.80783 -0.12364 0.030946
0.42029 0.55948 -0.18231
0.83144 0.44468 -0.0035612
-0.46197 1.2274 -0.79842
0.64245 0.30486 0.26589
-0.077019 0.48661 -0.013805
0.087747 1.2857 -0.40878
0.50922 0.10355 0.36261
0.2782 -0.17416 0.56829
-0.57683 -0.66583 0.276
-0.18778 -0.16776 -0.61024
-0.62709 0.38087 0.13952
-0.43226 1.1988 -0.82316
-0.79994 -0.20872 -0.054362
0.072894 0.42084 -0.14806
1.3106 -0.41829 -0.036319
-0.015202 0.91697 -0.30468
-0.4098 -0.41543 -0.78939
-0.42893 0.84092 -0.51212
0.69044 -0.51481 -0.50038
0.83756 -0.42604 -0.39038
0.23613 0.070751 -0.72172
0.47008 0.1497 0.3369
0.73734 -0.44738 0.45538
0.088662 -0.25512 -0.83992
-0.32613 -0.20083 -0.62634
-0.34169 0.9221 -0.58424
-0.066464 0.19519 -0.58978
0.563 -0.59613 0.44766
-0.41633 0.75362 -0.27012
-0.66999 0.31883 0.22007
1.1086 -0.32975 -0.24074
0.18267 0.33903 0.10135
-0.62089 -0.54669 -0.43536
0.00072624 0.33745 -0.46565
0.022451 1.1625 -0.34662
-0.2796 -0.48639 -0.49185
-0.33057 0.73634 -0.5094
-0.086975 -0.36298 0.21183
1.1692 -0.47977 0.24788
0.79417 -0.32452 0.41107
-0.68025 -0.23917 0.118
0.48856 0.28736 -0.44084
0.16385 0.43906 -0.10796
1.0712 0.012089 -0.022432
0.46296 -0.57738 -0.63367
-0.41238 0.21905 -0.46792
1.2251 -0.59345 0.054234
-0.051964 0.40586 -0.34878
-0.26908 -0.10013 0.32925
1.2758 -0.45951 -0.096867
-0.50413 -0.36576 -0.10671
-0.010777 -0.087108 0.30367
0.99065 -0.067222 0.29563
0.045873 1.2617 -0.327
0.94594 0.27653 -0.1362
-0.26931 0.71949 -0.30327
0.72809 0.1152 0.39828
-0.44105 -0.27114 -0.62022
0.60324 -0.36036 -0.64096
-0.61548 0.44694 0.063445
-0.12955 0.88076 -0.10759
0.84309 0.22718 -0.30983
-0.65995 -0.38376 -0.58528
-0.03028 0.29736 0.10188
-0.027005 -0.60019 -0.015401
-0.077943 -0.060388 0.30293
-0.37433 -0.44155 -0.88564
0.16117 0.93922 -0.21773
0.13229 -0.48247 -0.78132
0.14223 -0.55398 -0.27869
0.78303 -0.35697 -0.50742
0.21819 -0.5213 -0.60428
-0.82858 -0.55651 -0.29327
0.74404 -0.017315 -0.47783
0.18547 0.4515 -0.34097
-0.77904 -0.45768 -0.3088
-0.44159 -0.59804 0.30508
0.10122 1.3367 -0.30381
0.20719 0.43685 -0.043414
0.069926 1.2747 -0.38169
0.47738 0.49213 0.094583
0.56821 -0.13881 0.55155
-0.6484 0.3538 0.16558
0.74138 0.20547 -0.37799
-0.19773 0.37712 0.27286
0.029075 0.42211 -0.26641
-0.19076 0.050449 0.29154
-0.50061 0.48816 -0.18956
0.056978 -0.64499 0.50211
0.54183 0.099246 -0.54856
0.35536 0.080787 0.38323
-0.11465 -0.72436 0.43398
1.0305 0.16991 0.010649
0.10612 -0.41015 0.48294
-0.016412 -0.043352 -0.85624
-0.34754 -0.40879 -0.87224
-0.38149 -0.35409 -0.64689
-0.027137 0.43389 -0.28128
0.69684 -0.012134 0.46935
0.91939 -0.48721 0.29954
0.64365 0.38857 0.22723
0.56844 -0.55657 -0.61877
0.46557 -0.68846 0.21667
0.4475 0.22571 0.31167
0.77833 -0.35275 0.42208
1.0691 -0.25245 0.13516
-0.24112 -0.40288 0.2314
-0.49589 0.97296 -0.54649
-0.7547 -0.25034 -0.10798
0.75441 -0.28424 0.47512
0.009217 0.3616 0.033252
0.85218 0.33747 -0.21182
-0.59185 0.61599 0.04376
0.66899 0.44132 -0.26707
-0.71912 0.19939 0.19579
1.0413 -0.52308 0.27725
0.098741 0.14316 -0.74134
-0.41658 0.58484 -0.24881
0.62737 0.10851 -0.49786
0.64946 0.52672 0.046372
0.48175 -0.28301 0.56837
0.41735 -0.58313 -0.56947
0.040852 0.36127 -0.44273
1.2532 -0.53153 -0.083107
-0.83123 -0.12903 -0.38316
0.034606 -0.63805 0.198
-0.11893 0.53704 0.10492
-0.1501 0.28464 -0.51387
0.71757 -0.70464 0.35522
-0.54933 -0.11378 0.30427
0.055049 -0.13251 0.44741
-0.7001 0.055308 -0.33897
0.02098 -0.56776 -0.18395
0.19244 -0.55832 -0.27523
1.1725 -0.59593 0.1745
0.061295 1.1842 -0.37784
0.85491 -0.7288 -0.023399
0.12666 0.015607 -0.7948
-0.016685 -0.27025 -0.82052
-0.42515 -0.14011 -0.62596
0.36019 -0.032241 0.5367
-0.22978 -0.69184 0.27864
0.5823 -0.75134 0.2291
-0.41186 -0.33378 -0.63206
-0.41136 1.0702 -0.81123
0.92785 -0.69769 0.17089
-0.40744 1.097 -0.7798
-0.39275 -0.040016 -0.67619
0.93658 -0.23415 -0.35675
-0.54088 -0.62436 0.009301
-0.31861 0.042837 0.30205
-0.59167 0.40098 -0.12126
-0.62644 0.50039 0.15333
0.16873 -0.51212 -0.62214
-0.30715 -0.57711 -0.17741
1.2053 -0.22849 0.038618
-0.68087 -0.48491 0.14024
0.71758 0.40905 -0.26154
-0.42874 0.74639 -0.33585
-0.35633 0.84189 -0.60744
-0.42641 0.6989 0.006494
-0.5281 -0.40068 -0.66127
0.77442 0.15866 -0.38176
-0.11837 0.78641 -0.24542
-0.81409 -0.036483 -0.1296
-0.76387 -0.50186 -0.23871
1.0182 0.01583 0.24685
0.99962 -0.26899 0.27091
-0.41738 0.78953 -0.48181
0.72017 0.39026 -0.27735
0.75177 0.24396 -0.35887
0.24466 0.43818 -0.0018298
-0.32465 0.65155 -0.41908
0.67644 -0.1801 0.52769
0.61539 -0.56999 -0.57217
0.052136 1.127 -0.21753
-0.13313 0.54826 -0.18939
0.7804 -0.31333 0.42579
0.68645 0.14909 0.3764
1.061 0.091162 0.0272
-0.49187 -0.27486 -0.59906
-0.34462 -0.3549 -0.76992
-0.43117 -0.080741 0.33123
-0.40639 -0.60884 0.30076
1.0632 -0.35759 -0.26538
1.1306 -0.30197 0.15789
-0.32069 -0.56846 -0.22358
-0.36261 -0.33009 -0.63614
0.021975 0.211 0.18402
1.0314 -0.26582 0.2194
-0.4712 0.4219 -0.2794
-0.56549 0.053738 -0.61896
-0.71602 0.17427 -0.000806
0.51496 0.51439 -0.26376
-0.4648 -0.53113 -0.55529
0.15714 0.97571 -0.23527
0.11974 -0.25729 -0.83329
0.62194 -0.42208 0.50311
0.1052 1.2035 -0.41383
0.066686 -0.05194 -0.84499
-0.31216 -0.33348 -0.662
-0.60244 0.39542 -0.078616
-0.33622 0.60052 -0.35719
0.37475 0.46713 0.076211
-0.31495 0.39658 0.37099
-0.54146 1.0991 -0.70269
-0.43258 0.8185 -0.33572
-0.4211 0.73782 -0.45123
-0.16481 -0.71101 0.37978
0.5665 -0.62528 -0.44715
-0.32926 0.77854 -0.2228
0.083998 -0.58998 -0.099434
-0.3696 -0.35501 -0.67885
0.15097 1.1008 -0.31588
-0.43539 0.19153 0.49108
0.1667 -0.25939 -0.83027
0.55527 0.10363 -0.53728
0.01068 0.090025 0.27179
-0.38769 0.20157 -0.54481
0.039114 0.35074 0.061001
0.1172 -0.52243 -0.65799
0.5453 -0.20075 0.55557
1.0891 -0.35235 0.19401
-0.80743 -0.044927 -0.034816
-0.051076 -0.41371 -0.86355
-0.43004 -0.63428 0.021965
-0.37054 0.14401 -0.62758
-0.14227 0.010064 -0.77127
0.92999 -0.54959 -0.30104
-0.34997 -0.014935 0.31656
-0.3005 0.38811 0.34885
0.63994 0.54485 -0.05841
-0.47989 0.39041 -0.29712
-0.093248 0.20119 0.18938
-0.21233 -0.61082 0.0050565
0.52411 -0.57049 0.50443
-0.5964 0.044581 -0.61098
1.0649 0.027965 0.13538
-0.73428 -0.40471 -0.38076
0.36941 -0.3624 0.57617
0.10905 -0.37962 0.4831
-0.052263 0.67005 -0.17248
0.52911 0.23359 0.3138
-0.013002 1.1366 -0.31409
-0.74649 -0.19693 -0.45728
0.087317 -0.73946 0.41031
-0.068885 0.64121 -0.11084
0.022522 -0.33022 0.36391
-0.81161 -0.19352 -0.31237
1.2644 -0.40311 0.17998
0.7588 -0.56851 -0.3308
-0.60849 0.028101 0.1803
0.80511 0.46231 0.064567
0.043687 0.37027 0.029145
0.4128 0.2677 0.28436
-0.20739 -0.4938 -0.92569
0.14388 1.1276 -0.40069
0.43504 0.55388 -0.21529
0.79116 0.32303 0.23688
0.12783 -0.72178 0.49094
-0.71525 0.26135 0.29581
-0.16791 0.67201 0.21796
-0.21628 0.055605 -0.64424
-0.2529 0.70579 -0.17608
1.2188 -0.4782 -0.17737
0.31605 0.49209 -0.035239
0.57232 0.45412 0.16478
-0.057363 -0.29926 0.23758
-0.3279 0.3979 -0.35283
-0.52206 -0.30433 0.027747
-0.072652 0.47446 -0.059656
-0.4391 -0.50385 -0.75264
-0.03446 0.68692 -0.13351
0.96046 -0.032313 0.3425
-0.21434 -0.49538 -0.89821
0.69118 0.25123 -0.38587
-0.15099 -0.30273 0.25085
0.39891 0.12699 -0.60983
-0.019489 0.4216 -0.30895
0.14536 0.4525 -0.20338
1.0704 -0.33789 0.17555
-0.37135 0.79533 -0.61434
0.065676 -0.02468 0.33325
-0.15309 -0.25496 -0.65878
0.51442 0.553 -0.20619
-0.10526 0.58612 -0.14614
-0.45756 0.96419 -0.65676
0.051627 -0.53279 0.40639
0.073077 1.2826 -0.26714
-0.10189 -0.20488 -0.77075
-0.24665 -0.040054 0.31671
0.34612 -0.44448 0.55629
0.799 0.19827 -0.35028
0.51274 -0.35778 0.56417
0.50388 0.41813 0.18798
-0.17951 0.42097 0.2413
0.78435 0.46216 0.09642
0.17062 -0.31362 -0.80747
0.62881 -0.32339 0.53018
-0.3647 0.69452 0.19775
0.20257 -0.64977 0.46704
-0.44383 0.6814 0.17058
0.17047 0.94595 -0.23073
0.52712 -0.75349 0.26487
0.011901 1.1383 -0.19098
-0.28047 0.72662 0.0017133
-0.18982 0.30475 0.27763
0.70013 0.52248 -0.04724
0.36843 0.30371 -0.44524
0.97267 -0.064891 0.32448
-0.11091 -0.13362 -0.78698
0.49495 -0.65524 -0.26286
-0.58194 -0.55949 -0.35962
0.92407 -0.58579 -0.2825
0.42372 0.36696 0.21891
0.01035 -0.2309 0.3542
0.24205 0.20469 0.2704
-0.083155 0.44774 -0.16715
0.053307 0.87638 -0.1404
-0.72507 0.047411 -0.25971
0.68392 -0.49824 -0.54282
0.70584 -0.55716 0.40193
-0.31364 0.34164 -0.36943
-0.5429 0.29576 0.53675
0.10938 0.26973 0.15136
-0.61991 0.31982 -0.15559
-0.49674 0.6211 0.28424
-0.083139 0.2347 0.15673
0.049677 0.41165 -0.34722
1.0779 -0.048026 0.1265
-0.86493 -0.4617 -0.39224
0.13602 -0.53181 0.47244
-0.12187 0.83397 -0.076044
0.94672 0.32183 0.0082136
0.88465 0.13474 0.31631
-0.82082 -0.054019 -0.29215
-0.47586 1.2721 -0.84265
-0.37361 -0.51727 -0.59604
-0.18383 0.5451 -0.24293
0.067927 0.39731 -0.3838
-0.46397 1.0522 -0.54687
-0.20308 0.72942 0.063626
-0.66277 0.2799 -0.10587
0.095422 -0.58674 -0.12446
-0.30271 -0.4324 0.22877
0.36844 -0.57329 -0.5825
0.38177 0.41975 0.14446
-0.35872 0.71676 -0.05326
-0.34455 0.53288 0.40733
-0.74604 -0.10783 0.13588
0.73811 -0.2749 0.49215
-0.63461 0.20348 0.4678
-0.45749 0.97558 -0.6928
0.27262 -0.25518 -0.78687
-0.84342 -0.12616 -0.12107
0.75472 -0.26966 -0.53717
-0.59785 0.12434 -0.40455
1.0895 -0.18703 -0.022223
0.36963 -0.14779 -0.73703
-0.63586 0.37146 0.22761
0.84423 0.39508 0.14776
-0.19832 0.22816 -0.56308
0.040939 -0.30113 0.40594
1.01 -0.50126 -0.30334
1.1025 -0.275 -0.18958
-0.19831 -0.45902 -0.93587
-0.50672 -0.65386 0.33353
0.082493 -0.17663 -0.85573
-0.27957 0.72571 -0.045505
0.07886 -0.26838 -0.83676
0.60371 -0.60791 -0.52884
0.80382 -0.47992 0.39623
-0.42505 1.0925 -0.88215
0.38549 -0.69488 -0.00074564
0.63946 -0.62739 -0.436
0.033981 -0.56287 -0.21017
0.31594 -0.57655 -0.28035
-0.12407 -0.32442 -0.81959
0.47758 0.11517 -0.57925
0.74239 0.503 0.003878
0.911 0.33916 -0.10062
-0.685 0.11382 0.25891
-0.27004 0.13993 0.23234
-0.71643 0.2397 0.098635
-0.78947 -0.1943 0.010012
-0.052278 1.1104 -0.2516
0.043344 0.42839 -0.18591
-0.40795 0.51004 0.44996
0.5886 -0.34 -0.6565
1.1068 -0.21976 -0.099359
-0.2497 0.36189 -0.35506
0.75864 0.45784 -0.16396
-0.093063 1.0205 -0.24044
-0.44058 0.9647 -0.84662
-0.65831 0.13533 0.070963
0.21462 0.25712 -0.51667
0.060493 0.42397 -0.25967
0.027699 1.1177 -0.17471
1.0057 -0.38202 0.2315
-0.26022 0.42221 0.29161
1.0845 -0.59759 -0.19339
-0.2907 0.23679 0.3275
1.2208 -0.58167 -0.043765
-0.45917 0.97495 -0.82842
0.66512 0.5281 0.029195
-0.42548 0.81122 -0.55452
1.2047 -0.38139 -0.21339
0.90907 0.042008 0.35381
-0.48423 0.42742 -0.26194
-0.4684 1.027 -0.72958
1.0337 -0.60041 0.27421
0.56009 -0.40636 0.5383
-0.81881 -0.20653 -0.14468
-0.41264 0.47133 0.4701
-0.13092 0.67318 0.13704
-0.0011866 0.41159 -0.072623
-0.43256 -0.45436 0.19065
-0.53323 0.65208 0.0053417
-0.13876 0.40164 -0.36996
-0.0053101 0.0016544 0.32323
-0.67304 -0.4969 -0.1709
-0.24808 0.54159 -0.28376
0.22161 -0.20814 0.55069
0.076119 0.9562 -0.21166
0.48222 0.16279 -0.53522
-0.22195 0.6245 -0.22185
0.86108 -0.44648 0.37421
-0.17348 0.092793 0.26567
0.26812 0.46727 -0.33531
0.14114 -0.064627 0.48281
0.070393 0.26257 -0.52804
0.96124 0.30205 0.10377
0.62155 -0.25256 0.54538
-0.14765 -0.26783 0.26819
0.69148 -0.54917 0.43201
