-0.00481306 0.00176948 0.00600545 
-0.00441937 0.00143301 0.0054131 
-0.00443204 0.00109022 0.00556688 
-0.00450556 0.000740483 0.00588334 
-0.00459601 0.000341077 0.00632987 
-0.0047021 -0.000154281 0.00698732 
-0.00475953 -0.00040794 0.00738387 
-0.0048022 -0.000880381 0.00807717 
-0.00478692 -0.00118842 0.00849262 
-0.00478971 -0.00180305 0.00956952 
-0.00475098 -0.00236258 0.0106659 
-0.00945678 -0.00475336 0.0226883 
-0.00945843 -0.00475319 0.0226947 
-0.00544053 -0.00223028 0.0132076 
-0.0060726 -0.00120057 0.0131964 
-0.00638595 -0.000443751 0.0125636 
-0.00652666 0.000207413 0.0117248 
-0.0065267 0.000603025 0.0110541 
-0.0119255 0.00237018 0.0179749 
-0.0119243 0.00237215 0.01797 
-0.00733108 0.00226153 0.00989539 
-0.00726488 0.00227588 0.00974798 
-0.00751034 0.00208687 0.00983193 
-0.00677141 0.00192438 0.00837404 
-0.00595472 0.00174755 0.00697001 
-0.00573018 0.00155464 0.00666013 
-0.0056226 0.00120003 0.00649147 
-0.00553023 0.00111659 0.00637606 
-0.00502907 0.000645526 0.00589507 
-0.0056813 0.000232411 0.00705051 
-0.00575953 0.000149183 0.00724486 
-0.00571433 -0.000426329 0.00785942 
-0.00577506 -0.000595685 0.00814565 
-0.00599102 -0.00120126 0.00936299 
-0.00612314 -0.00184352 0.0106441 
-0.0064274 -0.00245814 0.0121532 
-0.0105951 -0.00437216 0.0206509 
-0.0103578 -0.00428979 0.0202294 
-0.00618168 -0.00297157 0.0132189 
-0.0064294 -0.00308605 0.0146517 
-0.00717334 -0.00208788 0.0149606 
-0.00788696 -0.000692485 0.0144475 
-0.00822085 0.000379905 0.0135977 
-0.00826717 0.000751932 0.0131753 
-0.00810584 0.00157534 0.0117016 
-0.00784953 0.00187409 0.010767 
-0.0095076 0.0028631 0.0117066 
-0.00857505 0.00302359 0.00977787 
-0.00762816 0.00270272 0.00826212 
-0.00985865 0.00288415 0.0104687 
-0.00981664 0.00284506 0.0104155 
-0.00873718 0.00201857 0.00902266 
-0.00869617 0.00198842 0.00897338 
-0.00573063 0.000911999 0.00594691 
-0.0117066 0.000930777 0.0129475 
-0.0117102 0.000927464 0.0129547 
-0.0133481 -0.000364528 0.0163446 
-0.0133494 -0.00036682 0.0163488 
-0.00725114 -0.00116575 0.00997638 
-0.00764495 -0.00165073 0.0114442 
-0.00803338 -0.00196803 0.0129539 
-0.0162221 -0.00385241 0.0277177 
-0.0162238 -0.00385143 0.0277218 
-0.00910281 -0.00138166 0.0156106 
-0.00970987 2.7768e-05 0.0151464 
-0.0126401 0.00170882 0.0178362 
-0.0126435 0.00184374 0.0176938 
-0.00973285 0.00262615 0.0123629 
-0.00957791 0.00554399 0.00954743 
-0.01091 0.00602786 0.0104268 
-0.0108703 0.00595579 0.0103739 
-0.00756065 0.00368319 0.00704333 
-0.00708713 0.00320211 0.00648573 
-0.00689207 0.00289736 0.00626365 
-0.00678462 0.00256704 0.00615238 
-0.00679962 0.00211883 0.00621292 
-0.00703501 0.00172918 0.00657235 
-0.00724452 0.00128695 0.00696388 
-0.00747784 0.000787925 0.00747059 
-0.00755025 0.000215342 0.00785852 
-0.00794849 -0.000497249 0.00880291 
-0.00800068 -0.000678343 0.00901538 
-0.00778851 -0.00133281 0.00934203 
-0.00820668 -0.00232985 0.0106974 
-0.00817274 -0.00252559 0.0108542 
-0.0079627 -0.00387298 0.0118964 
-0.00788138 -0.00405085 0.0119953 
-0.00644635 -0.00490252 0.0115121 
-0.00619158 -0.00578144 0.0126037 
-0.00673252 -0.00602483 0.0143167 
-0.00687775 -0.00602605 0.0147279 
-0.00721912 -0.00593922 0.0157297 
-0.00802788 -0.00523393 0.0165877 
-0.00900035 -0.00409006 0.0170046 
-0.0100023 -0.00262863 0.017026 
-0.0108822 -0.000987832 0.0166531 
-0.0111927 -0.000169263 0.0161513 
-0.0114453 0.000851606 0.0153667 
-0.0115989 0.002281 0.0143017 
-0.0115701 0.00289282 0.013794 
-0.0114583 0.00345271 0.0132329 
-0.0113305 0.00449959 0.0126377 
-0.0108965 0.00536692 0.0117267 
-0.00989205 0.00564871 0.00997798 
-0.0109581 0.00666286 0.0102634 
-0.00972123 0.00579814 0.00871851 
-0.00869381 0.00488487 0.0075158 
-0.00851056 0.00460877 0.007297 
-0.00797728 0.00396348 0.00669992 
-0.00755395 0.00342632 0.00624002 
-0.00732229 0.00311984 0.00599625 
-0.00701856 0.0026833 0.00568794 
-0.00678567 0.00228744 0.00546401 
-0.00664885 0.0021211 0.00533728 
-0.00644922 0.00167641 0.00518458 
-0.00649429 0.00131062 0.00529675 
-0.006685 0.000951691 0.00559259 
-0.00677832 0.000546038 0.00583488 
-0.00721906 6.59622e-05 0.00654357 
-0.00764741 -0.00028389 0.00723358 
-0.00791912 -0.000639231 0.0077795 
-0.0088189 -0.00149018 0.00932742 
-0.00885964 -0.00166076 0.00951371 
-0.0118302 -0.003846 0.0141065 
-0.011825 -0.00391382 0.0141648 
-0.00838167 -0.00375863 0.0111773 
-0.00825031 -0.00483083 0.0123441 
-0.00797156 -0.00586494 0.0134659 
-0.00780066 -0.00667884 0.0147369 
-0.00794184 -0.00694664 0.0159194 
-0.00812375 -0.00686322 0.0163606 
-0.00850229 -0.00656057 0.0170379 
-0.00931187 -0.00564532 0.0176969 
-0.02029 -0.00683729 0.0325518 
-0.0202969 -0.00682674 0.0325487 
-0.0117528 -0.00204039 0.0172562 
-0.0211532 -0.000791138 0.029007 
-0.0211686 -0.000756482 0.0290118 
-0.0130888 0.000938948 0.0172342 
-0.0135851 0.00264568 0.0168355 
-0.0138525 0.00432997 0.0162711 
-0.0138493 0.00592007 0.0155286 
-0.0192694 0.0103927 0.0204694 
-0.0192191 0.010429 0.0203532 
-0.0122718 0.00725298 0.0121256 
-0.0115718 0.00695356 0.0110885 
-0.017633 0.0173381 0.0173515 
-0.0113009 0.011029 0.0105679 
-0.0103919 0.00963585 0.00931789 
-0.00980612 0.00832544 0.00846333 
-0.00915678 0.00711008 0.00762282 
-0.00901894 0.00652725 0.00737208 
-0.00885579 0.00604891 0.00713039 
-0.0118134 0.0071955 0.00919176 
-0.0117989 0.00714694 0.00917037 
-0.00857036 0.00451976 0.00647412 
-0.00849237 0.00439441 0.00639068 
-0.00775442 0.00346038 0.00573852 
-0.00772046 0.00333577 0.00569832 
-0.00742693 0.0028506 0.00544643 
-0.00960427 0.00316198 0.00697491 
-0.00955658 0.00311612 0.00693434 
-0.00695352 0.00187377 0.00505716 
-0.0067757 0.0014604 0.00495317 
-0.00693505 0.0011207 0.00517274 
-0.0070833 0.000748351 0.00542115 
-0.00711909 0.000334992 0.00560607 
-0.00703987 -9.79692e-05 0.00571617 
-0.00693094 -0.000550016 0.00583484 
-0.00704875 -0.00111364 0.00627365 
-0.00734895 -0.00170456 0.00692882 
-0.00739648 -0.00189367 0.00710787 
-0.00757954 -0.00269871 0.00794005 
-0.0140852 -0.00631592 0.0161749 
-0.0140891 -0.00633512 0.016197 
-0.00818242 -0.00465628 0.0104049 
-0.00828014 -0.00567805 0.011662 
-0.00817857 -0.00671362 0.012859 
-0.00795195 -0.00769917 0.0140349 
-0.00785711 -0.00812541 0.0146615 
-0.00768136 -0.00854848 0.0152327 
-0.00659827 -0.00971074 0.0157974 
-0.00547071 -0.0107357 0.0162992 
-0.00450638 -0.0115039 0.0169275 
-0.0040759 -0.011776 0.0173783 
-0.00372562 -0.0119544 0.0176566 
-0.00373961 -0.0179262 0.0259156 
-0.00370111 -0.0179332 0.0259449 
-0.00257225 -0.0121132 0.0185699 
-0.00247248 -0.0119529 0.018714 
-0.00234501 -0.0117212 0.0188409 
-0.00397912 -0.0100037 0.0190205 
-0.00508414 -0.00885029 0.0190398 
-0.00615751 -0.00763216 0.0190157 
-0.00738754 -0.00556338 0.0189054 
-0.00864755 -0.00309787 0.0187159 
-0.0101507 -9.84595e-05 0.0184368 
-0.0118117 0.00322631 0.0180324 
-0.0124135 0.00464135 0.0178126 
-0.0130532 0.00639154 0.0174802 
-0.0135449 0.00916632 0.0167941 
-0.0141969 0.0111912 0.0164217 
-0.0142143 0.0116018 0.0161603 
-0.0151055 0.0139685 0.0159911 
-0.0150218 0.0140138 0.0157591 
-0.0177132 0.017378 0.0174689 
-0.0114311 0.0126089 0.0102306 
-0.0109535 0.0111088 0.00941162 
-0.0102051 0.00960832 0.00843564 
-0.00941379 0.00820348 0.00749229 
-0.00942945 0.00782405 0.00740008 
-0.00933981 0.00710684 0.00714491 
-0.0124486 0.0085371 0.0091601 
-0.0124441 0.00848733 0.00914417 
-0.0124657 0.00732323 0.0088739 
-0.0124476 0.00727312 0.00884978 
-0.00853975 0.00434716 0.00589306 
-0.00853626 0.00421946 0.00586725 
-0.00824226 0.00366222 0.00559247 
-0.00864835 0.00334203 0.00583823 
-0.00857101 0.00320507 0.00576901 
-0.00806993 0.00266366 0.0053869 
-0.00801114 0.00222484 0.00535326 
-0.0085016 0.00192588 0.00579704 
-0.00835678 0.00167724 0.00571227 
-0.00817056 0.00142814 0.00559973 
-0.00805572 0.000987278 0.00560782 
-0.0081441 0.000547403 0.00582404 
-0.00813974 7.44512e-05 0.00599911 
-0.00823626 -0.000454735 0.00632195 
-0.00840479 -0.000739978 0.00661994 
-0.00854389 -0.00113243 0.00696108 
-0.0127388 -0.00294231 0.0112508 
-0.0127659 -0.00300307 0.0113177 
-0.00947934 -0.00317167 0.0092691 
-0.00956177 -0.00374794 0.00982699 
-0.00953383 -0.00447825 0.0104394 
-0.00958826 -0.00565268 0.011671 
-0.00936348 -0.00687287 0.0128019 
-0.0089331 -0.00805945 0.0138328 
-0.00825066 -0.0092249 0.0147057 
-0.00756127 -0.0102117 0.0155714 
-0.00660934 -0.0111521 0.0162014 
-0.00519596 -0.0122242 0.0164405 
-0.00449807 -0.0129234 0.017079 
-0.00425086 -0.0130469 0.0171739 
-0.00345548 -0.0145038 0.018889 
-0.00335008 -0.0145039 0.0189315 
-0.00260958 -0.0145445 0.0192207 
-0.00250685 -0.0145241 0.0192258 
-0.00221629 -0.0180344 0.024149 
-0.00216599 -0.0180252 0.0241399 
-0.00199029 -0.011921 0.0171811 
-0.00260978 -0.0106847 0.016958 
-0.00384584 -0.00883152 0.0166825 
-0.00882471 -0.0119929 0.0293168 
-0.00882635 -0.0119702 0.0293125 
-0.00513468 -0.0046326 0.01605 
-0.00673016 -0.0013383 0.0157655 
-0.00765991 0.000301944 0.0156629 
-0.00873792 0.00244266 0.0155424 
-0.0100108 0.00613311 0.0153108 
-0.0157893 0.0138977 0.0212737 
-0.0159061 0.0140842 0.0212631 
-0.0183318 0.018341 0.0211331 
-0.0183899 0.0184645 0.0211089 
-0.0192711 0.0208689 0.0201822 
-0.0192796 0.0209254 0.0201354 
-0.0252701 0.028354 0.0247025 
-0.0252688 0.0283524 0.0246988 
-0.0125021 0.0140408 0.0116568 
-0.0120398 0.0133742 0.0109887 
-0.0118088 0.0156486 0.0107062 
-0.0113506 0.014034 0.0098865 
-0.0111806 0.0124708 0.00932465 
-0.0109365 0.0109644 0.00873345 
-0.0104362 0.0095009 0.00799155 
-0.0187599 0.0152104 0.0137623 
-0.018758 0.0152004 0.0137582 
-0.0142088 0.00986033 0.00993569 
-0.0142087 0.00979573 0.00991705 
-0.00998451 0.00603537 0.00669911 
-0.00987633 0.00578417 0.00656441 
-0.00952314 0.00497717 0.00614209 
-0.00940888 0.00475822 0.00601918 
-0.00947922 0.00419063 0.00593406 
-0.009432 0.00404624 0.00587893 
-0.00902288 0.00347115 0.00555081 
-0.00925572 0.00309263 0.00568679 
-0.00916864 0.00280076 0.00561687 
-0.00905556 0.00256855 0.00553632 
-0.00923311 0.00216985 0.00569543 
-0.00945966 0.00175907 0.00592752 
-0.00906023 0.00123655 0.00571085 
-0.00918768 0.00077283 0.00593218 
-0.00920357 0.000268242 0.00610348 
-0.00908719 -0.000264298 0.00620075 
-0.00914387 -0.000871048 0.00650309 
-0.00913376 -0.00154706 0.00681562 
-0.00938538 -0.00204205 0.00729994 
-0.00954595 -0.00257975 0.00775555 
-0.00974233 -0.00341472 0.00847278 
-0.0104195 -0.00443676 0.00990129 
-0.0105223 -0.0050623 0.010533 
-0.0105265 -0.00572291 0.0111393 
-0.0104965 -0.00694561 0.0123793 
-0.0103714 -0.00804414 0.0136216 
-0.0103456 -0.00846437 0.0142559 
-0.0102124 -0.0088813 0.0148217 
-0.00941067 -0.0099068 0.0156088 
-0.00840611 -0.0107989 0.0161796 
-0.0069066 -0.01191 0.0163964 
-0.010274 -0.0223588 0.029681 
-0.0102587 -0.0223644 0.0296819 
-0.00428385 -0.0130663 0.0164841 
-0.00381465 -0.0128685 0.0163869 
-0.00355316 -0.0126189 0.0162448 
-0.00331864 -0.0122815 0.0160223 
-0.00380952 -0.0112696 0.0158114 
-0.00384016 -0.011029 0.0156669 
-0.00399496 -0.0100609 0.0149677 
-0.00520226 -0.00834753 0.0144166 
-0.00595265 -0.00684856 0.0138302 
-0.00725327 -0.00474675 0.0133835 
-0.00750966 -0.00382755 0.0131592 
-0.00768922 -0.0028362 0.0129579 
-0.00875164 -5.01129e-05 0.0127373 
-0.00960896 0.00164013 0.0127423 
-0.0103662 0.00336422 0.0127799 
-0.0108455 0.0066338 0.0127178 
-0.0112336 0.0100829 0.0126866 
-0.0131528 0.0142089 0.0137618 
-0.0133205 0.0146547 0.0137854 
-0.0129113 0.0155335 0.0128288 
-0.0129802 0.0163348 0.0126556 
-0.0129377 0.0167134 0.0124131 
-0.0126209 0.0167511 0.0118416 
-0.0123957 0.0165425 0.0115133 
-0.0138232 0.0161958 0.0118458 
-0.0141008 0.0151541 0.0116171 
-0.0140786 0.0139095 0.0111379 
-0.0133457 0.0125375 0.0101676 
-0.0126503 0.0110224 0.0092396 
-0.011831 0.00951604 0.0082727 
-0.0111565 0.00812124 0.00744649 
-0.0146227 0.00963026 0.00931348 
-0.0146207 0.00957158 0.00929397 
-0.0111621 0.00638398 0.00677792 
-0.0111067 0.00624519 0.00670751 
-0.0136555 0.00672351 0.00792476 
-0.0136201 0.00667203 0.00789225 
-0.00978217 0.00424315 0.00557313 
-0.0102431 0.00391412 0.00576238 
-0.0101529 0.00376596 0.00568624 
-0.00956918 0.00317418 0.00528743 
-0.00965119 0.00275063 0.0053011 
-0.00952683 0.00260668 0.00521833 
-0.00901357 0.00215193 0.00490584 
-0.00941862 0.00182811 0.00520007 
-0.00962647 0.0014205 0.00539645 
-0.00912588 0.000912166 0.00513206 
-0.00910222 0.000452598 0.00521454 
-0.00952109 -6.21166e-05 0.00565547 
-0.00976438 -0.000670421 0.00603057 
-0.00975172 -0.00132563 0.00625958 
-0.00988415 -0.00168326 0.00650704 
-0.00995076 -0.00216296 0.00676804 
-0.0109766 -0.00349236 0.00803466 
-0.0110394 -0.00369269 0.00819457 
-0.0105758 -0.00478555 0.00873185 
-0.010647 -0.0051671 0.00905696 
-0.0106138 -0.00615543 0.00979924 
-0.0108337 -0.00739556 0.0111193 
-0.0109635 -0.00852208 0.0125053 
-0.0110922 -0.0087588 0.0130072 
-0.0111796 -0.0092129 0.0139578 
-0.0155134 -0.014158 0.0215582 
-0.0155134 -0.0141537 0.0216127 
-0.011769 -0.0107807 0.0175471 
-0.0117137 -0.0107169 0.0175954 
-0.0143945 -0.0128221 0.0226584 
-0.0143578 -0.0127814 0.0226438 
-0.0101228 -0.00752234 0.0153336 
-0.0100511 -0.00664653 0.0148651 
-0.009995 -0.00625228 0.0146019 
-0.0101721 -0.00486332 0.0137655 
-0.0197697 -0.00634747 0.0241434 
-0.0197691 -0.00634083 0.0241374 
-0.0107092 -0.00235675 0.0121635 
-0.010831 -0.0015976 0.0116627 
-0.0108201 -0.0013163 0.0114438 
-0.0117127 -6.79583e-05 0.0116328 
-0.011686 0.00013874 0.0115368 
-0.0107778 0.00142012 0.010387 
-0.0105835 0.00216309 0.0102034 
-0.0100666 0.00343694 0.00991694 
-0.0179402 0.0119282 0.0178823 
-0.0179334 0.0119618 0.0178804 
-0.00922288 0.00999925 0.00969866 
-0.0101994 0.0130071 0.010318 
-0.0104527 0.0137507 0.0104649 
-0.0114905 0.0152 0.0109456 
-0.0123548 0.0159041 0.0114222 
-0.0126704 0.0162121 0.0115897 
-0.0135687 0.0162507 0.0119631 
-0.0138171 0.0162811 0.0119465 
-0.0137812 0.0107119 0.00912716 
-0.0130162 0.00924635 0.00819972 
-0.0129243 0.00880583 0.00799917 
-0.0125547 0.00787757 0.00749354 
-0.0164651 0.00929692 0.00934061 
-0.0164384 0.00922923 0.0093057 
-0.012193 0.00601034 0.00658145 
-0.012091 0.00586008 0.00648794 
-0.0113841 0.00484075 0.00590314 
-0.0112797 0.00469811 0.00581646 
-0.0101521 0.00379104 0.00511032 
-0.00990045 0.00336509 0.00490571 
-0.009702 0.0031648 0.00477216 
-0.00984513 0.00279381 0.00481627 
-0.00967295 0.00232802 0.00469814 
-0.017737 0.00349566 0.00865816 
-0.0177294 0.00348863 0.0086539 
-0.00935525 0.00144341 0.00453809 
-0.00969192 0.00105316 0.00477916 
-0.0098336 0.000594026 0.00493056 
-0.00984491 8.79544e-05 0.00502657 
-0.0100547 -0.000486152 0.00528507 
-0.0103401 -0.000791903 0.00554962 
-0.0106184 -0.00122511 0.00585696 
-0.0106376 -0.0019969 0.0061111 
-0.0141857 -0.00389689 0.00858575 
-0.0142269 -0.00399215 0.00865285 
-0.0107497 -0.00410779 0.00703972 
-0.0108006 -0.00469294 0.00736477 
-0.0112415 -0.00611893 0.00851014 
-0.0112711 -0.00658754 0.00883798 
-0.0111405 -0.00764092 0.00949567 
-0.0113902 -0.00892656 0.0108478 
-0.0115646 -0.00937834 0.0115239 
-0.0116326 -0.00992996 0.0123282 
-0.0111856 -0.0109282 0.0134527 
-0.0110413 -0.0111128 0.0141071 
-0.0108224 -0.011171 0.0144768 
-0.014058 -0.0162619 0.0214253 
-0.0140183 -0.0162271 0.0214367 
-0.0125666 -0.0148193 0.0209231 
-0.0125139 -0.0147572 0.0208946 
-0.00876942 -0.00879727 0.0141317 
-0.00855179 -0.00776427 0.0134874 
-0.00843374 -0.00729673 0.0131327 
-0.00846804 -0.0057311 0.012009 
-0.0160091 -0.00768907 0.0198645 
-0.016009 -0.00767739 0.0198524 
-0.00893554 -0.00318261 0.00988946 
-0.010052 -0.00229408 0.00975724 
-0.0100313 -0.0021962 0.00959156 
-0.00937329 -0.00144673 0.00824844 
-0.00954791 -0.000759657 0.00789726 
-0.00956717 -0.000451267 0.00775759 
-0.00980307 0.00114603 0.00757025 
-0.00970134 0.00199468 0.00745765 
-0.00948017 0.00321853 0.0073454 
-0.00943082 0.00619097 0.00751341 
-0.0097264 0.00964835 0.00804743 
-0.0105936 0.0111484 0.00877904 
-0.0123215 0.0125772 0.0101127 
-0.0126728 0.0129842 0.0103983 
-0.0134745 0.0137869 0.0109985 
-0.0146634 0.0140117 0.0116687 
-0.0281913 0.0256152 0.021765 
-0.0281963 0.0256181 0.0217655 
-0.0157371 0.0140183 0.0117862 
-0.015576 0.0132376 0.0112151 
-0.0270239 0.0215905 0.0186067 
-0.0270091 0.0215757 0.0185916 
-0.0153235 0.0116778 0.0095677 
-0.0144284 0.0102087 0.0085424 
-0.014233 0.00956642 0.00820827 
-0.0138416 0.00875771 0.00772707 
-0.0140468 0.00790557 0.00739851 
-0.0139457 0.00768968 0.00727896 
-0.0123788 0.00614245 0.00616691 
-0.012144 0.00576175 0.00594393 
-0.0159333 0.00672578 0.00750794 
-0.0158874 0.00666004 0.00746959 
-0.0114604 0.00422908 0.00522435 
-0.0111791 0.00388556 0.00502192 
-0.0108046 0.00348897 0.00477387 
-0.0109547 0.00309224 0.00478989 
-0.019548 0.00469097 0.00846021 
-0.0195415 0.00468357 0.00845638 
-0.0104938 0.00209154 0.00448732 
-0.0108922 0.00171595 0.00469284 
-0.0112006 0.0012656 0.00487566 
-0.0113797 0.000746668 0.00501406 
-0.0114188 0.000168838 0.00510035 
-0.0113062 -0.000453712 0.00512486 
-0.0110568 -0.0010939 0.00509178 
-0.0205414 -0.00343557 0.00986331 
-0.0205467 -0.00344761 0.00986938 
-0.0113907 -0.0028249 0.00569952 
-0.0113085 -0.00384312 0.00595961 
-0.0113427 -0.00422219 0.00611199 
-0.011169 -0.00508798 0.0063362 
-0.0110044 -0.00607035 0.0066545 
-0.0109487 -0.00676832 0.00695267 
-0.0107351 -0.00771373 0.0073125 
-0.0106344 -0.00928123 0.00820221 
-0.010725 -0.0107794 0.00939174 
-0.0108491 -0.0120958 0.0108133 
-0.0108667 -0.0124237 0.0112837 
-0.0106403 -0.0130207 0.0121501 
-0.0139469 -0.0196993 0.0187522 
-0.0139168 -0.0196932 0.0188031 
-0.00986442 -0.0149154 0.015247 
-0.0097233 -0.0148093 0.0152756 
-0.00864866 -0.0139584 0.0153538 
-0.00848375 -0.0137952 0.0152862 
-0.006947 -0.0107076 0.0130514 
-0.00681755 -0.0103057 0.0128238 
-0.00627954 -0.00856917 0.0115452 
-0.00652856 -0.00681677 0.0105597 
-0.00645129 -0.00647348 0.0102254 
-0.00615328 -0.00523764 0.0088295 
-0.00667241 -0.00411111 0.00781983 
-0.00668337 -0.0039383 0.00753328 
-0.0066232 -0.00331322 0.00639596 
-0.00737313 -0.00268368 0.00577583 
-0.00743334 -0.00259679 0.0056072 
-0.00748044 -0.00212474 0.00498984 
-0.00798324 -0.00109506 0.00480568 
-0.013543 0.000951766 0.00793171 
-0.0135509 0.00102395 0.0079373 
-0.0085785 0.0027068 0.00516946 
-0.00903007 0.00401098 0.00565788 
-0.00959502 0.00569811 0.00634417 
-0.0106902 0.00770575 0.00752618 
-0.0118151 0.00908539 0.00858701 
-0.0123553 0.00976314 0.00907502 
-0.0139651 0.0111744 0.0102974 
-0.0289937 0.0225155 0.0209158 
-0.029 0.0225237 0.0209196 
-0.0164303 0.0129629 0.0115597 
-0.0167778 0.0132628 0.0115203 
-0.0167678 0.0133034 0.0113977 
-0.0165148 0.0126552 0.0107375 
-0.0157991 0.012051 0.00999066 
-0.0161982 0.0125426 0.00949684 
-0.0155688 0.0110811 0.00858027 
-0.0144339 0.00957749 0.00750869 
-0.0175597 0.0106447 0.00859041 
-0.0175236 0.0105351 0.00853741 
-0.0125741 0.00676994 0.0057793 
-0.0123653 0.00632887 0.00555217 
-0.0164649 0.00752479 0.00707239 
-0.0164259 0.00745654 0.00703642 
-0.0119515 0.00481082 0.00492205 
-0.0116763 0.0044599 0.00472143 
-0.0112504 0.00399707 0.00444137 
-0.0114066 0.00360043 0.00441421 
-0.0112773 0.00330515 0.0043061 
-0.0111272 0.00306792 0.00420508 
-0.0113292 0.0026882 0.00423557 
-0.0113046 0.00223586 0.00417934 
-0.0111934 0.00175631 0.00409958 
-0.0116429 0.00133014 0.00428762 
-0.0118562 0.000813498 0.00438785 
-0.0119292 0.000233102 0.00444273 
-0.0118477 -0.000397682 0.00444487 
-0.0120375 -0.00111397 0.00460683 
-0.0121449 -0.00192336 0.00476787 
-0.0119283 -0.00274921 0.0047968 
-0.0120862 -0.00312175 0.00494945 
-0.0122462 -0.00395088 0.00521886 
-0.0157949 -0.00677004 0.00711342 
-0.0157982 -0.00689327 0.00715159 
-0.0116262 -0.00646786 0.0056449 
-0.0113772 -0.00719273 0.00578401 
-0.0115297 -0.0087691 0.00642622 
-0.0114353 -0.00913572 0.00654493 
-0.0110688 -0.0105329 0.00719923 
-0.020007 -0.0209863 0.0147064 
-0.0200115 -0.0210137 0.0147305 
-0.0113419 -0.0134812 0.00967627 
-0.0114255 -0.0139225 0.0106125 
-0.0112985 -0.0140515 0.0110564 
-0.0143354 -0.0203217 0.0166909 
-0.0142757 -0.0202909 0.0167264 
-0.00883831 -0.0136554 0.0121068 
-0.00832754 -0.0134448 0.0120747 
-0.00696563 -0.0129037 0.0118072 
-0.00572431 -0.0120191 0.0113092 
-0.00522427 -0.0115333 0.0110039 
-0.0040971 -0.0101564 0.0100252 
-0.00386508 -0.00961821 0.00964844 
-0.0035303 -0.00810869 0.00855888 
-0.00339127 -0.00683786 0.0074686 
-0.00332224 -0.00647056 0.00704807 
-0.00366853 -0.00507425 0.00564937 
-0.00373617 -0.004817 0.00518107 
-0.00398385 -0.00444509 0.00438671 
-0.0042189 -0.00432595 0.00372161 
-0.00432452 -0.00434681 0.00339547 
-0.00455582 -0.00436123 0.00286255 
-0.00459717 -0.00432849 0.00271129 
-0.00609423 -0.00495901 0.00287622 
-0.00606301 -0.00489952 0.00283887 
-0.00402731 -0.00262822 0.00173015 
-0.00371026 -0.000444107 0.00136985 
-0.00357617 0.00239506 0.00122511 
-0.00384847 0.00559696 0.0015492 
-0.00466295 0.0069761 0.00227268 
-0.00626455 0.00640705 0.00339724 
-0.00770479 0.00617319 0.00458478 
-0.00912726 0.0058264 0.00569857 
-0.0107633 0.00708829 0.00718831 
-0.0227724 0.0151728 0.0154959 
-0.0227947 0.0151971 0.0155129 
-0.0145174 0.0099833 0.00981083 
-0.0218053 0.0156959 0.0144387 
-0.0219122 0.0158299 0.0144898 
-0.0173112 0.0126648 0.0109915 
-0.017422 0.0129945 0.0109321 
-0.0172236 0.0132262 0.0105477 
-0.0168351 0.0129884 0.0100863 
-0.0249262 0.0184355 0.0133216 
-0.0163553 0.0119044 0.00826486 
-0.0150469 0.0103536 0.00715496 
-0.0138973 0.0087803 0.00619065 
-0.0183731 0.0103463 0.00762457 
-0.0183531 0.0102761 0.00759445 
-0.0177303 0.00868559 0.00685137 
-0.0176878 0.00862308 0.0068182 
-0.0122361 0.0053012 0.00449922 
-0.0119929 0.00493898 0.00431458 
-0.0115999 0.00446121 0.00405501 
-0.01179 0.00405357 0.00399146 
-0.0116709 0.00389681 0.00391428 
-0.011147 0.0033905 0.00363906 
-0.0113349 0.00303394 0.00362459 
-0.0115387 0.00266296 0.0036262 
-0.0212029 0.00407423 0.00657396 
-0.021194 0.00406651 0.00656982 
-0.0112504 0.00172067 0.00340177 
-0.0116318 0.00129987 0.00349977 
-0.0118124 0.000800503 0.00353543 
-0.0119565 0.000244498 0.00357096 
-0.0118709 -0.000364126 0.00353524 
-0.0226876 -0.00197814 0.00691288 
-0.0226986 -0.00198918 0.0069177 
-0.0126399 -0.00192212 0.00390009 
-0.0127181 -0.00285059 0.00401805 
-0.0133845 -0.00390308 0.00438879 
-0.0134512 -0.00420313 0.00446297 
-0.0127636 -0.00521931 0.00440549 
-0.0127792 -0.00608868 0.00459996 
-0.0126986 -0.00688585 0.0047634 
-0.0125277 -0.00801778 0.0050126 
-0.0128409 -0.00975437 0.00575182 
-0.013171 -0.011437 0.00667137 
-0.0134071 -0.0128623 0.00773835 
-0.0135835 -0.0133247 0.00845128 
-0.0135254 -0.0135115 0.00890605 
-0.0177457 -0.0194675 0.013681 
-0.0176907 -0.0194259 0.0137178 
-0.0112263 -0.0128209 0.0100338 
-0.0106708 -0.0125323 0.0100291 
-0.00914013 -0.011849 0.00984477 
-0.00784171 -0.0114212 0.0100031 
-0.00749571 -0.0111081 0.00985545 
-0.00549103 -0.0097301 0.0090467 
-0.00526687 -0.00942458 0.0088561 
-0.00357333 -0.00681642 0.0067384 
-0.00312831 -0.00654245 0.00634104 
-0.00242155 -0.00624441 0.00566546 
-0.00178305 -0.00666788 0.00516348 
-0.00177552 -0.00654538 0.00497298 
-0.00157393 -0.00582862 0.00374565 
-0.00158487 -0.00585881 0.00338541 
-0.00177207 -0.00582074 0.00287167 
-0.00199705 -0.00572896 0.00251717 
-0.00245887 -0.00611087 0.00207175 
-0.00244044 -0.00611987 0.00197397 
-0.00242704 -0.00509424 0.00114817 
-0.00222787 -0.00488411 0.000920922 
-0.00161329 -0.00423405 0.000451071 
-0.00131316 -0.00238238 -0.000235933 
-0.00118677 8.79217e-05 -0.000785846 
-0.00159591 0.00283485 -0.000892781 
-0.00227686 0.0038249 -0.000542113 
-0.00340912 0.0053895 0.000360623 
-0.00357603 0.0057587 0.000600614 
-0.00480512 0.00520635 0.0018393 
-0.00616761 0.00475061 0.00307256 
-0.00755923 0.00421193 0.0041908 
-0.00844482 0.00389041 0.00480673 
-0.00898821 0.00378288 0.00516606 
-0.0103776 0.00340408 0.00590869 
-0.0150006 0.0063252 0.00886243 
-0.0152895 0.00660087 0.00904865 
-0.0151204 0.00774612 0.0088691 
-0.0158304 0.00858349 0.0092487 
-0.0247785 0.015979 0.0144098 
-0.0248597 0.0160937 0.0144386 
-0.0202273 0.0142468 0.0113606 
-0.0202516 0.0143702 0.0113168 
-0.0249969 0.0184545 0.013381 
-0.0255806 0.0171098 0.0112556 
-0.0170745 0.0109649 0.00704022 
-0.0156172 0.00944769 0.00603566 
-0.0151889 0.00843571 0.00554677 
-0.0149252 0.00807566 0.00535584 
-0.014925 0.00719574 0.00497825 
-0.0147875 0.00701144 0.00488548 
-0.0140734 0.005905 0.00438645 
-0.0139549 0.00574777 0.00430969 
-0.0124747 0.00466171 0.00368402 
-0.0121769 0.00419155 0.00347834 
-0.0119509 0.00397189 0.00336385 
-0.0121515 0.00359914 0.00332005 
-0.0121085 0.00314743 0.0032038 
-0.0221521 0.00493811 0.00571112 
-0.022144 0.00493034 0.00570745 
-0.0118511 0.0022025 0.00295089 
-0.0123525 0.00182741 0.00302742 
-0.0124123 0.00132762 0.00297726 
-0.0117579 0.000746794 0.00273045 
-0.0128354 0.00021565 0.00299261 
-0.0129279 -0.000441821 0.00298203 
-0.0127134 -0.00112726 0.00289613 
-0.0238946 -0.00358784 0.00551561 
-0.0239032 -0.00360072 0.00551838 
-0.013408 -0.00298857 0.00313045 
-0.0135376 -0.00412625 0.00323924 
-0.0136538 -0.00454566 0.00331223 
-0.0136574 -0.00554266 0.00342444 
-0.0138022 -0.00664802 0.00362642 
-0.0139978 -0.00774031 0.00388174 
-0.0139699 -0.00858838 0.00404695 
-0.0146187 -0.0103051 0.00472515 
-0.0148449 -0.0119753 0.00542928 
-0.0146484 -0.0134197 0.00614459 
-0.0146572 -0.0136471 0.00642098 
-0.0143024 -0.0139469 0.0069182 
-0.0174939 -0.0190766 0.0100351 
-0.0173897 -0.0190147 0.0100627 
-0.0111056 -0.013307 0.00758486 
-0.0110481 -0.0153856 0.00914052 
-0.010771 -0.0152309 0.00910473 
-0.00625217 -0.0114203 0.00702 
-0.0050934 -0.0102337 0.00659524 
-0.00416815 -0.00920624 0.00615589 
-0.00311394 -0.00759731 0.00539294 
-0.00267889 -0.00683932 0.00496948 
-0.00222982 -0.00841215 0.00573425 
-0.00220474 -0.00832305 0.00566622 
-0.00193162 -0.0041017 0.00287413 
-0.00201328 -0.0038349 0.00249878 
-0.00234761 -0.00351987 0.00188101 
-0.00263825 -0.00346949 0.00150404 
-0.00282524 -0.00377086 0.00113625 
-0.00286182 -0.00396993 0.000973171 
-0.00293496 -0.0042464 0.000534177 
-0.00295305 -0.00423964 0.000321848 
-0.00276994 -0.0040897 -0.000103707 
-0.00280342 -0.00314368 -0.000717229 
-0.00313289 -0.0017555 -0.00109406 
-0.00273878 4.66084e-05 -0.00140305 
-0.00291918 0.00215947 -0.00116113 
-0.00303477 0.00236896 -0.000981984 
-0.00387654 0.00212519 0.000249022 
-0.00510248 0.000829177 0.00119769 
-0.00562205 0.000358935 0.00162022 
-0.00609833 4.26988e-05 0.0020187 
-0.00718238 0.000341429 0.00305401 
-0.00847841 0.000687106 0.00392859 
-0.010015 0.00127331 0.00472277 
-0.0118397 0.00265165 0.00575484 
-0.012811 0.00344295 0.00626363 
-0.0149021 0.0055391 0.00735926 
-0.0162963 0.00707979 0.0080167 
-0.0173441 0.00835915 0.00846796 
-0.0200594 0.0110868 0.0095961 
-0.020259 0.0114252 0.00964437 
-0.0277352 0.017485 0.012816 
-0.0277266 0.017524 0.01279 
-0.0256805 0.0171435 0.0113216 
-0.0246328 0.0168115 0.00870461 
-0.0152483 0.00998166 0.00505118 
-0.0149717 0.00910451 0.00473061 
-0.0146068 0.00838764 0.00444275 
-0.0147287 0.00757377 0.0041781 
-0.0146152 0.00735526 0.00409301 
-0.0134874 0.0061132 0.00356478 
-0.0132226 0.00566528 0.00338788 
-0.0127854 0.00513801 0.00315905 
-0.0131617 0.00474654 0.0031044 
-0.0130266 0.00458014 0.00303431 
-0.0122499 0.0039308 0.00273377 
-0.0122862 0.00350331 0.00263045 
-0.0222914 0.00556143 0.00459942 
-0.022284 0.0055525 0.00459592 
-0.0121691 0.0026032 0.00239701 
-0.012714 0.00226682 0.00242943 
-0.0129256 0.0018141 0.00238417 
-0.0123638 0.00122847 0.00217401 
-0.0124364 0.00070625 0.00211002 
-0.0131778 0.00014128 0.00218724 
-0.0137655 -0.000555818 0.00223693 
-0.0135018 -0.00127656 0.00212306 
-0.0135571 -0.00210186 0.00208739 
-0.0137994 -0.0025567 0.00212129 
-0.0139958 -0.00316784 0.00214896 
-0.0137182 -0.00414775 0.00208759 
-0.014243 -0.00535162 0.00220119 
-0.014255 -0.00567009 0.00221652 
-0.0135324 -0.00689384 0.00216913 
-0.0135403 -0.00742072 0.00221386 
-0.0145813 -0.00989675 0.0025695 
-0.0145112 -0.0101976 0.00259378 
-0.013683 -0.0112455 0.00274638 
-0.013749 -0.0131155 0.00315206 
-0.0136619 -0.0148113 0.00363648 
-0.0137138 -0.0152034 0.00383364 
-0.0134731 -0.0158149 0.00421002 
-0.0121324 -0.0165596 0.00459184 
-0.0116603 -0.0165227 0.00470156 
-0.0103693 -0.0162432 0.00485276 
-0.0110972 -0.0217313 0.00683044 
-0.0109568 -0.0216065 0.00682385 
-0.00566015 -0.0135343 0.00466694 
-0.00491672 -0.0128203 0.00453612 
-0.00342373 -0.0112708 0.00418294 
-0.0024442 -0.0098716 0.00381502 
-0.00184814 -0.00814509 0.00334131 
-0.00157113 -0.0069645 0.00297442 
-0.00277484 -0.00852876 0.00392746 
-0.00277497 -0.00851938 0.00392317 
-0.00176236 -0.00306411 0.00129225 
-0.00197784 -0.00273023 0.00100341 
-0.00238564 -0.00248691 0.000603533 
-0.00617342 -0.00418634 8.6084e-05 
-0.00617697 -0.00418775 8.37159e-05 
-0.00388429 -0.00253845 -0.000404273 
-0.00404075 -0.00268869 -0.000629615 
-0.00400749 -0.00278149 -0.000884156 
-0.00369418 -0.00246349 -0.00143095 
-0.0035542 -0.00223714 -0.00157981 
-0.00303557 -0.00147138 -0.00191954 
-0.00233009 -1.09061e-06 -0.00219266 
-0.00212109 0.000754231 -0.00208503 
-0.00234603 0.00120226 -0.00146291 
-0.00269278 0.00109647 -0.000970352 
-0.0037787 0.000231624 0.000121791 
-0.00417712 -0.000265699 0.000379624 
-0.00490746 -0.00107044 0.00087686 
-0.00583199 -0.00144455 0.00156804 
-0.00811475 -0.00154742 0.00256656 
-0.00824135 -0.00151711 0.00261908 
-0.00789163 -0.000838907 0.00258489 
-0.00991889 0.000272261 0.00357909 
-0.0106267 0.000706969 0.00389911 
-0.0134495 0.00282998 0.00514972 
-0.0143512 0.00361547 0.00554064 
-0.0161312 0.00538186 0.00628526 
-0.0178885 0.00788043 0.00709231 
-0.0184897 0.00871025 0.00730451 
-0.0194144 0.010303 0.00760498 
-0.0284641 0.017429 0.0110793 
-0.0284808 0.0174899 0.0110661 
-0.0269631 0.0176116 0.00999675 
-0.0268819 0.0175964 0.00994681 
-0.024772 0.0168854 0.008768 
-0.01553 0.0104172 0.00408978 
-0.0137818 0.00863428 0.00338503 
-0.0142885 0.0079383 0.00321637 
-0.0142075 0.00776151 0.00316286 
-0.0136173 0.00654632 0.00280635 
-0.0135246 0.00638379 0.00275488 
-0.0121404 0.0051959 0.00232899 
-0.0119417 0.00472475 0.00218759 
-0.011753 0.00449909 0.00210966 
-0.0121007 0.00417758 0.00206814 
-0.0123144 0.00380665 0.00199763 
-0.0121447 0.00350681 0.00190333 
-0.0119607 0.00326689 0.0018234 
-0.0121735 0.00290816 0.00175873 
-0.0121547 0.00247441 0.00165385 
-0.012028 0.0020123 0.00153603 
-0.0124682 0.0016227 0.00150262 
-0.0127975 0.0011565 0.00144797 
-0.0129977 0.000623642 0.00137441 
-0.0130548 3.24133e-05 0.00128407 
-0.0129527 -0.000603661 0.00117927 
-0.0128432 -0.00127635 0.00108089 
-0.0133578 -0.00213459 0.00104903 
-0.0143957 -0.0030937 0.00107896 
-0.0145726 -0.00337651 0.00107871 
-0.0141624 -0.00438368 0.000980968 
-0.0145418 -0.00531269 0.000986901 
-0.0147091 -0.00607259 0.000986567 
-0.0158446 -0.00815078 0.00104844 
-0.0157959 -0.00844184 0.00104528 
-0.0142588 -0.0096577 0.000973501 
-0.0142884 -0.0102651 0.00100212 
-0.014112 -0.0115896 0.00106254 
-0.0141304 -0.0134787 0.0012233 
-0.0140193 -0.0151644 0.00143228 
-0.0140563 -0.0155394 0.00151768 
-0.0137703 -0.016097 0.00168068 
-0.0166188 -0.0220854 0.00248823 
-0.0165172 -0.0220359 0.00249937 
-0.0106127 -0.0157833 0.00194529 
-0.0092629 -0.015015 0.00193731 
-0.00822679 -0.014206 0.00189719 
-0.00776614 -0.0174037 0.00242984 
-0.00761714 -0.0172243 0.00241168 
-0.00334929 -0.0102961 0.00147238 
-0.00202791 -0.00923696 0.00129855 
-0.00152246 -0.00865691 0.00119754 
-0.000346514 -0.00769678 0.000954833 
-0.000261073 -0.00736177 0.000883031 
4.29341e-05 -0.00567866 0.000500922 
-2.12068e-05 -0.00523623 0.000360084 
-0.000540283 -0.00461005 -3.21083e-05 
-0.000617185 -0.00452927 -9.89341e-05 
-0.0016441 -0.00321135 -0.000574378 
-0.0019941 -0.00314146 -0.000845111 
-0.00213925 -0.00317145 -0.00106611 
-0.00260648 -0.00290024 -0.00160271 
-0.00244869 -0.00288984 -0.00185271 
-0.00192264 -0.00267292 -0.00240153 
-0.000889746 -0.00207037 -0.00317874 
-0.00036738 -0.00172294 -0.0035147 
0.00159832 0.000106806 -0.00476601 
0.00176258 0.00191948 -0.00509956 
0.00149189 0.00289837 -0.00476727 
-7.74367e-05 0.00186806 -0.00349702 
-0.00149741 0.000485394 -0.00226977 
-0.00307405 -0.00143875 -0.00127694 
-0.00402717 -0.00237429 -0.000506775 
-0.00426414 -0.00258574 -0.000349742 
-0.0047411 -0.00281692 -2.60337e-06 
-0.0054026 -0.00258572 0.000387151 
-0.0065153 -0.00189601 0.000902058 
-0.00844818 -0.000884721 0.00160051 
-0.0112896 0.000545385 0.00264074 
-0.0122536 0.00113199 0.00298221 
-0.0143287 0.00264708 0.00372218 
-0.0320214 0.00957435 0.00869802 
-0.032036 0.00958811 0.00870242 
-0.0187713 0.00755242 0.00532365 
-0.0274351 0.0135431 0.00784124 
-0.0275262 0.0136975 0.00785993 
-0.0207494 0.0116414 0.00587221 
-0.0205035 0.0121333 0.00575405 
-0.0199943 0.0122827 0.00555905 
-0.0195546 0.0127002 0.00534466 
-0.0191388 0.0125281 0.00520714 
-0.0134983 0.00878613 0.00239409 
-0.0172484 0.0102281 0.0028162 
-0.0172249 0.0101599 0.00280098 
-0.0127362 0.00656675 0.00187473 
-0.0126703 0.00640756 0.00183772 
-0.0115238 0.00527775 0.00155129 
-0.0113917 0.00482215 0.00144584 
-0.0112298 0.00459944 0.00138908 
-0.0111727 0.00411594 0.00127875 
-0.0117846 0.0039197 0.00125924 
-0.0117428 0.00369071 0.00120339 
-0.0116458 0.00345044 0.00114241 
-0.0119196 0.00312511 0.00107389 
-0.0119594 0.0027239 0.000978183 
-0.0119012 0.00229165 0.000872998 
-0.0124138 0.00195091 0.000809777 
-0.0128238 0.00153645 0.000728608 
-0.0131199 0.00104827 0.000631476 
-0.0132849 0.000497315 0.000522935 
-0.0133058 -0.000107338 0.000406715 
-0.0133338 -0.000765147 0.000289721 
-0.0140314 -0.00158387 0.000175059 
-0.0142029 -0.00246244 4.94373e-05 
-0.0145104 -0.00283853 4.89904e-06 
-0.0149678 -0.00369847 -9.59379e-05 
-0.0204625 -0.00679181 -0.000328052 
-0.0205065 -0.00691402 -0.00034016 
-0.0151668 -0.0065168 -0.000384491 
-0.0150705 -0.00749269 -0.000464733 
-0.0149626 -0.0083272 -0.000525401 
-0.014737 -0.00964196 -0.000607948 
-0.0145012 -0.0108232 -0.000669689 
-0.0141597 -0.0116776 -0.000704731 
-0.0141929 -0.0135535 -0.000791145 
-0.0140955 -0.0152218 -0.00087175 
-0.0141331 -0.0155888 -0.000903105 
-0.0138452 -0.0161206 -0.000962975 
-0.016716 -0.0220361 -0.00137577 
-0.0166127 -0.0219805 -0.00138279 
-0.0106688 -0.0156616 -0.00110013 
-0.00931078 -0.0148332 -0.00114036 
-0.0082671 -0.0139764 -0.00117626 
-0.0056733 -0.0126584 -0.00120268 
-0.00497963 -0.0119938 -0.00122237 
-0.00336913 -0.0104263 -0.001257 
-0.00221528 -0.00871931 -0.00131676 
-0.00168669 -0.00779078 -0.0013514 
-0.00106275 -0.00845514 -0.00200272 
-0.00102625 -0.00834367 -0.00200813 
-0.00105157 -0.00809115 -0.00295009 
-0.0010521 -0.00808755 -0.0029505 
-0.000698242 -0.00404895 -0.00182817 
-0.000745841 -0.00398853 -0.00186141 
-0.000974416 -0.00379049 -0.00216493 
-0.000973999 -0.00379718 -0.00223042 
-0.00132381 -0.00304601 -0.00255885 
-0.001269 -0.00290337 -0.00288657 
-0.00104665 -0.0027202 -0.00326948 
0.000283791 -0.00240654 -0.00452541 
0.000649542 -0.00226247 -0.00474701 
0.00220526 -0.000715548 -0.00564785 
0.00341822 0.000264266 -0.00639932 
0.00465629 0.00141108 -0.00715385 
0.00430872 0.00243459 -0.00723143 
0.00388213 0.00288538 -0.00705411 
0.00277289 0.00274724 -0.00632487 
0.000491612 0.000848737 -0.00586033 
0.000136305 0.000533161 -0.00566427 
-0.00155211 -0.00108196 -0.00367511 
-0.00251905 -0.00218205 -0.00276359 
-0.00333541 -0.00303005 -0.0020351 
-0.00399075 -0.00337098 -0.00150968 
-0.00427139 -0.00330326 -0.00136155 
-0.00452061 -0.00305098 -0.0012597 
-0.00535856 -0.00239289 -0.000972778 
-0.00759775 -0.00197503 -0.00037162 
-0.00810406 -0.00178357 -0.000218748 
-0.011667 -0.000203924 0.000750121 
-0.0122535 0.000128514 0.000910111 
-0.0142512 0.00203188 0.00162696 
-0.0161147 0.00353409 0.00212691 
-0.0174682 0.00472175 0.00247394 
-0.0195485 0.00725671 0.00311656 
-0.0201287 0.00800595 0.00327693 
-0.0210499 0.00958798 0.00356658 
-0.0214335 0.0106634 0.00369832 
-0.0213684 0.0110515 0.00370327 
-0.0270549 0.0156029 0.00483106 
-0.0269192 0.0155958 0.00480944 
-0.0182241 0.0113071 0.00329638 
-0.0167674 0.0107341 0.00304226 
-0.0151057 0.00979902 0.00271597 
-0.012259 0.00856297 0.00132936 
-0.0153053 0.00974504 0.001519 
-0.0152949 0.00968111 0.00150866 
-0.01462 0.00806682 0.00124503 
-0.0145768 0.00800054 0.0012341 
-0.0105804 0.00518699 0.000787134 
-0.0104892 0.00476367 0.000711522 
-0.0103973 0.00455564 0.000674349 
-0.0104372 0.00411833 0.000589468 
-0.0191918 0.00681085 0.000928566 
-0.0191883 0.00680434 0.000927302 
-0.0105007 0.00334548 0.000428166 
-0.0113712 0.00324356 0.000375169 
-0.0114705 0.00287765 0.000286929 
-0.0114703 0.0024824 0.000193881 
-0.0120424 0.00219062 9.80488e-05 
-0.012516 0.00182876 -1.2197e-05 
-0.0128838 0.00139678 -0.000134339 
-0.0131356 0.000895902 -0.000265157 
-0.0132561 0.00033837 -0.00039825 
-0.0132337 -0.000265696 -0.000528171 
-0.0132181 -0.000917626 -0.000662753 
-0.0138608 -0.00173298 -0.000867168 
-0.0140027 -0.0025956 -0.00103914 
-0.0143095 -0.00294738 -0.00112678 
-0.0147207 -0.00381426 -0.0013157 
-0.016249 -0.00537648 -0.00167472 
-0.0163456 -0.0056559 -0.00173129 
-0.016601 -0.007511 -0.00204966 
-0.0166345 -0.00781146 -0.00210187 
-0.0164931 -0.00980886 -0.00240471 
-0.0164156 -0.0101223 -0.00244475 
-0.0256382 -0.0203016 -0.00444554 
-0.0256329 -0.0203313 -0.00444976 
-0.0139464 -0.0133287 -0.00275559 
-0.0138797 -0.0149745 -0.00312673 
-0.0139325 -0.0153421 -0.00327782 
-0.0136849 -0.0158765 -0.00356949 
-0.0166081 -0.021706 -0.00521763 
-0.0165097 -0.0216522 -0.00524518 
-0.0106645 -0.0154236 -0.00415635 
-0.0093537 -0.0145974 -0.00424929 
-0.00834239 -0.0137442 -0.00429652 
-0.00782082 -0.0161242 -0.00580736 
-0.00764907 -0.0159274 -0.00580548 
-0.00364242 -0.00955912 -0.00420496 
-0.00300492 -0.00836989 -0.00416468 
-0.00232681 -0.00612293 -0.00432773 
-0.0021887 -0.00566193 -0.0043023 
-0.00197914 -0.00317708 -0.0042383 
-0.00197877 -0.0028911 -0.00421567 
-0.00207459 -0.00159024 -0.00383735 
-0.00246048 -0.00108419 -0.00382071 
-0.00261076 -0.00101554 -0.00382453 
-0.00316689 -0.000930933 -0.00388614 
-0.00332432 -0.001199 -0.00403465 
-0.00331222 -0.0013347 -0.00413976 
-0.00321607 -0.00166775 -0.00439365 
-0.00319247 -0.00213379 -0.00433469 
-0.00316776 -0.00236553 -0.00424795 
-0.00319003 -0.0029975 -0.00387118 
-0.00353458 -0.00326187 -0.00345501 
-0.00400437 -0.00322324 -0.00315006 
-0.00495919 -0.00285552 -0.00288483 
-0.00897088 -0.00306249 -0.00317786 
-0.00921129 -0.00298091 -0.00312751 
-0.0115671 -0.000866021 -0.00191559 
-0.0121231 -0.000578428 -0.00180489 
-0.0213408 0.00259641 -0.00125226 
-0.0215596 0.00274484 -0.00120798 
-0.0176837 0.00431437 -0.000159436 
-0.0193131 0.0059148 0.000253323 
-0.0202895 0.0070256 0.000532267 
-0.0287521 0.0123408 0.00142312 
-0.0288132 0.0124779 0.00145831 
-0.0215454 0.0106286 0.00142186 
-0.0213886 0.0115466 0.00163472 
-0.0210587 0.0116003 0.00166185 
-0.0187406 0.0114346 0.00169423 
-0.0172722 0.0111261 0.00168198 
-0.016657 0.0108651 0.00165008 
-0.0134671 0.0093562 0.00144345 
-0.0156215 0.00895974 5.56044e-05 
-0.0132535 0.0073131 0.000103766 
-0.0108038 0.00575629 0.00011655 
-0.0105802 0.00506444 3.38121e-05 
-0.0118211 0.00515552 -7.02251e-05 
-0.0126915 0.00500359 -0.000188103 
-0.0138566 0.00493144 -0.000338647 
-0.0137641 0.00458379 -0.000396362 
-0.0136329 0.00430782 -0.000436848 
-0.0134845 0.00375884 -0.000537621 
-0.0129118 0.00327566 -0.000570526 
-0.0125921 0.00304918 -0.000580179 
-0.0125194 0.00259191 -0.000678873 
-0.0120479 0.00205915 -0.000742322 
-0.0123097 0.0016552 -0.000876833 
-0.0220172 0.00209415 -0.00178856 
-0.0220023 0.00208517 -0.00178856 
-0.0115432 0.00064645 -0.00101207 
-0.0115789 0.000159761 -0.001132 
-0.0115879 -0.000360677 -0.00125451 
-0.0118451 -0.000949344 -0.00142711 
-0.0122295 -0.00126706 -0.00155746 
-0.0126329 -0.00171217 -0.00172193 
-0.012971 -0.00254237 -0.00196407 
-0.0135287 -0.00314186 -0.00219544 
-0.0139897 -0.00379789 -0.00242824 
-0.0146599 -0.00485114 -0.00280315 
-0.0149612 -0.0054774 -0.00301475 
-0.0152922 -0.00674249 -0.00339609 
-0.0153421 -0.00743803 -0.00358245 
-0.0153511 -0.00874409 -0.00392735 
-0.0157477 -0.0105112 -0.00446704 
-0.0156416 -0.0109431 -0.00456775 
-0.0150766 -0.0123529 -0.00502878 
-0.014541 -0.0138665 -0.00559013 
-0.0137197 -0.0149118 -0.00617283 
-0.0132739 -0.0150789 -0.00644619 
-0.012475 -0.0151567 -0.00674021 
-0.0105374 -0.0151496 -0.0070756 
-0.00934775 -0.0142744 -0.00727357 
-0.00840469 -0.0134711 -0.00736359 
-0.00860068 -0.0167977 -0.0105824 
-0.00848545 -0.0166311 -0.0105806 
-0.0056867 -0.012132 -0.0103626 
-0.00559478 -0.011965 -0.0103485 
-0.00321649 -0.00514988 -0.00700444 
-0.00285932 -0.00341929 -0.0068015 
-0.00274769 -0.00274619 -0.00669425 
-0.00352906 -0.00199218 -0.00886266 
-0.0035266 -0.00194081 -0.00884298 
-0.00282076 -0.000722782 -0.00612196 
-0.00292474 -0.000714089 -0.00608447 
-0.00301551 -0.000834643 -0.00610922 
-0.00308477 -0.00112149 -0.00623888 
-0.00294027 -0.00161026 -0.00636075 
-0.00400344 -0.0037224 -0.00885439 
-0.00399702 -0.00378286 -0.00883773 
-0.00310929 -0.00326492 -0.00578057 
-0.00369934 -0.00337769 -0.00551621 
-0.00469687 -0.00311137 -0.00533945 
-0.00628712 -0.00251212 -0.00519212 
-0.0113549 -0.00223676 -0.00625532 
-0.0116644 -0.00212405 -0.00621504 
-0.0142994 -3.81546e-05 -0.00483312 
-0.0148378 0.000251369 -0.00474521 
-0.0172825 0.00251687 -0.00366002 
-0.0179044 0.00300664 -0.00351161 
-0.0192645 0.00467692 -0.00287656 
-0.0212344 0.00694272 -0.00230761 
-0.0215447 0.00741527 -0.00214504 
-0.0215977 0.00866687 -0.00156662 
-0.0218544 0.0102767 -0.00104833 
-0.0216726 0.0104674 -0.000918179 
-0.0201569 0.0105874 -0.000509121 
-0.0187871 0.010308 -0.00024258 
-0.0175105 0.00981318 -9.03752e-05 
-0.0136303 0.00850918 -0.00100048 
-0.0127588 0.00716248 -0.00090191 
-0.0125219 0.00685625 -0.000886198 
-0.0111063 0.00562283 -0.000778282 
-0.0101383 0.00471817 -0.000720721 
-0.0110064 0.0046429 -0.000888229 
-0.0112082 0.00454825 -0.000940713 
-0.0115257 0.0043794 -0.00102965 
-0.0121244 0.00413669 -0.00119448 
-0.0135602 0.00430766 -0.00148058 
-0.0141912 0.00435466 -0.00162326 
-0.0141279 0.00410846 -0.00166199 
-0.0140479 0.00377935 -0.00171401 
-0.0137525 0.00319946 -0.00177318 
-0.0131038 0.00272352 -0.00172288 
-0.0127505 0.00250277 -0.001689 
-0.0125432 0.00200528 -0.00176068 
-0.0119448 0.00146352 -0.00174917 
-0.0210078 0.0017363 -0.00327654 
-0.0209929 0.00172785 -0.00327506 
-0.0109723 0.000476992 -0.00176354 
-0.0109639 9.88143e-06 -0.00187765 
-0.0108664 -0.000479963 -0.00197701 
-0.0106703 -0.000983644 -0.00205675 
-0.0202522 -0.00293641 -0.00425346 
-0.0202614 -0.00294608 -0.0042582 
-0.0110427 -0.00224259 -0.00246479 
-0.0131675 -0.00362962 -0.00326988 
-0.0133373 -0.00381327 -0.00336478 
-0.0143725 -0.00526519 -0.00406285 
-0.0144878 -0.00548522 -0.00416121 
-0.0192843 -0.00929285 -0.00625296 
-0.0192988 -0.0093941 -0.00628994 
-0.0183494 -0.0113674 -0.00682818 
-0.018336 -0.0115089 -0.00687389 
-0.0134025 -0.0102539 -0.00563995 
-0.0133599 -0.0119042 -0.00638584 
-0.0130794 -0.0134108 -0.00717464 
-0.0125119 -0.0146136 -0.00800775 
-0.0114436 -0.0154197 -0.00875817 
-0.0108373 -0.0153214 -0.00924622 
-0.0101535 -0.0150476 -0.00959322 
-0.00824132 -0.0144971 -0.0100336 
-0.00765677 -0.0140707 -0.010137 
-0.00616521 -0.0128997 -0.0102515 
-0.00499972 -0.0113941 -0.0102839 
-0.00426245 -0.00997734 -0.0102512 
-0.00356604 -0.00835701 -0.010148 
-0.00332522 -0.00539753 -0.00995356 
-0.00312603 -0.00414935 -0.00978214 
-0.00299589 -0.00306451 -0.00959268 
-0.00292858 -0.00158731 -0.00944665 
-0.00292814 -0.00136529 -0.00936836 
-0.00290241 -0.000855725 -0.00890651 
-0.00303832 -0.000743666 -0.00877252 
-0.00310329 -0.00110929 -0.00869215 
-0.00319486 -0.00175229 -0.00851992 
-0.00349977 -0.00204222 -0.00839366 
-0.00415847 -0.00194873 -0.00837694 
-0.00473388 -0.00202371 -0.00835756 
-0.00550415 -0.00202403 -0.00832858 
-0.00770585 -0.00174468 -0.00820008 
-0.00870807 -0.00159407 -0.00809648 
-0.0120818 -0.000968305 -0.00831279 
-0.01264 -0.000762638 -0.00823129 
-0.0205527 0.00123724 -0.0095912 
-0.0207945 0.00137774 -0.00953967 
-0.0179117 0.00279515 -0.00637456 
-0.0192324 0.00397585 -0.00589283 
-0.0200519 0.00484053 -0.00549484 
-0.0209008 0.00651621 -0.00479224 
-0.0378421 0.0144269 -0.00727271 
-0.0378405 0.0144436 -0.00726203 
-0.0205841 0.00909681 -0.00327317 
-0.0195879 0.00992605 -0.00266573 
-0.032073 0.0179284 -0.00357179 
-0.0320463 0.0179247 -0.00356316 
-0.0156604 0.00958579 -0.00139249 
-0.0130884 0.00797912 -0.00221209 
-0.0115861 0.00649008 -0.00180077 
-0.0109476 0.00573214 -0.00166723 
-0.0104508 0.00523572 -0.00157055 
-0.00889708 0.00410535 -0.00127552 
-0.00861947 0.00383963 -0.00123641 
-0.00925214 0.00373754 -0.0014162 
-0.010725 0.00395051 -0.00180178 
-0.0119116 0.00412177 -0.00214147 
-0.0125878 0.00419652 -0.00235282 
-0.0138752 0.00411213 -0.00283311 
-0.0144897 0.0037407 -0.00310462 
-0.0142841 0.00357299 -0.00306148 
-0.0132046 0.0029224 -0.0028416 
-0.0130344 0.00241114 -0.00290277 
-0.0126697 0.00208162 -0.00284757 
-0.0123428 0.00182633 -0.0027906 
-0.0121668 0.00133901 -0.00285099 
-0.0117689 0.000831763 -0.00283754 
-0.0112681 0.000331796 -0.00278906 
-0.0112449 -0.000161708 -0.00291351 
-0.0110971 -0.000674077 -0.00300129 
-0.0109556 -0.00121145 -0.00310133 
-0.0119214 -0.00203049 -0.00370387 
-0.0122319 -0.00232054 -0.00391751 
-0.01273 -0.00304549 -0.00436193 
-0.0132503 -0.00384902 -0.00487034 
-0.0135455 -0.00438866 -0.00520753 
-0.0139434 -0.0054542 -0.00582973 
-0.0140478 -0.00604483 -0.00613791 
-0.014092 -0.00719428 -0.00669643 
-0.0140318 -0.00800593 -0.00707613 
-0.0138696 -0.00892437 -0.00748997 
-0.0175545 -0.0138401 -0.0106993 
-0.0174702 -0.0139826 -0.0107368 
-0.012504 -0.0121658 -0.0088704 
-0.0114454 -0.0135861 -0.009467 
-0.0102744 -0.0147573 -0.0101167 
-0.00899648 -0.0155176 -0.0108458 
-0.00741949 -0.0159516 -0.0114095 
-0.006302 -0.0159521 -0.0121011 
-0.00587851 -0.0158009 -0.0122285 
-0.00394492 -0.0150608 -0.0122604 
-0.00306869 -0.0141714 -0.0124305 
-0.00233389 -0.0133159 -0.0125062 
-0.00160953 -0.0117773 -0.0125786 
-0.00124578 -0.00987492 -0.0126392 
-0.00108575 -0.00913467 -0.0126168 
-0.00144731 -0.00633468 -0.0125733 
-0.00178723 -0.00403921 -0.0124189 
-0.00365134 -0.00417596 -0.0215946 
-0.00365309 -0.00415726 -0.0215919 
-0.0021597 -0.00143769 -0.0121086 
-0.00244734 -0.000927653 -0.0120088 
-0.00269865 -0.000923954 -0.0118845 
-0.0031249 -0.00114884 -0.0116478 
-0.00328556 -0.00133799 -0.0115704 
-0.00348119 -0.001553 -0.0115168 
-0.00415454 -0.00171678 -0.0114925 
-0.00531862 -0.00168943 -0.0115108 
-0.00712132 -0.00159262 -0.0114526 
-0.00814244 -0.00153378 -0.0113531 
-0.00971785 -0.00128899 -0.0111723 
-0.0128368 -0.000672413 -0.0112698 
-0.0133971 -0.000489038 -0.0111547 
-0.0149622 0.000444357 -0.0101116 
-0.0202118 0.00184251 -0.01151 
-0.0204662 0.00202036 -0.0114113 
-0.0180032 0.00282703 -0.00901278 
-0.0189806 0.00423651 -0.00845659 
-0.0198426 0.0058607 -0.0075603 
-0.0200582 0.00667447 -0.0069387 
-0.0200238 0.00723788 -0.00639931 
-0.0194468 0.00822439 -0.0054261 
-0.0185917 0.00850601 -0.00466126 
-0.0179887 0.00853769 -0.00425908 
-0.0162903 0.00860357 -0.00339189 
-0.014569 0.00851642 -0.0027105 
-0.0110724 0.0101192 -0.00313077 
-0.00947617 0.00782203 -0.00232407 
-0.00823262 0.00623292 -0.00178821 
-0.00827857 0.00598321 -0.00179149 
-0.00837316 0.00538228 -0.00180411 
-0.00833677 0.00518277 -0.00179317 
-0.00928 0.00522926 -0.00212162 
-0.0100745 0.00511513 -0.00241792 
-0.0107523 0.00490596 -0.00269683 
-0.0210227 0.00861192 -0.00559128 
-0.0210222 0.00860434 -0.00559176 
-0.0117545 0.00428513 -0.00319132 
-0.0123575 0.00400449 -0.00351893 
-0.012319 0.00350364 -0.003591 
-0.012794 0.00315742 -0.00391082 
-0.0235693 0.0049171 -0.00753446 
-0.0235612 0.00490928 -0.00753198 
-0.0126274 0.00218244 -0.00406613 
-0.0129677 0.00174553 -0.00437872 
-0.012929 0.00123397 -0.00450628 
-0.0124263 0.000685106 -0.00438137 
-0.0122107 0.000146192 -0.00442322 
-0.012255 -0.000422261 -0.00462699 
-0.0127643 -0.00110787 -0.0051603 
-0.0160027 -0.00222559 -0.00697452 
-0.0160861 -0.00234353 -0.00707846 
-0.0136374 -0.00290669 -0.0064557 
-0.0168834 -0.00473388 -0.00859395 
-0.0168962 -0.00487009 -0.00867213 
-0.0153564 -0.00596406 -0.00877162 
-0.0153612 -0.0061831 -0.00891285 
-0.0151494 -0.00781885 -0.00985892 
-0.0150854 -0.00805417 -0.00997942 
-0.0183249 -0.0126106 -0.013766 
-0.0182696 -0.0127092 -0.0137997 
-0.0120631 -0.0105025 -0.0105143 
-0.0115023 -0.0112042 -0.01072 
-0.010743 -0.0120176 -0.0108823 
-0.00961976 -0.0131542 -0.0115422 
-0.00849298 -0.0139169 -0.0123849 
-0.00950563 -0.0186765 -0.0175931 
-0.00941243 -0.0186315 -0.0176946 
-0.00587307 -0.0135264 -0.014275 
-0.0050805 -0.0129231 -0.0146629 
-0.00441556 -0.0120101 -0.014997 
-0.00390333 -0.0108022 -0.0152691 
-0.00341888 -0.00946011 -0.0166872 
-0.00326508 -0.00907711 -0.0167033 
-0.00254485 -0.00603769 -0.0155165 
-0.00246404 -0.00482732 -0.0154634 
-0.0023994 -0.00400117 -0.0154004 
-0.00260279 -0.00238462 -0.0152301 
-0.00279085 -0.00138311 -0.0150317 
-0.00304878 -0.00115321 -0.0149043 
-0.0034121 -0.00114291 -0.0147552 
-0.00355061 -0.00121212 -0.0146999 
-0.00423656 -0.00138601 -0.0146093 
-0.00531101 -0.00150988 -0.0145853 
-0.00684942 -0.00158689 -0.014462 
-0.00750966 -0.00159134 -0.0143475 
-0.00899887 -0.00147519 -0.0140848 
-0.009999 -0.0013103 -0.0138838 
-0.0117481 -0.00086586 -0.013465 
-0.0127512 -0.000527763 -0.0131742 
-0.0140056 0.000141991 -0.012798 
-0.0157067 0.00104619 -0.0124268 
-0.0161501 0.00136872 -0.0122101 
-0.0172003 0.00261856 -0.0112187 
-0.018037 0.00390634 -0.0104488 
-0.0183821 0.00468862 -0.00987361 
-0.0185202 0.00522699 -0.00943275 
-0.0193385 0.00673832 -0.00933603 
-0.0193026 0.00703737 -0.00920708 
-0.0182701 0.00768264 -0.00837013 
-0.0177004 0.0088239 -0.00763315 
-0.016808 0.00978152 -0.00681608 
-0.0156268 0.010457 -0.00594716 
-0.0142068 0.0108017 -0.00505868 
-0.0126105 0.0107887 -0.00417984 
-0.0114171 0.0105144 -0.0033495 
-0.0123678 0.00634446 -0.0050082 
-0.0104727 0.00521282 -0.00376829 
-0.0102163 0.00457603 -0.00362267 
-0.0101445 0.00417406 -0.0035986 
-0.010034 0.00396466 -0.00355217 
-0.0103441 0.00363978 -0.00376398 
-0.0105057 0.00326932 -0.00391364 
-0.0103649 0.00299454 -0.00387639 
-0.0102117 0.00277947 -0.00382523 
-0.0103372 0.00243013 -0.00397574 
-0.0105851 0.0021002 -0.00421043 
-0.0102521 0.00165709 -0.0041119 
-0.0103836 0.00128215 -0.00429729 
-0.0105546 0.000885096 -0.0045237 
-0.0106333 0.000449133 -0.00470897 
-0.0107197 -2.40716e-05 -0.00492036 
-0.0109481 -0.000551757 -0.00526523 
-0.0165635 -0.00179072 -0.00867256 
-0.016632 -0.00184086 -0.00875084 
-0.0140405 -0.00247768 -0.00829959 
-0.014145 -0.00262958 -0.00849421 
-0.0144557 -0.00375018 -0.00974262 
-0.0144966 -0.00393473 -0.00994485 
-0.0147006 -0.00532474 -0.0113578 
-0.0146682 -0.00551965 -0.0115271 
-0.018118 -0.00901978 -0.0162401 
-0.0180785 -0.00910577 -0.0162961 
-0.0170854 -0.0114034 -0.0178983 
-0.0170262 -0.0114884 -0.0179302 
-0.0107198 -0.00951286 -0.0129674 
-0.0103749 -0.00986968 -0.0131818 
-0.00949781 -0.010622 -0.0135362 
-0.00832269 -0.0113295 -0.0142963 
-0.00765341 -0.0113047 -0.0154878 
-0.00736102 -0.0111761 -0.015769 
-0.00663796 -0.010382 -0.0177825 
-0.00646189 -0.0100761 -0.0179356 
-0.00528355 -0.00775397 -0.0173102 
-0.00475398 -0.00629433 -0.0176035 
-0.00450475 -0.00570993 -0.0176677 
-0.00430347 -0.00387999 -0.0176536 
-0.00636644 -0.0035983 -0.0247279 
-0.00641025 -0.00354784 -0.0247112 
-0.00551078 -0.00220477 -0.0172068 
-0.00597509 -0.00210615 -0.0170671 
-0.00671592 -0.00202642 -0.0168569 
-0.00787384 -0.00190778 -0.0165291 
-0.00831099 -0.00182604 -0.0163835 
-0.0091538 -0.00160964 -0.0160771 
-0.0112425 -0.0013357 -0.0167164 
-0.0115723 -0.00123563 -0.0165937 
-0.0120417 -0.000602343 -0.0150487 
-0.012763 -7.88879e-05 -0.014871 
-0.0250344 0.00155702 -0.0250824 
-0.0250558 0.00157408 -0.0250697 
-0.0152873 0.00201569 -0.0134357 
-0.0160822 0.00319695 -0.0126158 
-0.0165184 0.0043856 -0.0117846 
-0.0166328 0.00490448 -0.0111759 
-0.0166081 0.0054996 -0.0103734 
-0.0162035 0.00637553 -0.00915221 
-0.0157992 0.00686397 -0.00799364 
-0.0154811 0.00688261 -0.00759776 
-0.013589 0.00672709 -0.00597131 
-0.0117935 0.00510357 -0.00655079 
-0.0103583 0.00428798 -0.00517435 
-0.00994842 0.00389116 -0.00484346 
-0.00953809 0.00338552 -0.00454816 
-0.00937571 0.00320139 -0.00444276 
-0.0095116 0.002859 -0.00459841 
-0.00953376 0.0024949 -0.00468396 
-0.0093489 0.00224709 -0.00459095 
-0.00917196 0.00205434 -0.00449656 
-0.00917405 0.001716 -0.00458342 
-0.00928518 0.00138828 -0.00476324 
-0.00890299 0.000993008 -0.00456957 
-0.00891265 0.000638011 -0.00468412 
-0.00895311 0.000263406 -0.00483647 
-0.00899903 -0.00014103 -0.00501233 
-0.00916675 -0.000591316 -0.00532154 
-0.0138556 -0.00170907 -0.00870852 
-0.0139135 -0.00175283 -0.00878549 
-0.0151339 -0.00295315 -0.0107571 
-0.0151741 -0.00300679 -0.01084 
-0.0113777 -0.00294187 -0.00922784 
-0.011509 -0.00336943 -0.00991116 
-0.0115443 -0.00389362 -0.0106804 
-0.0115229 -0.00449015 -0.0122484 
-0.0113123 -0.00522018 -0.013427 
-0.0111429 -0.00544256 -0.0137179 
-0.0102256 -0.00584795 -0.0147778 
-0.00924028 -0.00609904 -0.015918 
-0.00808976 -0.00612913 -0.0168771 
-0.00964345 -0.00799362 -0.0251103 
-0.00957256 -0.00790611 -0.0251627 
-0.00951301 -0.00595908 -0.0258918 
-0.00956889 -0.00590443 -0.0258714 
-0.0108122 -0.00455387 -0.0244616 
-0.0108785 -0.00450677 -0.0244273 
-0.00885411 -0.00260002 -0.0169413 
-0.00913553 -0.0024 -0.0167716 
-0.00975171 -0.00199068 -0.0163676 
-0.0101144 -0.00148186 -0.0161914 
-0.0194374 -0.00168069 -0.0277134 
-0.0194523 -0.00167157 -0.027704 
-0.0116416 -0.000401844 -0.0153513 
-0.0124994 0.00028098 -0.0147655 
-0.013096 0.000968081 -0.0144094 
-0.0135449 0.00169979 -0.0141904 
-0.0254238 0.00482522 -0.0234411 
-0.0254299 0.00483824 -0.0234238 
-0.0144177 0.00365658 -0.0121533 
-0.0143344 0.00451255 -0.0108859 
-0.0139322 0.00520865 -0.00966066 
-0.0136454 0.00530253 -0.0090665 
-0.0126226 0.00530194 -0.0075246 
-0.00993089 0.00385566 -0.00616102 
-0.00969786 0.00369881 -0.00597306 
-0.00840704 0.00278183 -0.00503703 
-0.00833329 0.00266825 -0.00497689 
-0.00794345 0.002294 -0.00469923 
-0.00827172 0.00207122 -0.00506414 
-0.00806522 0.00171416 -0.00494453 
-0.0145954 0.00253938 -0.00914663 
-0.0145894 0.00253454 -0.00914184 
-0.00771194 0.00106437 -0.00478192 
-0.00786146 0.000773417 -0.00502429 
-0.00758874 0.000444379 -0.00486069 
-0.00733402 0.000123337 -0.00472162 
-0.00728826 -0.000207932 -0.00479765 
-0.00766326 -0.000614156 -0.00534273 
-0.00810219 -0.000882456 -0.00595093 
-0.00903722 -0.001344 -0.00726874 
-0.00921256 -0.00147582 -0.00760657 
-0.00971564 -0.00183438 -0.00904977 
-0.0102478 -0.00207449 -0.010868 
-0.0103352 -0.00201287 -0.0113034 
-0.0186694 -0.00276685 -0.0226256 
-0.0186701 -0.00276062 -0.0226371 
-0.0104246 -0.0010779 -0.013357 
-0.0106795 -0.000538243 -0.0132269 
-0.0109324 -3.46501e-05 -0.0131435 
-0.0112106 0.000476561 -0.0129911 
-0.0114935 0.00102133 -0.0127613 
-0.0117455 0.00160825 -0.0124455 
-0.0119322 0.00223348 -0.0121259 
-0.0210444 0.00509258 -0.019221 
-0.021041 0.00510189 -0.0191988 
-0.0116777 0.00347968 -0.00992059 
-0.0110554 0.00386375 -0.00850766 
-0.010379 0.00384922 -0.00739925 
-0.00934307 0.00360354 -0.0059894 
