-17.3135 0.216312 8.54356 
-17.1803 0.248955 8.62846 
-16.8831 0.141365 8.6452 
-16.5693 0.000911713 8.63315 
-16.2386 -0.169106 8.59597 
-15.8913 -0.378983 8.52497 
-15.7457 -0.483585 8.4791 
-15.5141 -0.661442 8.39337 
-15.3831 -0.767506 8.33801 
-15.2174 -0.965015 8.20618 
-15.143 -1.12078 8.07699 
-15.3136 -1.16436 7.96432 
-15.3231 -1.16452 7.96021 
-15.591 -1.12845 7.88344 
-15.9307 -0.955627 7.9259 
-16.1391 -0.805161 8.00204 
-16.3298 -0.652962 8.08556 
-16.4604 -0.543903 8.14579 
-16.7255 -0.303993 8.28281 
-16.7368 -0.295143 8.287 
-17.071 -0.0222244 8.41695 
-17.1039 0.0089035 8.4334 
-16.9505 -0.196896 8.09343 
-16.9875 -0.0534592 8.21425 
-17.0371 0.0989876 8.3308 
-16.9544 0.107327 8.36598 
-16.7214 0.0932388 8.42789 
-16.6654 0.0892792 8.44109 
-16.3499 -0.00115967 8.4586 
-16.0108 -0.188694 8.40417 
-15.95 -0.234924 8.38453 
-15.6446 -0.469337 8.28019 
-15.5651 -0.532295 8.25053 
-15.3726 -0.747349 8.12521 
-15.2379 -0.936333 7.99977 
-15.1669 -1.06275 7.90591 
-15.1424 -1.10509 7.87402 
-15.1482 -1.11312 7.86459 
-15.188 -1.21203 7.75478 
-15.3699 -1.25287 7.64406 
-15.703 -1.11029 7.66389 
-16.0605 -0.902271 7.73982 
-16.3317 -0.719524 7.82028 
-16.4331 -0.646564 7.85423 
-16.6939 -0.436512 7.96142 
-16.8235 -0.316204 8.02843 
-16.9904 -0.294228 7.7626 
-17.1935 -0.0748062 7.88818 
-17.2379 0.0752983 8.00346 
-17.0236 0.100323 8.09386 
-16.9976 0.102348 8.10326 
-16.7662 0.141724 8.1971 
-16.7387 0.14299 8.2051 
-16.4226 0.0759125 8.23317 
-16.096 -0.138981 8.15676 
-16.0799 -0.150013 8.15252 
-15.728 -0.432335 8.02761 
-15.7166 -0.44125 8.02357 
-15.3502 -0.724354 7.89247 
-15.3115 -0.877739 7.77997 
-15.3751 -0.987003 7.67041 
-15.5355 -1.05092 7.56413 
-15.5443 -1.05124 7.56073 
-15.8344 -1.0226 7.48838 
-16.1783 -0.843864 7.53925 
-16.4892 -0.64275 7.61995 
-16.5384 -0.610249 7.63281 
-16.8871 -0.378044 7.72279 
-17.9382 0.159466 7.56674 
-17.9635 0.298092 7.68089 
-17.9416 0.302807 7.69369 
-17.7958 0.350239 7.78639 
-17.6968 0.389992 7.85009 
-17.5835 0.390152 7.88499 
-17.4114 0.363365 7.91475 
-17.1093 0.282513 7.93687 
-16.794 0.159359 7.92752 
-16.4682 0.0237389 7.90753 
-16.1347 -0.132469 7.87135 
-15.7942 -0.286266 7.83369 
-15.4405 -0.482296 7.76665 
-15.3589 -0.534916 7.74565 
-15.0772 -0.705353 7.67879 
-14.7704 -0.906193 7.5922 
-14.7018 -0.954197 7.57008 
-14.3174 -1.19781 7.46097 
-14.2564 -1.24161 7.43954 
-13.9217 -1.50614 7.2999 
-13.881 -1.66101 7.18659 
-14.1932 -1.6551 7.12658 
-14.2814 -1.64795 7.11267 
-14.5151 -1.62843 7.07224 
-14.8538 -1.52923 7.07117 
-15.2015 -1.3909 7.09859 
-15.5549 -1.22658 7.14404 
-15.9078 -1.04316 7.20284 
-16.0674 -0.935291 7.25144 
-16.2804 -0.788994 7.31687 
-16.6266 -0.586475 7.38482 
-16.7916 -0.495674 7.41006 
-16.9565 -0.4035 7.43501 
-17.2577 -0.281006 7.43404 
-17.558 -0.141159 7.44379 
-17.8859 0.108402 7.54118 
-17.9934 0.0716362 7.21808 
-18.0794 0.239368 7.33272 
-18.0673 0.364285 7.44072 
-18.0168 0.379807 7.47011 
-17.8975 0.421745 7.54019 
-17.7543 0.444645 7.59828 
-17.6497 0.450459 7.63049 
-17.4637 0.444931 7.67277 
-17.2496 0.422016 7.70612 
-17.1595 0.415096 7.72039 
-16.844 0.35133 7.74238 
-16.5182 0.248798 7.73778 
-16.1868 0.117355 7.71309 
-15.8485 -0.0157509 7.68472 
-15.5011 -0.209862 7.61947 
-15.3124 -0.34951 7.56259 
-15.1452 -0.466927 7.5146 
-14.8456 -0.675476 7.42681 
-14.7792 -0.722511 7.40662 
-14.4024 -0.973904 7.29668 
-14.3671 -1.00067 7.28417 
-14.2071 -1.20787 7.16997 
-14.0632 -1.40572 7.05428 
-13.9807 -1.5784 6.94189 
-14.0382 -1.69799 6.83981 
-14.2333 -1.73067 6.77405 
-14.3489 -1.71923 6.75838 
-14.5632 -1.68611 6.73664 
-14.901 -1.59299 6.73302 
-15.2713 -1.36501 6.83769 
-15.2873 -1.35483 6.84248 
-15.635 -1.20742 6.87592 
-15.9677 -1.07864 6.89223 
-15.9933 -1.0719 6.89043 
-16.2788 -0.987534 6.8744 
-16.6 -0.853081 6.88869 
-16.9132 -0.716648 6.90192 
-17.2194 -0.577278 6.91539 
-17.5344 -0.400623 6.9575 
-17.5669 -0.374321 6.96972 
-17.8139 -0.137596 7.09675 
-17.9145 -0.0208321 7.16537 
-18.3758 -0.199493 6.51084 
-18.5889 0.0195045 6.63621 
-18.6967 0.188145 6.75684 
-18.6956 0.305485 6.87335 
-18.6639 0.412071 6.98505 
-18.5803 0.4394 7.04279 
-18.5073 0.462811 7.0901 
-18.3717 0.531887 7.19093 
-18.348 0.533298 7.1996 
-18.1226 0.554714 7.2822 
-18.082 0.558609 7.29623 
-17.7963 0.531181 7.35043 
-17.7288 0.522449 7.36071 
-17.4969 0.485203 7.38795 
-17.223 0.456791 7.42374 
-17.1875 0.456089 7.42961 
-16.8694 0.383121 7.44124 
-16.541 0.310001 7.44916 
-16.2091 0.191292 7.42835 
-15.8711 0.0623627 7.39963 
-15.5246 -0.0670662 7.3679 
-15.1736 -0.195431 7.33397 
-14.8176 -0.334038 7.29191 
-14.4557 -0.52047 7.2228 
-14.1749 -0.693119 7.15248 
-14.0898 -0.749226 7.12889 
-13.8285 -0.970676 7.02785 
-13.7182 -1.1645 6.92742 
-13.7058 -1.17969 6.9195 
-13.5629 -1.37088 6.81831 
-13.5165 -1.5385 6.71816 
-13.4984 -1.69283 6.618 
-13.5316 -1.82624 6.52048 
-13.5887 -1.87796 6.47454 
-13.6401 -1.93054 6.42677 
-13.5555 -2.09764 6.30959 
-13.5256 -2.24187 6.19535 
-13.6157 -2.33953 6.0899 
-13.7396 -2.36807 6.03395 
-13.8279 -2.38834 5.99171 
-13.9657 -2.45724 5.8828 
-13.9917 -2.45836 5.87374 
-14.3014 -2.40796 5.82732 
-14.4342 -2.39255 5.79717 
-14.5898 -2.37338 5.76015 
-14.9475 -2.21152 5.8093 
-15.1361 -2.11231 5.84991 
-15.3217 -2.01482 5.88811 
-15.648 -1.88322 5.90286 
-15.9722 -1.74319 5.92249 
-16.3092 -1.57364 5.96736 
-16.6595 -1.36882 6.0442 
-16.8104 -1.27827 6.07809 
-17.0034 -1.16091 6.12112 
-17.3225 -0.982361 6.16779 
-17.5835 -0.807396 6.23786 
-17.6612 -0.753937 6.25937 
-17.9959 -0.514053 6.3588 
-18.0479 -0.472279 6.37901 
-18.3435 -0.225971 6.49874 
-18.786 0.0100517 6.27906 
-18.8429 0.151443 6.3976 
-18.8969 0.2967 6.51311 
-18.9178 0.428902 6.62379 
-18.8616 0.443836 6.66065 
-18.7589 0.4757 6.72769 
-18.6661 0.563164 6.82841 
-18.6432 0.564579 6.83702 
-18.3833 0.553951 6.90936 
-18.3587 0.555538 6.91736 
-18.1092 0.564171 6.9881 
-18.0434 0.555748 6.9985 
-17.8195 0.527508 7.03078 
-17.5178 0.455166 7.04807 
-17.4483 0.448536 7.057 
-17.2063 0.420258 7.08204 
-16.8872 0.348248 7.09087 
-16.5622 0.21471 7.06338 
-16.3964 0.181026 7.06615 
-16.227 0.148411 7.06844 
-15.8865 0.0521393 7.05447 
-15.5405 -0.0752411 7.02181 
-15.1903 -0.204739 6.98521 
-14.8358 -0.358913 6.93401 
-14.6789 -0.4468 6.90079 
-14.4761 -0.557343 6.85854 
-14.1122 -0.786823 6.76422 
-14.0783 -0.813049 6.75285 
-13.8598 -1.04619 6.64341 
-13.7362 -1.15931 6.58984 
-13.5871 -1.29396 6.52473 
-13.4706 -1.48696 6.42142 
-13.3787 -1.66989 6.31709 
-13.3288 -1.83532 6.21529 
-13.2962 -1.99178 6.1121 
-13.3512 -2.1162 6.01514 
-13.3979 -2.23877 5.91415 
-13.3522 -2.38885 5.80048 
-13.4555 -2.452 5.72688 
-13.4955 -2.46972 5.70293 
-13.6858 -2.52878 5.60564 
-13.7312 -2.53144 5.5919 
-13.9752 -2.54443 5.51328 
-14.0189 -2.54559 5.49937 
-14.2723 -2.54755 5.41674 
-14.2985 -2.54861 5.40681 
-14.6142 -2.46743 5.38529 
-14.927 -2.37731 5.36789 
-15.2586 -2.24826 5.38351 
-15.5765 -2.12693 5.3896 
-15.5936 -2.12259 5.3867 
-15.8569 -2.04695 5.35123 
-16.1923 -1.88007 5.39541 
-16.348 -1.7906 5.43102 
-16.5456 -1.67656 5.47442 
-16.8739 -1.49697 5.52744 
-17.2047 -1.30382 5.59101 
-17.2408 -1.2773 5.60544 
-17.5836 -1.02359 5.737 
-17.6178 -0.997818 5.75026 
-17.9479 -0.744274 5.87759 
-17.9808 -0.718483 5.89041 
-18.2979 -0.455555 6.02553 
-18.3073 -0.446991 6.03029 
-18.5636 -0.213947 6.15484 
-18.6722 -0.10339 6.21773 
-18.8054 -0.195068 5.79355 
-18.95 -0.012249 5.91502 
-18.9912 0.119911 6.0317 
-18.9922 0.2369 6.14454 
-18.9856 0.354462 6.25333 
-18.8955 0.428688 6.35075 
-18.889 0.432224 6.3558 
-18.6824 0.464039 6.45171 
-18.6581 0.465576 6.46043 
-18.4556 0.494904 6.5403 
-18.4013 0.503067 6.56036 
-18.1898 0.516968 6.62135 
-18.1244 0.520138 6.63819 
-17.8328 0.487484 6.67886 
-17.7638 0.480328 6.68785 
-17.5282 0.452805 6.71372 
-17.2181 0.368523 6.71609 
-17.0382 0.335285 6.72379 
-16.897 0.311352 6.72964 
-16.5698 0.212532 6.71791 
-16.238 0.100456 6.69653 
-15.8948 0.0329666 6.69441 
-15.5491 -0.0906792 6.66161 
-15.1992 -0.214989 6.62589 
-14.8436 -0.338814 6.58787 
-14.4835 -0.494347 6.53249 
-14.1208 -0.660122 6.46989 
-13.9389 -0.782787 6.41882 
-13.7568 -0.904854 6.36689 
-13.527 -1.07889 6.29011 
-13.4546 -1.26267 6.19902 
-13.3784 -1.36599 6.148 
-13.3024 -1.46936 6.09547 
-13.2386 -1.64491 5.99961 
-13.2635 -1.78978 5.9109 
-13.3288 -1.84307 5.87173 
-13.3884 -1.89796 5.83029 
-13.414 -2.03518 5.73512 
-13.4675 -2.16028 5.6392 
-13.4285 -2.31175 5.53075 
-13.5275 -2.40454 5.44035 
-13.5356 -2.40992 5.43452 
-13.6159 -2.5125 5.33237 
-13.7955 -2.52477 5.28263 
-13.9372 -2.52518 5.24894 
-14.0982 -2.52053 5.21232 
-14.4247 -2.44879 5.19286 
-14.5017 -2.43708 5.18162 
-14.7315 -2.39464 5.15321 
-15.0685 -2.27196 5.17073 
-15.3799 -2.18229 5.15438 
-15.7093 -2.04762 5.17645 
-15.8556 -2.00645 5.16201 
-15.9965 -1.96755 5.14481 
-16.3141 -1.82898 5.1645 
-16.488 -1.73079 5.20159 
-16.6601 -1.63396 5.23594 
-16.9566 -1.50246 5.24539 
-17.2569 -1.35411 5.26767 
-17.601 -1.12576 5.36529 
-17.6646 -1.08014 5.38675 
-17.9439 -0.882389 5.47394 
-18.1226 -0.753372 5.52956 
-18.2767 -0.636433 5.58218 
-18.5084 -0.454212 5.66527 
-18.608 -0.371735 5.70425 
-18.4638 -0.478764 5.41089 
-18.5683 -0.316689 5.53041 
-18.65 -0.161514 5.64603 
-18.7823 0.0239601 5.76087 
-18.8357 0.173504 5.86915 
-18.8517 0.30872 5.97269 
-18.7885 0.410904 6.07037 
-18.7038 0.50724 6.16276 
-18.6786 0.508228 6.17026 
-18.4529 0.533237 6.24353 
-18.4121 0.536232 6.25478 
-18.155 0.548088 6.31639 
-18.1283 0.550167 6.32281 
-17.8353 0.481377 6.33715 
-17.531 0.413948 6.34878 
-17.4606 0.408012 6.35606 
-17.2152 0.382725 6.37605 
-16.8938 0.317291 6.38103 
-16.8108 0.307987 6.38544 
-16.5585 0.275024 6.39396 
-16.2289 0.154877 6.36535 
-15.8912 0.041935 6.33784 
-15.538 -0.0230064 6.33018 
-15.1877 -0.134941 6.29765 
-14.8389 -0.295391 6.24132 
-14.4822 -0.455528 6.18291 
-14.1207 -0.607471 6.1258 
-13.9636 -0.693001 6.09149 
-13.7582 -0.800507 6.04813 
-13.3894 -1.01437 5.95824 
-13.333 -1.05814 5.93924 
-13.0752 -1.301 5.82957 
-13.0192 -1.36389 5.80006 
-12.8818 -1.52227 5.72453 
-12.8579 -1.68783 5.63844 
-12.9216 -1.82356 5.56011 
-12.9943 -1.84975 5.54076 
-13.1403 -1.90815 5.49609 
-13.2994 -2.00661 5.42136 
-13.3314 -2.0098 5.4161 
-13.6229 -2.04649 5.36047 
-13.673 -2.05119 5.35123 
-13.9748 -2.07035 5.2968 
-14.0048 -2.07294 5.29044 
-14.3471 -2.0211 5.27416 
-14.574 -1.99721 5.25177 
-14.677 -1.98736 5.23939 
-15.0057 -1.9259 5.2207 
-15.3349 -1.84194 5.2147 
-15.349 -1.8405 5.21265 
-15.6402 -1.79888 5.17226 
-15.849 -1.76729 5.14007 
-15.9308 -1.76053 5.1209 
-16.2107 -1.71835 5.06726 
-16.2574 -1.7155 5.05294 
-16.469 -1.69528 4.9908 
-16.5656 -1.69107 4.95343 
-16.6971 -1.69341 4.88888 
-16.9637 -1.60839 4.8578 
-16.9775 -1.60493 4.85471 
-17.2138 -1.53285 4.81371 
-17.4735 -1.36839 4.8802 
-17.5538 -1.314 4.90471 
-17.8037 -1.1129 5.02064 
-17.9649 -0.967194 5.11215 
-18.0468 -0.895058 5.15443 
-18.2273 -0.70319 5.28332 
-18.3867 -0.551666 5.3706 
-18.748 0.157173 5.57867 
-18.7194 0.27705 5.67571 
-18.669 0.296474 5.70359 
-18.5657 0.342903 5.7623 
-18.4364 0.426403 5.84598 
-18.4112 0.429142 5.85313 
-18.1701 0.456417 5.91763 
-18.1268 0.460697 5.92823 
-17.8303 0.440865 5.96646 
-17.7754 0.440861 5.97478 
-17.5196 0.425335 6.00207 
-17.2954 0.402779 6.01799 
-17.2005 0.398823 6.02655 
-16.8808 0.317257 6.01971 
-16.5484 0.252537 6.01794 
-16.2167 0.151737 5.99612 
-16.1954 0.148964 5.99614 
-15.8689 0.0999527 5.99368 
-15.5267 -0.0255203 5.95574 
-15.1792 -0.144604 5.91814 
-14.8258 -0.263306 5.87875 
-14.4698 -0.409599 5.82548 
-14.3169 -0.493233 5.79298 
-14.1169 -0.59935 5.75134 
-13.754 -0.761395 5.68716 
-13.386 -0.938084 5.61444 
-13.3454 -0.966751 5.60232 
-13.0197 -1.17133 5.5144 
-12.8796 -1.27332 5.46948 
-12.7064 -1.48832 5.3716 
-12.6504 -1.55561 5.34017 
-12.5264 -1.70375 5.26957 
-12.5661 -1.85058 5.19309 
-12.6401 -1.89646 5.16602 
-12.7289 -1.95724 5.12865 
-12.8285 -2.08066 5.0526 
-12.9831 -2.11935 5.01885 
-13.0942 -2.14796 4.99252 
-13.2841 -2.23409 4.91949 
-13.3156 -2.23732 4.91414 
-13.6198 -2.26828 4.85769 
-13.6521 -2.27062 4.85183 
-13.9988 -2.22218 4.83867 
-14.2271 -2.20116 4.81826 
-14.3319 -2.1924 4.80721 
-14.6677 -2.13334 4.79169 
-15.0023 -2.05241 4.78893 
-15.0201 -2.04974 4.78727 
-15.3184 -1.99778 4.76216 
-15.6351 -1.92329 4.74619 
-15.6859 -1.92075 4.73434 
-15.9184 -1.89682 4.68748 
-16.1179 -1.86427 4.65388 
-16.1967 -1.8548 4.63601 
-16.4781 -1.78734 4.60113 
-16.5934 -1.77144 4.57085 
-16.7274 -1.75198 4.53378 
-17.0035 -1.65429 4.51836 
-17.3074 -1.50154 4.55081 
-17.4812 -1.36733 4.62582 
-17.6806 -1.1727 4.75639 
-17.7422 -1.1175 4.78943 
-17.9149 -0.95607 4.88689 
-18.0504 -0.782658 5.00897 
-18.1977 -0.599419 5.12936 
-18.2093 -0.587276 5.13622 
-18.3879 -0.391178 5.24868 
-18.5205 -0.205822 5.36293 
-18.6047 -0.0403633 5.47094 
-18.6149 -0.0276909 5.47791 
-18.6913 0.0328064 5.17923 
-18.7119 0.176102 5.27695 
-18.6627 0.212566 5.31508 
-18.6032 0.263145 5.36342 
-18.4437 0.333202 5.4434 
-18.4029 0.340977 5.4565 
-18.211 0.378555 5.51463 
-18.1171 0.386585 5.53526 
-17.8533 0.378784 5.57165 
-17.819 0.378849 5.57643 
-17.5103 0.344666 5.59877 
-17.3653 0.33799 5.61197 
-17.1894 0.330345 5.62624 
-16.87 0.252213 5.61831 
-16.5395 0.18084 5.61097 
-16.5188 0.178192 5.61129 
-16.1996 0.127098 5.60847 
-15.8655 0.0110054 5.57523 
-15.5234 -0.107166 5.53896 
-15.1769 -0.224327 5.50091 
-14.8246 -0.341114 5.46125 
-14.4652 -0.457848 5.41937 
-14.1029 -0.574837 5.3752 
-13.7683 -0.745121 5.30709 
-13.7464 -0.75703 5.30208 
-13.3801 -0.922325 5.23418 
-13.0132 -1.10672 5.15619 
-12.9065 -1.17321 5.12767 
-12.6446 -1.32419 5.06174 
-12.4006 -1.48629 4.98991 
-12.2726 -1.5929 4.94193 
-12.1045 -1.73454 4.87711 
-11.981 -1.93156 4.78417 
-12.018 -2.08 4.70963 
-12.1811 -2.18945 4.64814 
-12.2573 -2.21647 4.63074 
-12.4047 -2.27858 4.58963 
-12.5701 -2.37984 4.5209 
-12.6029 -2.38372 4.51656 
-12.8993 -2.4272 4.46696 
-12.9505 -2.43291 4.45892 
-13.2412 -2.46443 4.40932 
-13.2892 -2.46944 4.4006 
-13.6317 -2.45742 4.36711 
-13.7079 -2.45277 4.36015 
-13.9681 -2.42987 4.33895 
-14.3095 -2.36387 4.33342 
-14.3841 -2.35733 4.325 
-14.6326 -2.3307 4.29914 
-14.9591 -2.26124 4.28793 
-15.0285 -2.25367 4.27877 
-15.263 -2.22422 4.24746 
-15.5756 -2.1494 4.23197 
-15.6401 -2.14144 4.22086 
-15.8602 -2.10794 4.18545 
-16.1577 -2.0224 4.17203 
-16.4604 -1.91404 4.17474 
-16.4882 -1.9053 4.17297 
-16.7443 -1.82024 4.16225 
-16.9016 -1.72517 4.20223 
-17.0918 -1.60696 4.25294 
-17.3238 -1.43174 4.3464 
-17.4911 -1.28294 4.43521 
-17.5735 -1.21029 4.477 
-17.7696 -1.00925 4.60136 
-17.9178 -0.826065 4.72012 
-17.9288 -0.816124 4.72528 
-18.1394 -0.60458 4.84091 
-18.2891 -0.447971 4.92467 
-18.3572 -0.37986 4.9591 
-18.4962 -0.18853 5.06913 
-18.6277 -0.0387611 5.14449 
-18.7224 -0.046032 4.77893 
-18.7331 0.0922089 4.8746 
-18.7444 0.234192 4.96671 
-18.6819 0.346207 5.0511 
-18.6561 0.351479 5.05966 
-18.4816 0.402725 5.12312 
-18.3792 0.411247 5.14573 
-18.1241 0.399025 5.17877 
-18.0908 0.399143 5.1837 
-17.7928 0.366787 5.20627 
-17.6609 0.364063 5.22007 
-17.4777 0.361099 5.23796 
-17.1659 0.290607 5.23338 
-16.984 0.262276 5.23515 
-16.8411 0.242107 5.23646 
-16.5147 0.15546 5.21896 
-16.1807 0.077507 5.20279 
-15.84 -0.00125122 5.18362 
-15.501 -0.12389 5.14363 
-15.156 -0.238689 5.10511 
-14.8053 -0.352879 5.06485 
-14.4475 -0.467197 5.02267 
-14.0924 -0.610748 4.96661 
-13.7338 -0.762894 4.90557 
-13.3673 -0.906715 4.84594 
-13.2539 -0.974762 4.8177 
-13.008 -1.11713 4.75751 
-12.6398 -1.30482 4.6764 
-12.5966 -1.33339 4.66389 
-12.2699 -1.52625 4.57883 
-12.094 -1.64061 4.52759 
-11.8956 -1.82228 4.44567 
-11.8417 -1.87386 4.42197 
-11.7664 -2.05642 4.33685 
-11.8953 -2.16818 4.28139 
-11.9067 -2.17639 4.27719 
-12.043 -2.29435 4.21335 
-12.2618 -2.33016 4.18723 
-12.3787 -2.35268 4.16988 
-12.5798 -2.44429 4.10661 
-12.6124 -2.44915 4.10181 
-12.8874 -2.49948 4.05167 
-12.9551 -2.52098 4.0323 
-13.0991 -2.57856 3.98167 
-13.2756 -2.621 3.93403 
-13.3614 -2.63564 3.91372 
-13.5964 -2.66566 3.86122 
-13.6828 -2.66682 3.84789 
-13.922 -2.65359 3.82071 
-14.1569 -2.63799 3.79239 
-14.2388 -2.6378 3.77734 
-14.5607 -2.58946 3.75289 
-14.6629 -2.58523 3.73403 
-14.8571 -2.57087 3.70063 
-15.0354 -2.56575 3.6589 
-15.132 -2.56802 3.62917 
-15.3305 -2.5634 3.57293 
-15.3957 -2.56018 3.55461 
-15.6596 -2.52652 3.49665 
-15.6885 -2.52453 3.48792 
-15.9038 -2.50047 3.42635 
-16.1861 -2.40709 3.41336 
-16.4883 -2.27446 3.43528 
-16.8205 -2.09302 3.50167 
-17.0178 -1.94937 3.58652 
-17.1043 -1.81802 3.7094 
-17.1919 -1.68123 3.82995 
-17.2377 -1.55827 3.94601 
-17.4083 -1.37384 4.06941 
-17.5648 -1.19193 4.18935 
-17.5786 -1.17917 4.19654 
-17.7557 -0.989948 4.30964 
-17.9642 -0.789776 4.41714 
-17.9955 -0.761902 4.43097 
-18.2016 -0.544041 4.54778 
-18.3033 -0.454201 4.58925 
-18.4934 -0.282841 4.66695 
-18.609 -0.164146 4.72379 
-18.6261 -0.181168 4.36578 
-18.791 0.0289459 4.47079 
-18.8485 0.19175 4.56487 
-18.8038 0.310879 4.64885 
-18.652 0.387066 4.72243 
-18.6255 0.388844 4.7281 
-18.3707 0.412975 4.78196 
-18.3439 0.415573 4.78717 
-18.0559 0.384212 4.80929 
-17.9279 0.382126 4.82333 
-17.7514 0.380001 4.84129 
-17.4444 0.325691 4.84409 
-17.3646 0.318714 4.84762 
-17.1242 0.294365 4.85452 
-16.8065 0.216503 4.84052 
-16.4811 0.131336 4.82095 
-16.153 0.0357132 4.79454 
-16.1317 0.0334778 4.7945 
-15.8061 -0.0128555 4.78593 
-15.4679 -0.127369 4.74765 
-15.124 -0.236313 4.70954 
-14.7761 -0.351154 4.66747 
-14.4197 -0.461166 4.62556 
-14.0964 -0.62664 4.56017 
-14.075 -0.638241 4.55549 
-13.7166 -0.775547 4.49976 
-13.356 -0.936401 4.43304 
-13.0823 -1.09467 4.36681 
-12.9997 -1.14319 4.34617 
-12.633 -1.31688 4.27104 
-12.4376 -1.44489 4.21571 
-12.269 -1.55865 4.16599 
-12.0615 -1.7134 4.09734 
-11.9621 -1.90328 4.01266 
-11.9827 -2.0591 3.94066 
-12.1151 -2.18079 3.88009 
-12.281 -2.22493 3.85445 
-12.3996 -2.25667 3.83457 
-12.6066 -2.35099 3.7757 
-12.6397 -2.35622 3.77142 
-12.92 -2.40902 3.72566 
-12.9897 -2.43135 3.70776 
-13.1288 -2.49249 3.66003 
-13.3148 -2.55355 3.6048 
-13.3632 -2.56377 3.59332 
-13.583 -2.63311 3.52209 
-13.6305 -2.63893 3.5123 
-13.8786 -2.67192 3.45498 
-13.9343 -2.6991 3.42601 
-14.0214 -2.7536 3.36938 
-14.1385 -2.83873 3.27839 
-14.1822 -2.8438 3.26546 
-14.3567 -2.88259 3.1946 
-14.4439 -2.90194 3.15641 
-14.5945 -2.91117 3.10943 
-14.7152 -2.90479 3.08311 
-14.9402 -2.891 3.03012 
-14.9813 -2.89123 3.01672 
-15.2587 -2.84224 2.97565 
-15.3446 -2.83398 2.95279 
-15.5051 -2.8163 2.90907 
-15.7892 -2.7254 2.89827 
-16.0932 -2.59985 2.91711 
-16.4316 -2.42156 2.98457 
-16.6033 -2.30521 3.0517 
-16.8557 -2.12164 3.16306 
-16.9202 -2.07555 3.18941 
-17.0501 -1.92472 3.31246 
-17.1366 -1.78876 3.43008 
-17.1769 -1.66838 3.54251 
-17.1789 -1.60041 3.6102 
-17.1793 -1.55863 3.65063 
-17.1288 -1.46651 3.75182 
-17.318 -1.28521 3.85545 
-17.3548 -1.25139 3.87362 
-17.5877 -1.02913 3.99387 
-17.682 -0.953232 4.02971 
-17.9926 -0.737507 4.11666 
-18.0221 -0.712837 4.12798 
-18.3021 -0.478676 4.23244 
-18.3471 -0.43924 4.25018 
-18.5985 -0.206055 4.35516 
-18.6154 -0.138676 4.04609 
-18.6955 0.0341415 4.14096 
-18.7101 0.180893 4.22799 
-18.5969 0.238678 4.28148 
-18.5569 0.257656 4.29876 
-18.3544 0.318619 4.36186 
-18.3113 0.324409 4.37056 
-18.0211 0.310966 4.3986 
-17.9674 0.311211 4.40451 
-17.7179 0.302433 4.4247 
-17.4975 0.28418 4.43449 
-17.4045 0.281181 4.44044 
-17.0956 0.207607 4.42823 
-16.7759 0.144348 4.41845 
-16.4527 0.0582619 4.39616 
-16.432 0.056076 4.39613 
-16.1139 0.0109711 4.38834 
-15.7856 -0.101128 4.35117 
-15.4438 -0.194004 4.32008 
-15.0887 -0.251305 4.30116 
-14.757 -0.41888 4.23709 
-14.4051 -0.537842 4.19071 
-14.0481 -0.647476 4.14626 
-13.7221 -0.810223 4.08039 
-13.7007 -0.821514 4.07564 
-13.3423 -0.978336 4.01014 
-12.9846 -1.15553 3.9353 
-12.8808 -1.21885 3.9086 
-12.6264 -1.36482 3.846 
-12.4173 -1.51394 3.78216 
-12.2697 -1.64863 3.72375 
-12.151 -1.75051 3.67917 
-12.1293 -1.91842 3.60507 
-12.1427 -2.07568 3.53297 
-12.207 -2.21582 3.46467 
-12.2849 -2.24399 3.4492 
-12.4363 -2.30747 3.41307 
-12.6083 -2.41227 3.35116 
-12.6411 -2.41989 3.34562 
-12.8388 -2.49527 3.29316 
-12.9758 -2.57961 3.23467 
-13.0058 -2.59222 3.22483 
-13.1463 -2.69334 3.15034 
-13.289 -2.72437 3.11686 
-13.411 -2.75103 3.08638 
-13.6078 -2.77817 3.04507 
-13.7082 -2.79178 3.0224 
-13.8653 -2.87032 2.94138 
-13.8929 -2.87376 2.93455 
-14.2138 -2.83804 2.90965 
-14.3145 -2.84574 2.88483 
-14.5037 -2.85043 2.84327 
-14.6349 -2.85254 2.81282 
-14.7676 -2.87919 2.75699 
-14.8308 -2.89404 2.72678 
-15.0147 -2.9046 2.66497 
-15.1068 -2.89746 2.64461 
-15.2764 -2.88237 2.60562 
-15.5692 -2.79626 2.59813 
-15.8963 -2.65126 2.6404 
-16.2049 -2.52281 2.66605 
-16.5512 -2.33147 2.74657 
-16.6123 -2.28859 2.77119 
-16.789 -2.11756 2.89488 
-16.7884 -2.0187 3.00208 
-16.7836 -1.96889 3.05492 
-16.7793 -1.9177 3.10674 
-16.8647 -1.77127 3.21861 
-16.8865 -1.64681 3.32264 
-16.8817 -1.52862 3.42232 
-17.0415 -1.37899 3.50382 
-17.1319 -1.3022 3.54282 
-17.3801 -1.12547 3.62151 
-17.5544 -0.99873 3.67727 
-17.7024 -0.889732 3.72443 
-17.956 -0.697578 3.80687 
-18.0106 -0.654518 3.82563 
-18.3045 -0.425274 3.92075 
-18.3315 -0.401077 3.93169 
-18.5888 -0.163952 4.03519 
-18.8408 0.0173187 3.73828 
-18.9122 0.188812 3.82906 
-18.8153 0.221386 3.8655 
-18.7336 0.251087 3.8959 
-18.5428 0.289375 3.94473 
-18.4942 0.293621 3.95343 
-18.2619 0.292374 3.98106 
-18.1266 0.291519 3.99519 
-17.9674 0.295494 4.01273 
-17.673 0.244843 4.01386 
-17.6018 0.240833 4.01722 
-17.36 0.224026 4.02615 
-17.0499 0.16172 4.01618 
-16.7376 0.0779419 3.99462 
-16.7156 0.0750694 3.99432 
-16.4054 0.031311 3.98716 
-16.0851 -0.0758133 3.9517 
-15.7542 -0.169476 3.92046 
-15.4048 -0.226032 3.90237 
-15.0632 -0.324783 3.86548 
-14.7285 -0.469208 3.80939 
-14.3862 -0.614979 3.75169 
-14.0307 -0.720894 3.70809 
-13.678 -0.85714 3.65141 
-13.5248 -0.935253 3.61919 
-13.3269 -1.03355 3.57812 
-12.9669 -1.18063 3.51478 
-12.6921 -1.33475 3.44946 
-12.6116 -1.38121 3.42941 
-12.2499 -1.57626 3.3447 
-12.1546 -1.64545 3.31485 
-11.8889 -1.85143 3.22543 
-11.8366 -1.89257 3.20714 
-11.7706 -2.0715 3.12936 
-11.7516 -2.23692 3.05489 
-11.8266 -2.37484 2.99006 
-11.9029 -2.40422 2.97501 
-12.0572 -2.46852 2.94046 
-12.1861 -2.58679 2.87598 
-12.2602 -2.61449 2.85891 
-12.403 -2.67659 2.81904 
-12.563 -2.77783 2.75281 
-12.5946 -2.7837 2.7474 
-12.8449 -2.84056 2.69637 
-12.9267 -2.86135 2.67698 
-13.0951 -2.90581 2.63364 
-13.245 -2.93314 2.60071 
-13.4341 -2.93764 2.57699 
-13.5722 -2.93746 2.56084 
-13.8959 -2.91819 2.5318 
-13.9087 -2.91796 2.53026 
-14.2062 -2.90762 2.49189 
-14.3246 -2.9054 2.47318 
-14.503 -2.90408 2.44131 
-14.811 -2.85162 2.42316 
-14.8227 -2.85087 2.42097 
-15.0938 -2.82681 2.37907 
-15.2325 -2.81209 2.3573 
-15.3647 -2.80284 2.3296 
-15.6393 -2.75029 2.29922 
-15.7266 -2.72514 2.29736 
-15.9264 -2.66408 2.29442 
-16.2338 -2.53796 2.32111 
-16.4016 -2.44962 2.35622 
-16.6044 -2.30898 2.4353 
-16.6854 -2.23418 2.48626 
-16.7687 -2.0998 2.59734 
-16.7491 -2.07592 2.62777 
-16.7084 -2.02029 2.69427 
-16.6902 -1.91663 2.79363 
-16.6537 -1.81548 2.88916 
-16.6361 -1.80284 2.90354 
-16.5575 -1.73208 2.97725 
-16.7153 -1.57594 3.06434 
-16.7736 -1.52185 3.09317 
-17.0635 -1.30412 3.19582 
-17.1666 -1.23607 3.22476 
-17.3834 -1.09407 3.28387 
-17.6872 -0.918774 3.34747 
-17.7837 -0.851185 3.3753 
-17.9863 -0.709595 3.43242 
-18.2706 -0.521534 3.50268 
-18.2973 -0.497551 3.51338 
-18.552 -0.262981 3.61738 
-18.5787 -0.237968 3.62831 
-18.8173 -0.00609207 3.72836 
-18.9645 0.132492 3.41787 
-18.9559 0.270103 3.49846 
-18.7823 0.337017 3.56026 
-18.7424 0.341396 3.56779 
-18.4718 0.330761 3.5947 
-18.4229 0.331997 3.60026 
-18.1888 0.324017 3.61919 
-17.9838 0.307915 3.62867 
-17.8965 0.305569 3.63425 
-17.6077 0.235668 3.62189 
-17.3076 0.168503 3.6092 
-17.1316 0.144424 3.60699 
-16.993 0.127483 3.60573 
-16.6811 0.0501556 3.58415 
-16.3579 -0.0198631 3.56408 
-16.0288 -0.0886917 3.54234 
-15.7044 -0.194344 3.50425 
-15.3718 -0.300266 3.46459 
-15.0348 -0.405155 3.42403 
-14.6923 -0.509552 3.38246 
-14.3426 -0.613934 3.33951 
-13.9922 -0.726513 3.29223 
-13.6492 -0.887074 3.22598 
-13.386 -1.03954 3.16325 
-13.3071 -1.08631 3.14379 
-12.9528 -1.24673 3.07518 
-12.7578 -1.37745 3.02037 
-12.6055 -1.47852 2.97761 
-12.3117 -1.66159 2.89897 
-12.2492 -1.70154 2.88161 
-11.9416 -1.9208 2.78609 
-11.8896 -1.98478 2.75851 
-11.7744 -2.12473 2.69706 
-11.7486 -2.29107 2.62289 
-11.824 -2.42836 2.55923 
-11.9002 -2.45808 2.54436 
-12.0541 -2.52285 2.51062 
-12.2255 -2.62976 2.45214 
-12.2603 -2.63729 2.44728 
-12.4705 -2.71204 2.39959 
-12.6046 -2.75974 2.36665 
-12.7137 -2.79004 2.34351 
-12.8992 -2.87994 2.27826 
-12.9296 -2.88557 2.27264 
-13.1254 -2.9523 2.21512 
-13.2329 -3.0121 2.16563 
-13.2945 -3.03582 2.14346 
-13.4735 -3.11074 2.07056 
-13.5212 -3.11745 2.05978 
-13.7191 -3.1595 2.00141 
-13.8089 -3.16759 1.98158 
-14.0553 -3.17043 1.93874 
-14.1011 -3.17387 1.92782 
-14.4155 -3.11701 1.91595 
-14.5787 -3.10687 1.89062 
-14.6958 -3.10131 1.86925 
-14.9929 -3.03822 1.85558 
-15.0841 -3.03186 1.83744 
-15.2543 -3.01516 1.80542 
-15.4367 -2.99569 1.76859 
-15.5024 -2.98898 1.75362 
-15.7528 -2.94167 1.71564 
-16.0831 -2.78325 1.77235 
-16.3515 -2.62514 1.85058 
-16.5016 -2.47322 1.96629 
-16.5912 -2.34118 2.07628 
-16.522 -2.27031 2.16995 
-16.5174 -2.16648 2.2681 
-16.4933 -2.14534 2.29333 
-16.4356 -2.08725 2.358 
-16.3628 -1.99858 2.44657 
-16.3712 -1.87344 2.54149 
-16.4541 -1.71573 2.64224 
-16.7279 -1.50999 2.74127 
-16.8253 -1.44361 2.77095 
-17.0537 -1.2987 2.83239 
-17.355 -1.1032 2.91416 
-17.368 -1.0939 2.91817 
-17.6659 -0.930935 2.97591 
-17.9586 -0.733646 3.05513 
-17.9915 -0.707382 3.0665 
-18.2422 -0.518173 3.14452 
-18.3899 -0.400558 3.19342 
-18.5133 -0.297485 3.23642 
-18.7266 -0.114452 3.31171 
-18.7716 -0.0721626 3.32957 
-19.0371 0.230179 3.09009 
-18.9512 0.334351 3.15862 
-18.9274 0.33704 3.16313 
-18.6679 0.335529 3.1927 
-18.6196 0.33625 3.19833 
-18.3943 0.329124 3.21616 
-18.1969 0.313892 3.22511 
-18.1125 0.311844 3.23045 
-17.8266 0.270416 3.22997 
-17.544 0.186947 3.20823 
-17.3934 0.162086 3.20428 
-17.2401 0.138863 3.20076 
-16.9381 0.0632935 3.17916 
-16.6257 -0.00439072 3.15923 
-16.3042 -0.0720177 3.13792 
-15.9888 -0.17572 3.10002 
-15.6667 -0.278988 3.06127 
-15.3366 -0.382637 3.02107 
-15.0019 -0.485317 2.98022 
-14.6615 -0.587513 2.93869 
-14.3167 -0.698784 2.89225 
-13.9814 -0.857925 2.82655 
-13.6358 -0.998638 2.76717 
-13.5291 -1.06216 2.74103 
-13.2952 -1.19514 2.68547 
-12.946 -1.37071 2.61075 
-12.9072 -1.39619 2.60004 
-12.5959 -1.57363 2.52429 
-12.3946 -1.69565 2.47181 
-12.2419 -1.79673 2.42823 
-12.0342 -1.95026 2.36179 
-11.8843 -2.08132 2.30473 
-11.7672 -2.17781 2.26228 
-11.7426 -2.343 2.18953 
-11.8184 -2.47994 2.12691 
-11.8944 -2.50974 2.11254 
-12.0479 -2.57482 2.07929 
-12.219 -2.68192 2.02195 
-12.2538 -2.6895 2.01714 
-12.4635 -2.76482 1.97062 
-12.597 -2.81282 1.93862 
-12.7056 -2.84355 1.91606 
-12.8494 -2.94522 1.84858 
-12.9149 -2.96668 1.83131 
-13.0605 -3.02252 1.78592 
-13.2254 -3.06002 1.74797 
-13.3199 -3.0802 1.72578 
-13.525 -3.13435 1.66714 
-13.5508 -3.13955 1.6604 
-13.8176 -3.1776 1.59869 
-13.8265 -3.17858 1.59665 
-14.0458 -3.22688 1.52595 
-14.088 -3.23144 1.51523 
-14.3161 -3.25037 1.4579 
-14.3579 -3.25377 1.44693 
-14.6497 -3.21121 1.42294 
-14.7898 -3.19374 1.40637 
-14.9263 -3.17538 1.38992 
-15.1324 -3.16734 1.34134 
-15.1716 -3.16773 1.32935 
-15.4351 -3.11423 1.30283 
-15.5574 -3.09441 1.28237 
-15.6787 -3.07058 1.26456 
-15.8935 -2.95941 1.31327 
-16.0418 -2.87217 1.3586 
-16.2262 -2.73802 1.44311 
-16.1885 -2.67923 1.52139 
-16.1742 -2.66978 1.53612 
-16.2244 -2.5535 1.63847 
-16.304 -2.42074 1.74246 
-16.3191 -2.30867 1.83904 
-16.2965 -2.20515 1.9313 
-16.2309 -2.17263 1.9709 
-16.1582 -2.1405 2.00991 
-16.126 -2.0301 2.09768 
-16.3454 -1.84689 2.19289 
-16.3994 -1.80262 2.21551 
-16.6954 -1.58087 2.32231 
-16.7536 -1.53936 2.3416 
-17.0212 -1.35723 2.42294 
-17.2037 -1.23377 2.47652 
-17.3346 -1.13922 2.51857 
-17.6328 -0.956421 2.59114 
-17.7189 -0.893806 2.61767 
-17.9229 -0.745506 2.6802 
-18.1018 -0.598946 2.74422 
-18.2022 -0.509769 2.78374 
-18.4655 -0.318851 2.85906 
-18.4958 -0.292843 2.86991 
-18.7177 -0.110989 2.94344 
-18.8458 0.00161743 2.98934 
-18.9531 0.120754 3.04115 
-19.1834 0.225559 2.69176 
-19.1135 0.334358 2.76057 
-19.0898 0.336651 2.76473 
-18.8586 0.364647 2.80531 
-18.8341 0.368256 2.80951 
-18.5802 0.331802 2.81493 
-18.3972 0.319248 2.82345 
-18.3083 0.314278 2.82755 
-18.0332 0.2743 2.82632 
-17.7543 0.215961 2.81451 
-17.7363 0.21402 2.81441 
-17.4597 0.17662 2.80939 
-17.1764 0.0729637 2.77419 
-16.8739 0.0069046 2.75411 
-16.5635 -0.0584602 2.73268 
-16.2563 -0.160385 2.69492 
-15.9435 -0.261692 2.65638 
-15.6239 -0.362751 2.61703 
-15.296 -0.464001 2.57626 
-14.9638 -0.564259 2.53532 
-14.6261 -0.663979 2.49336 
-14.2839 -0.772842 2.44706 
-13.9513 -0.929249 2.38206 
-13.6085 -1.06727 2.32326 
-13.5119 -1.12731 2.29834 
-13.2712 -1.26229 2.24191 
-12.9925 -1.43032 2.17113 
-12.9315 -1.47068 2.15415 
-12.5839 -1.67479 2.06709 
-12.5293 -1.71458 2.05017 
-12.2353 -1.92494 1.95997 
-12.179 -1.96464 1.94271 
-11.889 -2.19637 1.84207 
-11.8782 -2.20954 1.83635 
-11.7373 -2.39179 1.75593 
-11.8096 -2.52894 1.69407 
-11.8853 -2.55897 1.67992 
-12.0384 -2.62444 1.64739 
-12.2093 -2.73156 1.5913 
-12.2437 -2.73931 1.58657 
-12.4527 -2.81516 1.54122 
-12.5858 -2.86353 1.51012 
-12.6941 -2.89449 1.48824 
-12.8786 -2.98493 1.42671 
-12.9084 -2.99232 1.42075 
-13.1089 -3.0569 1.36812 
-13.2235 -3.07215 1.34979 
-13.4902 -3.07886 1.32221 
-13.5465 -3.08289 1.31443 
-13.8632 -3.07607 1.28561 
-13.9181 -3.0771 1.27845 
-14.1695 -3.06977 1.25247 
-14.3873 -3.0508 1.23601 
-14.4734 -3.04691 1.22636 
-14.7833 -2.98753 1.22221 
-14.9796 -2.96695 1.20383 
-15.0685 -2.95848 1.19396 
-15.3781 -2.86903 1.20686 
-15.6441 -2.72997 1.26938 
-15.7391 -2.67076 1.2996 
-15.9396 -2.51178 1.39027 
-15.9712 -2.38667 1.48447 
-16.0272 -2.24865 1.5796 
-16.0908 -2.10351 1.67434 
-16.3105 -1.91316 1.77418 
-16.3455 -1.88475 1.78861 
-16.6111 -1.65715 1.90383 
-16.6641 -1.61788 1.92242 
-16.9601 -1.39418 2.02744 
-16.9898 -1.37066 2.03857 
-17.2926 -1.19138 2.11169 
-17.4667 -1.06379 2.16817 
-17.5921 -0.969776 2.20975 
-17.8754 -0.776501 2.29005 
-17.9069 -0.75029 2.30173 
-18.1476 -0.571747 2.37658 
-18.3496 -0.427826 2.43459 
-18.4073 -0.38258 2.45324 
-18.6563 -0.220978 2.51293 
-18.8399 -0.0736198 2.57217 
-18.8918 -0.0293312 2.5901 
-19.1152 0.145473 2.65676 
-18.7016 -0.0639038 2.21755 
-18.7255 0.0894165 2.29668 
-18.7375 0.24025 2.37244 
-18.5066 0.237236 2.3891 
-18.2597 0.138336 2.35838 
-18.0009 0.054924 2.33418 
-17.7385 -0.0506248 2.29852 
-17.5769 -0.0728645 2.29575 
-17.4493 -0.088253 2.29411 
-17.1521 -0.136307 2.28281 
-16.9385 -0.145992 2.28413 
-16.8367 -0.148659 2.28518 
-16.5287 -0.211147 2.26389 
-16.2059 -0.256397 2.24794 
-15.8927 -0.346462 2.21244 
-15.5727 -0.436207 2.17583 
-15.5499 -0.438133 2.17506 
-15.227 -0.472015 2.15955 
-14.8973 -0.567009 2.11884 
-14.5638 -0.667637 2.0755 
-14.2304 -0.791447 2.02252 
-14.0899 -0.864208 1.99213 
-13.9054 -0.956257 1.95359 
-13.5702 -1.1069 1.88931 
-13.4071 -1.21329 1.84534 
-13.2418 -1.3198 1.80108 
-13.0262 -1.47625 1.73608 
-12.9123 -1.56219 1.70013 
-12.6913 -1.72464 1.63155 
-12.5738 -1.80967 1.59554 
-12.3838 -1.9623 1.53032 
-12.2314 -2.12286 1.46162 
-12.1793 -2.17133 1.44061 
-12.1138 -2.34443 1.36519 
-12.0934 -2.50333 1.29365 
-12.1638 -2.63723 1.23041 
-12.2377 -2.68465 1.20646 
-12.3223 -2.74676 1.17422 
-12.4218 -2.86722 1.11034 
-12.5712 -2.91147 1.08195 
-12.679 -2.94271 1.06079 
-12.8627 -3.03342 1.00129 
-12.8931 -3.03779 0.997139 
-13.1869 -3.07952 0.954117 
-13.2163 -3.08356 0.949615 
-13.5519 -3.05268 0.942856 
-13.7724 -3.04176 0.930466 
-13.8733 -3.03774 0.923584 
-14.1442 -3.05423 0.884003 
-14.1724 -3.0574 0.87851 
-14.4795 -3.03076 0.859261 
-14.6005 -3.0294 0.843384 
-14.7645 -3.02602 0.821663 
-15.067 -2.96337 0.82106 
-15.3884 -2.85122 0.853371 
-15.7496 -2.64469 0.952187 
-15.7844 -2.62189 0.963875 
-15.9246 -2.45786 1.06615 
-15.9878 -2.31809 1.15926 
-16.0404 -2.17805 1.25026 
-16.0909 -2.0346 1.34023 
-16.3022 -1.84618 1.43688 
-16.3363 -1.81727 1.45138 
-16.636 -1.5964 1.55553 
-16.6828 -1.5595 1.5732 
-16.9548 -1.34382 1.67451 
-17.0233 -1.2988 1.69432 
-17.2537 -1.15005 1.75817 
-17.5416 -0.984516 1.82438 
-17.6057 -0.937656 1.8448 
-17.8198 -0.787582 1.90867 
-18.0857 -0.627438 1.97119 
-18.1457 -0.581367 1.99078 
-18.3411 -0.434082 2.05261 
-18.486 -0.298836 2.11228 
-18.5817 -0.196415 2.15833 
-18.8654 -0.055809 1.82624 
-18.7449 0.0314827 1.88425 
-18.7055 0.046505 1.89543 
-18.5849 0.107025 1.9352 
-18.4231 0.153004 1.96795 
-18.1739 0.0737038 1.94358 
-18.0772 0.0493584 1.93687 
-17.9129 0.00737 1.92452 
-17.6458 -0.069294 1.89945 
-17.4736 -0.179161 1.85503 
-17.3938 -0.230049 1.83428 
-17.2726 -0.251781 1.8282 
-17.1011 -0.281025 1.81973 
-16.7998 -0.326305 1.80619 
-16.5826 -0.334339 1.80595 
-16.4793 -0.336155 1.80624 
-16.1649 -0.39669 1.78264 
-15.8393 -0.438812 1.76528 
-15.5191 -0.517258 1.73203 
-15.4965 -0.519215 1.7309 
-15.1761 -0.551109 1.71489 
-14.8492 -0.643875 1.67402 
-14.5175 -0.738075 1.6319 
-14.1793 -0.834396 1.58828 
-13.8768 -0.981144 1.52608 
-13.857 -0.991447 1.52176 
-13.5155 -1.10239 1.47198 
-13.1906 -1.30047 1.38955 
-13.1417 -1.33716 1.37431 
-12.8692 -1.5435 1.28903 
-12.8207 -1.58056 1.27381 
-12.5392 -1.79648 1.18334 
-12.5081 -1.81986 1.17374 
-12.2327 -2.04613 1.07812 
-12.2012 -2.07235 1.06699 
-11.9796 -2.26424 0.985016 
-11.9132 -2.43604 0.911324 
-11.9128 -2.58898 0.843758 
-11.9819 -2.72291 0.782166 
-12.075 -2.84885 0.721092 
-12.2084 -2.89451 0.696167 
-12.3186 -2.93352 0.673897 
-12.4696 -3.03713 0.615395 
-12.5368 -3.06071 0.600288 
-12.6871 -3.12007 0.56131 
-12.8575 -3.15495 0.533173 
-13.0094 -3.16887 0.516304 
-13.1813 -3.17977 0.498734 
-13.5209 -3.12457 0.507759 
-13.6827 -3.11022 0.503716 
-13.8447 -3.09481 0.499634 
-14.1561 -3.07631 0.481636 
-14.2267 -3.07226 0.477074 
-14.4602 -3.05667 0.461243 
-14.769 -2.99944 0.462799 
-15.0971 -2.88323 0.502075 
-15.3581 -2.70649 0.593567 
-15.4675 -2.55074 0.687927 
-15.4987 -2.41766 0.773125 
-15.5812 -2.32675 0.823189 
-15.6648 -2.23512 0.872543 
-15.8461 -2.04321 0.973816 
-15.9564 -1.96302 1.01222 
-16.2272 -1.77946 1.09745 
-16.2854 -1.73915 1.11613 
-16.6034 -1.52419 1.21391 
-16.6385 -1.49911 1.2254 
-16.9078 -1.31812 1.30615 
-17.0789 -1.2008 1.35806 
-17.201 -1.11079 1.39845 
-17.483 -0.957317 1.46014 
-17.7543 -0.808044 1.51946 
-17.7706 -0.797253 1.52409 
-18.0155 -0.64135 1.58823 
-18.2676 -0.513382 1.63515 
-18.495 -0.359207 1.69804 
-18.5094 -0.348747 1.70219 
-18.7393 -0.194942 1.76324 
-18.781 -0.154488 1.40479 
-18.7103 -0.0459595 1.46806 
-18.6081 -0.00610352 1.49558 
-18.5347 0.0220261 1.51424 
-18.3937 0.111115 1.56482 
-18.316 0.121532 1.573 
-18.0674 0.0503311 1.5488 
-17.8282 -0.0749741 1.49844 
-17.6738 -0.170128 1.45885 
-17.5861 -0.225182 1.43595 
-17.3266 -0.349934 1.38543 
-17.0426 -0.419933 1.35986 
-16.9736 -0.421021 1.36069 
-16.7349 -0.429817 1.36035 
-16.4325 -0.48687 1.33819 
-16.2544 -0.505238 1.33099 
-16.1129 -0.517914 1.32563 
-15.7989 -0.584225 1.2972 
-15.4757 -0.642357 1.27109 
-15.1445 -0.699657 1.2438 
-14.821 -0.792679 1.20222 
-14.4917 -0.885002 1.16031 
-14.1586 -0.98613 1.11423 
-13.8458 -1.1706 1.03668 
-13.7543 -1.23017 1.01172 
-13.5275 -1.36516 0.954666 
-13.3238 -1.50211 0.897125 
-13.205 -1.5881 0.861252 
-12.9915 -1.74594 0.794586 
-12.878 -1.82875 0.759552 
-12.6724 -1.98272 0.694168 
-12.5428 -2.08734 0.649704 
-12.4086 -2.20278 0.600365 
-12.1992 -2.38969 0.519661 
-12.1649 -2.41587 0.508308 
-12.0332 -2.59867 0.428131 
-11.9182 -2.77514 0.349159 
-11.8851 -2.93049 0.277092 
-11.943 -3.06081 0.213371 
-12.0116 -3.18539 0.149399 
-12.1454 -3.25721 0.10817 
-12.1904 -3.28054 0.0941086 
-12.3089 -3.38541 0.0320816 
-12.4472 -3.42058 0.00544739 
-12.5659 -3.45079 -0.0185928 
-12.7598 -3.47075 -0.0423889 
-12.989 -3.46527 -0.0552139 
-13.0789 -3.4668 -0.0630417 
-13.4161 -3.39777 -0.0467911 
-13.744 -3.33379 -0.03508 
-14.063 -3.27597 -0.0285416 
-14.0835 -3.27337 -0.0289688 
-14.3708 -3.23045 -0.0318985 
-14.6987 -3.12248 0.0041275 
-14.8824 -3.02245 0.0517502 
-15.0369 -2.85691 0.148209 
-15.1252 -2.76953 0.197258 
-15.2169 -2.67926 0.247154 
-15.3053 -2.52798 0.335487 
-15.3625 -2.38319 0.420151 
-15.4782 -2.21484 0.511154 
-15.5932 -2.12188 0.556755 
-15.7307 -1.99927 0.61718 
-15.9341 -1.82001 0.704285 
-15.9921 -1.77673 0.724663 
-16.2502 -1.60997 0.79998 
-16.5092 -1.46186 0.864471 
-16.5555 -1.43291 0.877327 
-16.848 -1.32062 0.919334 
-17.1332 -1.19667 0.967308 
-17.4123 -1.03766 1.03436 
-17.5605 -0.938469 1.07778 
-17.68 -0.855328 1.11428 
-17.9376 -0.704334 1.17703 
-18.0987 -0.586304 1.22832 
-18.183 -0.522579 1.25629 
-18.4211 -0.377708 1.31544 
-18.6498 -0.255592 1.36207 
-19.2249 -0.260056 0.929146 
-19.2333 -0.127636 1.00529 
-19.2313 0.00429916 1.07952 
-19.1719 0.0129471 1.08961 
-19.0041 0.0306244 1.11269 
-18.9515 0.0368309 1.11949 
-18.7372 -0.0344162 1.09618 
-18.5117 -0.0966873 1.07677 
-18.2761 -0.158905 1.05665 
-18.0356 -0.246445 1.02295 
-18.0196 -0.248268 1.02273 
-17.7745 -0.284771 1.01278 
-17.5154 -0.365437 0.981056 
-17.2387 -0.41357 0.964134 
-16.9628 -0.500381 0.928276 
-16.6799 -0.585907 0.892456 
-16.6612 -0.587429 0.891953 
-16.3751 -0.620636 0.878807 
-16.079 -0.717049 0.836929 
-15.772 -0.79369 0.803131 
-15.4509 -0.843845 0.780067 
-15.1294 -0.920074 0.744987 
-14.8111 -1.0212 0.699654 
-14.4988 -1.16617 0.636482 
-14.2333 -1.3127 0.573288 
-14.1852 -1.34097 0.561073 
-13.8614 -1.49464 0.494423 
-13.5839 -1.64164 0.430984 
-13.535 -1.66862 0.419388 
-13.2047 -1.87071 0.332687 
-13.1541 -1.90647 0.317162 
-12.872 -2.10691 0.231377 
-12.8218 -2.1428 0.21579 
-12.5302 -2.35189 0.125648 
-12.4982 -2.37432 0.115829 
-12.2946 -2.5729 0.0292587 
-12.1793 -2.66793 -0.0125275 
-12.0402 -2.78053 -0.0624008 
-11.9583 -2.9457 -0.137329 
-11.9905 -3.08086 -0.201866 
-12.1068 -3.19326 -0.259766 
-12.1392 -3.20186 -0.264709 
-12.3332 -3.27584 -0.308731 
-12.4577 -3.3166 -0.3349 
-12.6073 -3.34064 -0.354286 
-12.7805 -3.348 -0.366608 
-13.0446 -3.35658 -0.385864 
-13.0988 -3.3609 -0.391747 
-13.4169 -3.34962 -0.406212 
-13.5969 -3.32956 -0.407341 
-13.7335 -3.31611 -0.409683 
-14.0601 -3.23777 -0.388046 
-14.3899 -3.14065 -0.355759 
-14.5493 -3.04929 -0.311722 
-14.7681 -2.8974 -0.234688 
-14.8478 -2.83735 -0.203995 
-14.9346 -2.68762 -0.118965 
-14.9836 -2.54602 -0.0384979 
-15.1002 -2.37923 0.04953 
-15.2187 -2.29688 0.0886612 
-15.4296 -2.14306 0.162041 
-15.5575 -2.05047 0.205696 
-15.7709 -1.8982 0.276764 
-15.8808 -1.81474 0.315994 
-16.1866 -1.68102 0.371765 
-16.4139 -1.54622 0.432159 
-16.4885 -1.50089 0.452347 
-16.7791 -1.34565 0.519577 
-17.0607 -1.20852 0.57724 
-17.2214 -1.12138 0.614677 
-17.335 -1.05858 0.641701 
-17.6 -0.97361 0.671051 
-17.6651 -0.952457 0.678146 
-17.8562 -0.888435 0.699913 
-18.1033 -0.796127 0.732224 
-18.3423 -0.70332 0.764534 
-18.5704 -0.610466 0.796326 
-18.7888 -0.517895 0.827591 
-18.998 -0.425205 0.858551 
-19.1963 -0.298573 0.909798 
-18.3477 -0.452782 0.526352 
-18.3784 -0.300877 0.603439 
-18.1871 -0.294296 0.613869 
-18.0156 -0.306229 0.612717 
-17.9316 -0.308548 0.61351 
-17.6788 -0.366764 0.59053 
-17.4159 -0.42168 0.568123 
-17.26 -0.439934 0.560982 
-17.1368 -0.452316 0.555969 
-16.8583 -0.517361 0.52713 
-16.5774 -0.596409 0.49173 
-16.2781 -0.63995 0.471138 
-15.982 -0.721954 0.433159 
-15.6834 -0.812412 0.391548 
-15.378 -0.902206 0.349899 
-15.0671 -1.00027 0.304741 
-14.7575 -1.11744 0.251694 
-14.4555 -1.28794 0.177429 
-14.427 -1.3099 0.167786 
-14.1556 -1.51522 0.0797272 
-14.1088 -1.55052 0.0643997 
-13.8468 -1.74841 -0.0207901 
-13.7985 -1.78519 -0.0365829 
-13.5269 -1.98351 -0.122406 
-13.4786 -2.01912 -0.137848 
-13.1952 -2.22669 -0.227997 
-13.1641 -2.24887 -0.237755 
-12.8867 -2.46538 -0.332512 
-12.8547 -2.48664 -0.341919 
-12.5561 -2.69111 -0.431839 
-12.5026 -2.74907 -0.457657 
-12.3839 -2.87622 -0.514778 
-12.3383 -3.02795 -0.585464 
-12.4736 -3.09937 -0.62294 
-12.5208 -3.12227 -0.635521 
-12.7979 -3.16963 -0.667595 
-12.8561 -3.17488 -0.672424 
-13.1225 -3.18235 -0.686836 
-13.3521 -3.17709 -0.69445 
-13.4442 -3.17873 -0.70005 
-13.7751 -3.10868 -0.678291 
-14.1175 -2.97842 -0.623932 
-14.1531 -2.95652 -0.613457 
-14.3786 -2.76437 -0.518127 
-14.4965 -2.67498 -0.474922 
-14.6467 -2.55528 -0.416786 
-14.8518 -2.39521 -0.339996 
-14.9503 -2.33212 -0.310844 
-15.1823 -2.20471 -0.25338 
-15.4489 -2.04466 -0.180054 
-15.5064 -2.00645 -0.162491 
-15.8168 -1.85559 -0.0961227 
-16.1175 -1.75055 -0.0535812 
-16.3956 -1.60016 0.0137329 
-16.415 -1.58934 0.0185547 
-16.7021 -1.4477 0.0804672 
-16.9807 -1.31185 0.139511 
-17.252 -1.18814 0.192123 
-17.367 -1.11747 0.223999 
-17.5128 -1.02802 0.264397 
-17.7644 -0.892776 0.323486 
-17.9504 -0.754608 0.387352 
-18.0031 -0.713047 0.406624 
-18.2336 -0.561234 0.474899 
-17.98 -0.653343 0.0632248 
-17.9527 -0.525265 0.128799 
-17.855 -0.501919 0.142181 
-17.6677 -0.492737 0.149117 
-17.5891 -0.491604 0.150246 
-17.3305 -0.54768 0.124855 
-17.0621 -0.600418 0.100624 
-16.9034 -0.617355 0.0924072 
-16.7768 -0.629089 0.0863419 
-16.4947 -0.691334 0.0561752 
-16.2098 -0.767746 0.0195312 
-15.9048 -0.80899 -0.00279236 
-15.6066 -0.887703 -0.0410156 
-15.3048 -0.975147 -0.0830765 
-14.9976 -1.07049 -0.128395 
-14.6916 -1.1846 -0.181358 
-14.3937 -1.35158 -0.25518 
-14.3656 -1.37331 -0.264526 
-14.0995 -1.5823 -0.354637 
-14.0723 -1.60434 -0.364113 
-13.9049 -1.79944 -0.447662 
-13.8072 -1.89394 -0.488281 
-13.688 -2.00496 -0.536461 
-13.634 -2.16751 -0.60688 
-13.4994 -2.31098 -0.670143 
-13.4503 -2.35984 -0.691727 
-13.3846 -2.51998 -0.763771 
-13.3562 -2.66872 -0.832703 
-13.3531 -2.8077 -0.899048 
-13.4323 -2.92218 -0.957741 
-13.4631 -2.92661 -0.960777 
-13.7977 -2.83836 -0.926277 
-13.8304 -2.81742 -0.916702 
-14.1477 -2.61014 -0.821213 
-14.1828 -2.58796 -0.811089 
-14.4879 -2.39533 -0.722855 
-14.5926 -2.33772 -0.696884 
-14.8147 -2.21637 -0.642067 
-15.1315 -2.1011 -0.592354 
-15.4245 -1.95503 -0.526855 
-15.4451 -1.94453 -0.522041 
-15.749 -1.82637 -0.470573 
-16.0463 -1.68655 -0.40818 
-16.3377 -1.5777 -0.360962 
-16.62 -1.4883 -0.323761 
-16.8776 -1.34214 -0.256691 
-16.894 -1.3321 -0.252129 
-17.1615 -1.2122 -0.198944 
-17.418 -1.07276 -0.135323 
-17.6657 -0.942585 -0.0761642 
-17.7351 -0.887714 -0.0502014 
-17.8972 -0.746197 0.0179825 
-17.7941 -0.633976 -0.295662 
-17.7554 -0.628212 -0.292603 
-17.4962 -0.625813 -0.29084 
-17.4304 -0.62933 -0.292786 
-17.2304 -0.640457 -0.299141 
-16.9743 -0.721874 -0.339211 
-16.696 -0.760265 -0.359718 
-16.4208 -0.830502 -0.395126 
-16.4026 -0.831696 -0.395874 
-16.1244 -0.856651 -0.411728 
-15.8386 -0.94471 -0.455307 
-15.5359 -0.99577 -0.48336 
-15.2293 -1.05359 -0.514603 
-14.9237 -1.13984 -0.557541 
-14.6301 -1.28016 -0.622017 
-14.5002 -1.38182 -0.666328 
-14.3574 -1.53674 -0.733063 
-14.3169 -1.58211 -0.752708 
-14.2881 -1.73938 -0.819023 
-14.3465 -1.8717 -0.875351 
-14.4161 -1.88755 -0.882027 
-14.7438 -1.90514 -0.889114 
-14.7634 -1.90411 -0.888779 
-15.0601 -1.87964 -0.878212 
-15.3673 -1.78011 -0.833344 
-15.667 -1.69006 -0.792953 
-15.9603 -1.59936 -0.751915 
-16.2479 -1.50751 -0.710373 
-16.5267 -1.41552 -0.668762 
-16.7985 -1.32996 -0.630272 
-17.0421 -1.19042 -0.564331 
-17.0589 -1.18012 -0.559433 
-17.3121 -1.06936 -0.507843 
-17.5529 -0.925484 -0.438995 
-17.6659 -0.821945 -0.388321 
-17.7661 -0.67979 -0.318291 
