0 0 0 0
1.2 0 0 0
2.3999999999999999 0 2.2355012755505297e-10 0
3.5999999999999996 0 3.0294748461911159e-09 0
4.7999999999999998 0 3.7650396835556084e-08 0
6 0 4.4751727420132267e-07 0
7.1999999999999993 0 5.179340596845366e-06 0
8.4000000000000004 0 5.8902467063949602e-05 0
9.5999999999999996 0 0.00066119771945920486 0
10.799999999999999 0 0.0072833578964627606 0
12 0 0.071854724745643445 0
13.199999999999999 0 0.36041381036346143 0
14.399999999999999 0 0.5644945791524667 0
15.6 0 0.59049540825436542 0
16.800000000000001 0 0.58691074319877767 0
18 0 0.57947042110199853 0
19.199999999999999 0 0.57088396717909273 0
20.399999999999999 0 0.56157991334475044 0
21.599999999999998 0 0.55174591382858995 0
22.800000000000001 0 0.54152047048983243 0
24 0 0.53101557299048896 0
25.199999999999999 0 0.52032296191639438 0
26.399999999999999 0 0.50951801825270515 0
27.599999999999998 0 0.49866275091057283 0
28.799999999999997 0 0.48780817396918652 0
30 0 0.47699621851814661 0
31.199999999999999 0 0.46626128126152078 0
32.399999999999999 0 0.45563148672467707 0
33.600000000000001 0 0.4451297218360733 0
34.799999999999997 0 0.43477448829043991 0
36 0 0.42458060807732328 0
37.199999999999996 0 0.41455980996690378 0
38.399999999999999 0 0.40472121894147101 0
39.600000000000001 0 0.39507176608724975 0
40.799999999999997 0 0.3856165329856896 0
42 0 0.37635904192349212 0
43.199999999999996 0 0.3673015010977585 0
44.399999999999999 0 0.35844501229350578 0
45.600000000000001 0 0.34978974715555827 0
46.799999999999997 0 0.3413350970897332 0
48 0 0.33307980095171175 0
49.199999999999996 0 0.3250220539716851 0
50.399999999999999 0 0.31715960078458499 0
51.600000000000001 0 0.30948981496282607 0
52.799999999999997 0 0.30200976706016952 0
54 0 0.29471628285518064 0
55.199999999999996 0 0.2876059932178372 0
56.399999999999999 0 0.28067537680283383 0
57.599999999999994 0 0.27392079658980573 0
58.799999999999997 0 0.26733853113744388 0
60 0 0.26092480128996398 0
61.199999999999996 0 0.25467579296633513 0
62.399999999999999 0 0.24858767657153441 0
63.599999999999994 0 0.24265662349206235 0
64.799999999999997 0 0.23687882007262342 0
66 0 0.23125047941541022 0
67.200000000000003 0 0.22576785129615901 0
68.399999999999991 0 0.2204272304508281 0
69.599999999999994 0 0.21522496345225717 0
70.799999999999997 0 0.21015745436661584 0
72 0 0.20522116935408208 0
73.200000000000003 0 0.20041264035636297 0
74.399999999999991 0 0.19572846799488899 0
75.599999999999994 0 0.19116532378727355 0
76.799999999999997 0 0.18671995177563533 0
78 0 0.18238916964822577 0
79.200000000000003 0 0.17816986942531082 0
80.399999999999991 0 0.17405901777111712 0
81.599999999999994 0 0.1700536559857356 0
82.799999999999997 0 0.16615089972396968 0
84 0 0.16234793848212212 0
85.200000000000003 0 0.15864203488846365 0
86.399999999999991 0 0.15503052382857538 0
87.599999999999994 0 0.15151081143275477 0
88.799999999999997 0 0.14808037394919335 0
90 0 0.14473675652358606 0
91.200000000000003 0 0.14147757190315946 0
92.399999999999991 0 0.13830049908076666 0
93.599999999999994 0 0.13520328189265438 0
94.799999999999997 0 0.13218372758170363 0
96 0 0.12923970533637663 0
97.200000000000003 0 0.12636914481421488 0
98.399999999999991 0 0.123570034657527 0
99.599999999999994 0 0.12084042100783364 0
100.8 0 0.11817840602470914 0
102 0 0.11558214641383696 0
103.2 0 0.11304985196837393 0
104.39999999999999 0 0.11057978412709579 0
105.59999999999999 0 0.10817025455223168 0
106.8 0 0.10581962372942248 0
108 0 0.10352629959180307 0
109.2 0 0.10128873616984319 0
110.39999999999999 0 0.09910543226825505 0
111.59999999999999 0 0.09697493017099075 0
112.8 0 0.094895814375106968 0
114 0 0.092866710354057774 0
115.19999999999999 0 0.090886283350790714 0
116.39999999999999 0 0.088953237200857668 0
117.59999999999999 0 0.087066313185611421 0
118.8 0 0.085224288915441093 0
