-3.65412 -0.217412 0.847919 
-3.65653 -0.218573 0.847849 
-3.65803 -0.220938 0.847863 
-3.65872 -0.223342 0.847844 
-3.65865 -0.225787 0.847788 
-3.65762 -0.228264 0.847695 
-3.65675 -0.22927 0.847658 
-3.65495 -0.230826 0.847565 
-3.6537 -0.231677 0.847493 
-3.65053 -0.232644 0.847412 
-3.64722 -0.232922 0.847347 
-3.64421 -0.231462 0.847455 
-3.64409 -0.231384 0.847457 
-3.64171 -0.229232 0.847574 
-3.64252 -0.226848 0.8478 
-3.64435 -0.225508 0.847962 
-3.64628 -0.22429 0.848085 
-3.6476 -0.223444 0.84815 
-3.6504 -0.221702 0.848205 
-3.65047 -0.221622 0.848204 
-3.65237 -0.219208 0.848114 
-3.65261 -0.218967 0.848095 
-3.66065 -0.221339 0.845834 
-3.66328 -0.221204 0.845719 
-3.66547 -0.220888 0.845519 
-3.66643 -0.22154 0.845444 
-3.66819 -0.22331 0.84524 
-3.66854 -0.223722 0.84518 
-3.66938 -0.226027 0.844967 
-3.66884 -0.228489 0.844893 
-3.66856 -0.228931 0.844905 
-3.66679 -0.231094 0.844904 
-3.66623 -0.231643 0.844893 
-3.66369 -0.232933 0.844936 
-3.66089 -0.233758 0.844955 
-3.65864 -0.234128 0.844952 
-3.65784 -0.234249 0.84494 
-3.65761 -0.234194 0.844951 
-3.65483 -0.233721 0.845008 
-3.65181 -0.232188 0.845129 
-3.65219 -0.229847 0.845394 
-3.65387 -0.227414 0.845648 
-3.65554 -0.225577 0.845792 
-3.6562 -0.224885 0.845832 
-3.65828 -0.223112 0.845883 
-3.65953 -0.222229 0.845871 
-3.66777 -0.222107 0.843366 
-3.66983 -0.22065 0.843216 
-3.67204 -0.220369 0.843017 
-3.67454 -0.222053 0.842812 
-3.67478 -0.222248 0.842777 
-3.67686 -0.223916 0.842395 
-3.67702 -0.224109 0.842353 
-3.67792 -0.226368 0.842053 
-3.67722 -0.228805 0.842112 
-3.67717 -0.228923 0.842114 
-3.67533 -0.231492 0.842207 
-3.67525 -0.231572 0.84221 
-3.67272 -0.234108 0.842141 
-3.6705 -0.234361 0.84234 
-3.66818 -0.233856 0.842577 
-3.66567 -0.232606 0.842823 
-3.66559 -0.23254 0.842829 
-3.66354 -0.230334 0.84307 
-3.66441 -0.227919 0.84327 
-3.66584 -0.225746 0.843377 
-3.66604 -0.225396 0.84339 
-3.66719 -0.222856 0.843393 
-3.67262 -0.215442 0.840172 
-3.67496 -0.215326 0.839989 
-3.67538 -0.215524 0.839984 
-3.67812 -0.216778 0.839876 
-3.67976 -0.217566 0.839736 
-3.6809 -0.218462 0.839657 
-3.68215 -0.219808 0.839579 
-3.6836 -0.22213 0.839481 
-3.68437 -0.224522 0.839424 
-3.6847 -0.226931 0.839316 
-3.68453 -0.229351 0.839196 
-3.684 -0.231745 0.838984 
-3.68279 -0.234212 0.8388 
-3.68238 -0.23478 0.838769 
-3.6809 -0.236695 0.838591 
-3.67881 -0.238742 0.838379 
-3.67825 -0.239194 0.83833 
-3.67513 -0.241657 0.837929 
-3.67451 -0.242042 0.837863 
-3.6705 -0.244114 0.837509 
-3.66792 -0.244332 0.837629 
-3.66766 -0.242347 0.838313 
-3.66759 -0.241774 0.838485 
-3.66719 -0.240216 0.838899 
-3.6678 -0.23798 0.839395 
-3.6689 -0.235675 0.839828 
-3.6702 -0.233305 0.840192 
-3.67155 -0.230899 0.840471 
-3.67263 -0.229828 0.840564 
-3.67394 -0.228372 0.840658 
-3.67481 -0.225875 0.840745 
-3.67492 -0.224644 0.840756 
-3.67494 -0.223394 0.840746 
-3.67358 -0.220982 0.840692 
-3.67218 -0.218514 0.840551 
-3.6724 -0.215862 0.840243 
-3.67844 -0.21589 0.837399 
-3.68034 -0.215236 0.837154 
-3.68254 -0.215355 0.836918 
-3.68342 -0.21578 0.836877 
-3.68534 -0.216737 0.836722 
-3.68699 -0.217844 0.836558 
-3.68794 -0.218633 0.836445 
-3.68925 -0.220017 0.836258 
-3.69036 -0.221582 0.836047 
-3.69075 -0.222218 0.835937 
-3.69165 -0.224474 0.83564 
-3.69205 -0.226813 0.835411 
-3.69202 -0.229191 0.835226 
-3.69163 -0.23155 0.834965 
-3.69073 -0.234045 0.834862 
-3.68995 -0.235441 0.8349 
-3.68915 -0.236644 0.83489 
-3.68742 -0.238742 0.834802 
-3.68698 -0.2392 0.834775 
-3.68427 -0.24172 0.834516 
-3.68396 -0.241957 0.834495 
-3.68166 -0.243098 0.834614 
-3.67909 -0.244074 0.834675 
-3.67657 -0.244612 0.834786 
-3.67458 -0.244236 0.835094 
-3.67371 -0.24297 0.835548 
-3.67366 -0.24222 0.835767 
-3.67366 -0.240813 0.836142 
-3.67419 -0.23858 0.836643 
-3.67733 -0.236246 0.837076 
-3.67746 -0.236144 0.837092 
-3.6784 -0.233787 0.837447 
-3.6786 -0.231444 0.837713 
-3.67852 -0.231255 0.837733 
-3.67762 -0.229129 0.837896 
-3.67717 -0.226724 0.838001 
-3.67642 -0.224309 0.838026 
-3.67537 -0.221869 0.837964 
-3.67477 -0.219348 0.837832 
-3.67491 -0.219101 0.837815 
-3.67672 -0.217262 0.837638 
-3.67775 -0.216507 0.837517 
-3.6705 -0.212341 0.833946 
-3.67223 -0.210718 0.833732 
-3.6746 -0.210007 0.833602 
-3.67776 -0.210263 0.833575 
-3.68078 -0.210707 0.833504 
-3.68289 -0.211531 0.833529 
-3.68454 -0.212216 0.833522 
-3.68748 -0.213386 0.833375 
-3.68782 -0.21359 0.833368 
-3.69068 -0.215427 0.833223 
-3.69112 -0.215745 0.833183 
-3.69344 -0.217988 0.833033 
-3.69389 -0.218507 0.832997 
-3.69518 -0.22026 0.832845 
-3.69634 -0.222215 0.832538 
-3.69646 -0.222454 0.832481 
-3.69721 -0.224734 0.832206 
-3.69755 -0.227001 0.831836 
-3.69752 -0.229355 0.831602 
-3.69714 -0.231713 0.831335 
-3.69638 -0.234061 0.830983 
-3.69528 -0.236374 0.830553 
-3.69382 -0.238689 0.830092 
-3.69198 -0.241112 0.829752 
-3.69025 -0.24302 0.829558 
-3.68967 -0.243599 0.829504 
-3.68755 -0.245455 0.829486 
-3.68603 -0.246404 0.829798 
-3.68588 -0.246496 0.829808 
-3.68384 -0.247551 0.829936 
-3.68213 -0.248 0.830244 
-3.68033 -0.24822 0.830546 
-3.6786 -0.248079 0.830891 
-3.67791 -0.247746 0.831126 
-3.67709 -0.247429 0.831329 
-3.67386 -0.247859 0.831286 
-3.67072 -0.247903 0.831291 
-3.66811 -0.247165 0.831474 
-3.6669 -0.246267 0.831688 
-3.66588 -0.245601 0.831815 
-3.66276 -0.244403 0.831917 
-3.66252 -0.244205 0.831945 
-3.66161 -0.241988 0.83233 
-3.66075 -0.240976 0.832448 
-3.65959 -0.239762 0.832551 
-3.66155 -0.237445 0.833061 
-3.66301 -0.236261 0.833333 
-3.66429 -0.235072 0.833577 
-3.66443 -0.232724 0.833825 
-3.66446 -0.23035 0.834014 
-3.6651 -0.227923 0.834201 
-3.66653 -0.22546 0.834393 
-3.66706 -0.224377 0.834444 
-3.66763 -0.222968 0.834488 
-3.66738 -0.220465 0.834427 
-3.66808 -0.218498 0.834393 
-3.66827 -0.217904 0.834372 
-3.669 -0.2153 0.834215 
-3.66922 -0.214903 0.834192 
-3.67043 -0.212604 0.833981 
-3.67497 -0.209536 0.830365 
-3.67792 -0.209318 0.83033 
-3.68046 -0.209027 0.830196 
-3.68292 -0.208965 0.830034 
-3.68444 -0.209549 0.830081 
-3.687 -0.210564 0.830117 
-3.68974 -0.211381 0.829949 
-3.69011 -0.211586 0.829949 
-3.69354 -0.213845 0.829966 
-3.69384 -0.214046 0.829951 
-3.69646 -0.216025 0.829775 
-3.69699 -0.21655 0.829752 
-3.69857 -0.218288 0.829634 
-3.70014 -0.220627 0.829536 
-3.70045 -0.221125 0.829456 
-3.70131 -0.222838 0.829178 
-3.70201 -0.225118 0.828895 
-3.70234 -0.227549 0.828814 
-3.70236 -0.22866 0.828591 
-3.70227 -0.229772 0.828334 
-3.70185 -0.232051 0.827919 
-3.70109 -0.234401 0.827565 
-3.69999 -0.236725 0.827151 
-3.69857 -0.23909 0.826778 
-3.69784 -0.240177 0.826676 
-3.69678 -0.241554 0.826514 
-3.69452 -0.244054 0.826288 
-3.69428 -0.244296 0.82628 
-3.69238 -0.245968 0.826452 
-3.6912 -0.246844 0.826448 
-3.68965 -0.247877 0.82641 
-3.68771 -0.248798 0.826625 
-3.68562 -0.249515 0.826824 
-3.68355 -0.249926 0.827055 
-3.68132 -0.250179 0.827252 
-3.67947 -0.24986 0.827587 
-3.67723 -0.249525 0.827831 
-3.67397 -0.249671 0.827801 
-3.67233 -0.248924 0.828034 
-3.6718 -0.248632 0.828116 
-3.66952 -0.247223 0.828435 
-3.66924 -0.246899 0.828503 
-3.66737 -0.245099 0.828834 
-3.667 -0.244768 0.828886 
-3.66462 -0.242791 0.829108 
-3.6643 -0.242576 0.829123 
-3.66388 -0.24032 0.829473 
-3.66332 -0.238034 0.829759 
-3.66374 -0.235696 0.83008 
-3.66351 -0.233351 0.830292 
-3.66336 -0.233207 0.830293 
-3.66128 -0.231001 0.830268 
-3.66197 -0.228583 0.830474 
-3.6628 -0.227518 0.830596 
-3.66368 -0.226134 0.830722 
-3.66409 -0.223675 0.830796 
-3.66456 -0.221171 0.830821 
-3.6649 -0.220934 0.830846 
-3.6676 -0.218587 0.830983 
-3.66784 -0.218347 0.830991 
-3.66989 -0.215961 0.830978 
-3.67007 -0.215717 0.830969 
-3.67192 -0.213342 0.830838 
-3.67198 -0.213272 0.830834 
-3.67353 -0.211298 0.830634 
-3.67437 -0.210459 0.83052 
-3.67501 -0.209543 0.827015 
-3.67726 -0.208519 0.826876 
-3.68041 -0.208459 0.82687 
-3.68364 -0.208704 0.826856 
-3.68646 -0.208918 0.826754 
-3.68971 -0.209858 0.826732 
-3.68989 -0.209921 0.82673 
-3.69392 -0.211848 0.826767 
-3.69431 -0.212064 0.82677 
-3.69734 -0.213781 0.826671 
-3.69805 -0.214218 0.826627 
-3.70029 -0.215884 0.826449 
-3.70088 -0.216382 0.826382 
-3.70292 -0.218637 0.826214 
-3.70332 -0.219152 0.826155 
-3.70446 -0.220882 0.82594 
-3.70553 -0.223222 0.825802 
-3.70595 -0.224495 0.825616 
-3.70617 -0.225468 0.825442 
-3.70647 -0.227814 0.8252 
-3.70642 -0.230164 0.824946 
-3.70591 -0.23237 0.824386 
-3.70515 -0.234719 0.824027 
-3.70404 -0.237036 0.823597 
-3.70258 -0.239329 0.823088 
-3.70082 -0.241693 0.822656 
-3.69871 -0.244051 0.822193 
-3.69754 -0.245328 0.822109 
-3.69625 -0.246584 0.821997 
-3.6944 -0.248189 0.821899 
-3.6934 -0.248981 0.822346 
-3.69245 -0.249583 0.822447 
-3.69141 -0.250169 0.822532 
-3.68983 -0.250785 0.822855 
-3.68868 -0.250832 0.823323 
-3.68843 -0.250527 0.82365 
-3.68803 -0.250238 0.823949 
-3.68625 -0.250154 0.824283 
-3.68436 -0.249845 0.824604 
-3.68145 -0.250016 0.824654 
-3.67945 -0.249318 0.824939 
-3.67932 -0.24926 0.824957 
-3.67664 -0.24859 0.825127 
-3.67575 -0.247351 0.825453 
-3.67511 -0.246361 0.825683 
-3.67434 -0.245215 0.825917 
-3.67434 -0.242983 0.826392 
-3.67407 -0.242426 0.826481 
-3.6733 -0.240748 0.826721 
-3.67404 -0.238444 0.827127 
-3.67324 -0.236126 0.827358 
-3.67358 -0.233769 0.827622 
-3.67269 -0.232593 0.827652 
-3.67161 -0.231424 0.827649 
-3.67129 -0.229011 0.827761 
-3.67203 -0.227791 0.827871 
-3.6726 -0.226552 0.827951 
-3.67131 -0.224115 0.827878 
-3.6702 -0.221634 0.827768 
-3.6715 -0.219083 0.827787 
-3.67182 -0.218618 0.827789 
-3.67276 -0.216489 0.827725 
-3.67316 -0.21508 0.827637 
-3.67356 -0.213859 0.82754 
-3.67406 -0.21198 0.827344 
-3.6743 -0.21116 0.827242 
-3.6827 -0.213502 0.824372 
-3.68558 -0.212903 0.824344 
-3.68824 -0.212425 0.824259 
-3.6899 -0.21135 0.823981 
-3.69197 -0.210947 0.823754 
-3.69402 -0.210811 0.823498 
-3.69649 -0.211344 0.823289 
-3.69868 -0.211974 0.823008 
-3.69903 -0.21219 0.823003 
-3.70189 -0.214029 0.822848 
-3.70232 -0.214351 0.822812 
-3.70462 -0.216314 0.82256 
-3.70482 -0.216511 0.822522 
-3.70666 -0.218857 0.822487 
-3.70809 -0.221189 0.822351 
-3.70835 -0.221685 0.822265 
-3.70904 -0.223389 0.821945 
-3.7096 -0.225659 0.821617 
-3.70966 -0.226206 0.821483 
-3.70966 -0.22785 0.82107 
-3.70963 -0.23023 0.820869 
-3.7092 -0.232568 0.820551 
-3.70818 -0.234756 0.819881 
-3.70703 -0.237046 0.819397 
-3.70575 -0.239453 0.819108 
-3.70407 -0.241843 0.818724 
-3.702 -0.244176 0.818221 
-3.70104 -0.245238 0.818075 
-3.69967 -0.246594 0.817843 
-3.69691 -0.249047 0.817456 
-3.69645 -0.249448 0.817435 
-3.69409 -0.251358 0.817484 
-3.6935 -0.251787 0.817522 
-3.69189 -0.252827 0.817598 
-3.69093 -0.253277 0.818075 
-3.69048 -0.253175 0.818707 
-3.69074 -0.252833 0.819026 
-3.69108 -0.25213 0.819658 
-3.69075 -0.25135 0.820373 
-3.69085 -0.251173 0.820474 
-3.6913 -0.249525 0.821369 
-3.69135 -0.249233 0.821509 
-3.69142 -0.247413 0.822293 
-3.69138 -0.247227 0.822365 
-3.69215 -0.245084 0.823061 
-3.69215 -0.24361 0.823485 
-3.69204 -0.242925 0.823661 
-3.69202 -0.240713 0.824158 
-3.69205 -0.238449 0.824571 
-3.69199 -0.238347 0.824583 
-3.69062 -0.236196 0.824862 
-3.68933 -0.234592 0.824999 
-3.68854 -0.233932 0.825031 
-3.686 -0.231636 0.825094 
-3.68534 -0.231225 0.825086 
-3.68227 -0.229317 0.824999 
-3.68042 -0.228378 0.824909 
-3.67719 -0.226995 0.824713 
-3.67433 -0.224586 0.824518 
-3.67411 -0.22445 0.824499 
-3.67065 -0.22215 0.824194 
-3.67146 -0.220204 0.824218 
-3.67182 -0.219613 0.824226 
-3.67448 -0.217957 0.824349 
-3.67667 -0.216931 0.824431 
-3.67755 -0.216371 0.824441 
-3.68067 -0.215261 0.824506 
-3.68214 -0.214093 0.824433 
-3.69819 -0.212242 0.820227 
-3.70024 -0.212422 0.819947 
-3.70122 -0.212855 0.819904 
-3.70305 -0.213686 0.819756 
-3.70504 -0.214586 0.81941 
-3.70532 -0.214784 0.819387 
-3.70754 -0.21659 0.819085 
-3.70787 -0.216904 0.819027 
-3.7097 -0.219125 0.818759 
-3.70997 -0.219511 0.818681 
-3.71099 -0.221318 0.818356 
-3.71161 -0.222878 0.818068 
-3.71177 -0.223503 0.817903 
-3.71231 -0.225821 0.817655 
-3.71238 -0.228079 0.817226 
-3.71226 -0.230409 0.816927 
-3.71222 -0.230542 0.816882 
-3.71146 -0.232572 0.816257 
-3.71075 -0.234943 0.815939 
-3.70964 -0.237262 0.815513 
-3.70817 -0.239557 0.815005 
-3.7065 -0.241919 0.814575 
-3.70576 -0.242995 0.814474 
-3.70468 -0.244373 0.814305 
-3.70233 -0.246719 0.813802 
-3.69962 -0.24909 0.813278 
-3.69932 -0.249378 0.81326 
-3.69662 -0.251571 0.812943 
-3.69535 -0.252538 0.812845 
-3.69355 -0.253947 0.813052 
-3.69289 -0.254384 0.813098 
-3.6913 -0.255328 0.813166 
-3.69096 -0.25543 0.813808 
-3.69129 -0.25514 0.814222 
-3.69153 -0.254787 0.814711 
-3.69112 -0.254433 0.815377 
-3.69164 -0.253648 0.815972 
-3.69189 -0.253066 0.816382 
-3.69153 -0.252049 0.817108 
-3.69158 -0.25187 0.817202 
-3.69184 -0.250087 0.818067 
-3.69185 -0.249892 0.81815 
-3.69298 -0.247773 0.818926 
-3.69322 -0.246327 0.819397 
-3.69322 -0.245649 0.8196 
-3.69357 -0.243449 0.820177 
-3.69395 -0.241207 0.82067 
-3.69392 -0.241082 0.820695 
-3.69326 -0.238971 0.821054 
-3.69258 -0.236676 0.821356 
-3.69212 -0.236275 0.821387 
-3.69011 -0.234417 0.821499 
-3.68841 -0.232787 0.821547 
-3.68751 -0.232113 0.821544 
-3.68511 -0.229751 0.821527 
-3.68338 -0.228682 0.821451 
-3.68118 -0.227401 0.821331 
-3.67885 -0.224981 0.821185 
-3.678 -0.222489 0.821097 
-3.67978 -0.221335 0.821199 
-3.68343 -0.220183 0.821386 
-3.68419 -0.219777 0.821407 
-3.68636 -0.21862 0.821439 
-3.68952 -0.217842 0.821488 
-3.69214 -0.21686 0.821429 
-3.69225 -0.216771 0.821416 
-3.69391 -0.215375 0.821212 
-3.6957 -0.214318 0.820967 
-3.69748 -0.213617 0.820693 
-3.69753 -0.213522 0.820666 
-3.70115 -0.213104 0.81672 
-3.70267 -0.212802 0.816355 
-3.70379 -0.213198 0.816261 
-3.70505 -0.213638 0.816101 
-3.70735 -0.214825 0.8158 
-3.7078 -0.215136 0.815748 
-3.70962 -0.216535 0.815449 
-3.71034 -0.217222 0.815321 
-3.71195 -0.21917 0.81504 
-3.71211 -0.219413 0.814994 
-3.7134 -0.221661 0.814683 
-3.71379 -0.222648 0.81446 
-3.71412 -0.223815 0.814163 
-3.71463 -0.226129 0.813904 
-3.71473 -0.228411 0.81352 
-3.71471 -0.228545 0.813481 
-3.71432 -0.230607 0.812949 
-3.71392 -0.23297 0.812673 
-3.71317 -0.235325 0.812322 
-3.71206 -0.237646 0.811893 
-3.71059 -0.239942 0.811385 
-3.70875 -0.242225 0.810799 
-3.70657 -0.244476 0.810145 
-3.70455 -0.246743 0.809802 
-3.7044 -0.246893 0.809781 
-3.70172 -0.249244 0.809228 
-3.69873 -0.25161 0.808695 
-3.69782 -0.252331 0.808591 
-3.69539 -0.254035 0.808232 
-3.69293 -0.255658 0.807953 
-3.69153 -0.256555 0.807881 
-3.68955 -0.257716 0.807761 
-3.6877 -0.258767 0.807987 
-3.68737 -0.258897 0.808627 
-3.68816 -0.258283 0.809572 
-3.68859 -0.257942 0.809926 
-3.6892 -0.257272 0.810613 
-3.68925 -0.256508 0.811408 
-3.68941 -0.256336 0.811522 
-3.69046 -0.254744 0.812546 
-3.69061 -0.254459 0.812711 
-3.69117 -0.252798 0.813584 
-3.69122 -0.252516 0.813724 
-3.69204 -0.250455 0.814583 
-3.69218 -0.249984 0.81476 
-3.69259 -0.24835 0.815324 
-3.69349 -0.24617 0.815972 
-3.69343 -0.245674 0.816105 
-3.69311 -0.243989 0.816509 
-3.69314 -0.241753 0.81697 
-3.69287 -0.241252 0.817052 
-3.69181 -0.239522 0.817296 
-3.69101 -0.237218 0.817566 
-3.6905 -0.236705 0.817601 
-3.68874 -0.234929 0.817684 
-3.68733 -0.232579 0.817785 
-3.68621 -0.230177 0.817842 
-3.68602 -0.229944 0.81784 
-3.68422 -0.227778 0.817783 
-3.68495 -0.226647 0.817854 
-3.6858 -0.225261 0.817918 
-3.68793 -0.22368 0.818027 
-3.69012 -0.222589 0.818108 
-3.69105 -0.222029 0.818131 
-3.69395 -0.220732 0.818156 
-3.69668 -0.219756 0.818119 
-3.69675 -0.21967 0.818111 
-3.69841 -0.218021 0.817915 
-3.69935 -0.216782 0.817705 
-3.6996 -0.216192 0.81759 
-3.70091 -0.214973 0.817252 
-3.70116 -0.21373 0.816905 
-3.70251 -0.213007 0.812922 
-3.70414 -0.212795 0.812577 
-3.7053 -0.212473 0.812131 
-3.70679 -0.212769 0.81172 
-3.70712 -0.212975 0.811692 
-3.70912 -0.214261 0.811396 
-3.71005 -0.215044 0.811287 
-3.71198 -0.217023 0.811099 
-3.71219 -0.217269 0.81106 
-3.71382 -0.219525 0.810828 
-3.71434 -0.220445 0.81064 
-3.71488 -0.221688 0.810345 
-3.71572 -0.224005 0.810126 
-3.71596 -0.225269 0.809899 
-3.71604 -0.226235 0.80969 
-3.71619 -0.228568 0.809403 
-3.71591 -0.230841 0.808983 
-3.71525 -0.233096 0.808488 
-3.71455 -0.235474 0.808183 
-3.71344 -0.237795 0.807752 
-3.71197 -0.240091 0.807249 
-3.71013 -0.242375 0.806662 
-3.70816 -0.244714 0.806183 
-3.70586 -0.247053 0.805672 
-3.70313 -0.249353 0.805027 
-3.7023 -0.25014 0.80493 
-3.70035 -0.251807 0.804668 
-3.69701 -0.254165 0.804091 
-3.69661 -0.254459 0.804049 
-3.69329 -0.256581 0.803579 
-3.69136 -0.257734 0.803342 
-3.68898 -0.259156 0.803257 
-3.68828 -0.259541 0.80323 
-3.68691 -0.260334 0.803588 
-3.68775 -0.259954 0.804474 
-3.68782 -0.259915 0.804544 
-3.68834 -0.259455 0.805419 
-3.68995 -0.258407 0.806316 
-3.69067 -0.257836 0.806789 
-3.69109 -0.256876 0.80768 
-3.69123 -0.256706 0.807797 
-3.6921 -0.255233 0.80876 
-3.69209 -0.254861 0.809 
-3.69171 -0.254045 0.809495 
-3.69142 -0.252997 0.810018 
-3.6913 -0.252474 0.810251 
-3.69084 -0.250993 0.810829 
-3.69079 -0.25044 0.811023 
-3.69082 -0.24889 0.811512 
-3.69057 -0.247321 0.81194 
-3.69026 -0.246751 0.812075 
-3.69001 -0.244537 0.812567 
-3.68944 -0.243785 0.812689 
-3.68832 -0.242331 0.812894 
-3.6867 -0.240917 0.813026 
-3.68546 -0.240104 0.813059 
-3.6829 -0.238399 0.813091 
-3.68201 -0.237825 0.813086 
-3.67882 -0.235511 0.813054 
-3.67833 -0.235237 0.813035 
-3.67467 -0.23317 0.812861 
-3.67272 -0.230767 0.812821 
-3.67203 -0.228342 0.812856 
-3.67302 -0.225877 0.813002 
-3.67567 -0.224677 0.813254 
-3.68084 -0.22467 0.813696 
-3.68559 -0.224566 0.814044 
-3.69015 -0.22473 0.814334 
-3.69375 -0.223756 0.814491 
-3.69696 -0.222808 0.814556 
-3.6971 -0.222709 0.814555 
-3.69952 -0.221465 0.81451 
-3.70111 -0.219838 0.814349 
-3.70125 -0.219581 0.814315 
-3.70265 -0.217873 0.81403 
-3.70273 -0.216972 0.81387 
-3.70266 -0.215229 0.813513 
-3.70267 -0.214128 0.813233 
-3.70455 -0.21405 0.809185 
-3.7045 -0.21231 0.808585 
-3.70511 -0.211516 0.80806 
-3.70646 -0.211645 0.807624 
-3.70849 -0.212715 0.807264 
-3.70877 -0.212928 0.807248 
-3.71111 -0.214874 0.806961 
-3.71131 -0.21507 0.806921 
-3.71331 -0.217345 0.806768 
-3.71398 -0.218274 0.806614 
-3.71472 -0.219516 0.806361 
-3.71585 -0.221822 0.806133 
-3.71603 -0.222374 0.806022 
-3.71641 -0.224023 0.80568 
-3.71686 -0.226345 0.805428 
-3.71698 -0.228678 0.80513 
-3.71682 -0.231013 0.804828 
-3.71677 -0.231144 0.804782 
-3.7159 -0.233177 0.80415 
-3.71516 -0.235538 0.803812 
-3.71402 -0.237848 0.803366 
-3.71258 -0.240155 0.80288 
-3.71072 -0.242433 0.802286 
-3.70918 -0.244734 0.80205 
-3.70907 -0.244886 0.802037 
-3.70672 -0.247191 0.80146 
-3.70413 -0.249551 0.800937 
-3.70208 -0.251441 0.800672 
-3.70141 -0.252008 0.800588 
-3.69808 -0.254337 0.799963 
-3.69622 -0.255674 0.799762 
-3.69449 -0.256821 0.799583 
-3.69221 -0.258252 0.799391 
-3.69089 -0.259242 0.799736 
-3.69065 -0.259527 0.800384 
-3.6914 -0.259144 0.801296 
-3.69266 -0.258404 0.80205 
-3.69345 -0.257858 0.802577 
-3.69422 -0.256925 0.803544 
-3.6944 -0.256757 0.803669 
-3.69559 -0.255306 0.804699 
-3.69569 -0.254941 0.804959 
-3.69549 -0.254198 0.805487 
-3.6952 -0.253139 0.806101 
-3.69516 -0.252854 0.806242 
-3.69424 -0.251504 0.806866 
-3.69416 -0.251205 0.806986 
-3.69338 -0.249592 0.807547 
-3.69262 -0.249192 0.807663 
-3.69097 -0.248522 0.807817 
-3.68799 -0.247527 0.807956 
-3.6876 -0.247199 0.808014 
-3.68515 -0.24579 0.808179 
-3.6837 -0.245049 0.808226 
-3.68184 -0.243805 0.808315 
-3.68072 -0.242828 0.80839 
-3.67825 -0.240934 0.808463 
-3.67759 -0.240561 0.80845 
-3.67518 -0.238238 0.808514 
-3.67386 -0.23744 0.808472 
-3.6712 -0.235904 0.808357 
-3.66951 -0.233529 0.808376 
-3.66894 -0.231115 0.808465 
-3.6704 -0.228681 0.808719 
-3.67271 -0.227648 0.808977 
-3.67651 -0.226169 0.809357 
-3.67732 -0.225765 0.809437 
-3.68229 -0.22538 0.809855 
-3.68705 -0.225276 0.810208 
-3.69163 -0.225478 0.810491 
-3.69439 -0.225755 0.810635 
-3.69598 -0.225911 0.810705 
-3.70011 -0.226687 0.810842 
-3.70243 -0.225362 0.810845 
-3.70278 -0.225091 0.810837 
-3.70489 -0.223327 0.81072 
-3.70523 -0.222561 0.810651 
-3.70508 -0.219912 0.810364 
-3.70512 -0.219657 0.810328 
-3.70511 -0.217153 0.809902 
-3.70507 -0.216737 0.809817 
-3.70465 -0.214325 0.809252 
-3.70675 -0.214025 0.804835 
-3.70716 -0.213011 0.804283 
-3.70782 -0.212536 0.803746 
-3.70934 -0.213333 0.803478 
-3.7098 -0.213604 0.803377 
-3.71164 -0.21501 0.802955 
-3.71197 -0.215321 0.802889 
-3.71391 -0.217549 0.802642 
-3.71419 -0.217938 0.802572 
-3.71529 -0.219735 0.802257 
-3.71602 -0.221314 0.80199 
-3.71622 -0.221943 0.801837 
-3.71703 -0.224279 0.801647 
-3.71738 -0.22656 0.801309 
-3.71752 -0.228903 0.801034 
-3.71749 -0.229036 0.800995 
-3.71695 -0.23109 0.800431 
-3.71658 -0.233462 0.800174 
-3.71567 -0.235762 0.799709 
-3.71407 -0.237913 0.798941 
-3.71314 -0.240397 0.798818 
-3.71138 -0.242711 0.79829 
-3.7092 -0.244962 0.797645 
-3.70732 -0.247239 0.797336 
-3.70719 -0.24739 0.797314 
-3.70461 -0.249746 0.796788 
-3.70179 -0.252127 0.796303 
-3.70094 -0.252852 0.796205 
-3.69867 -0.25457 0.795892 
-3.6967 -0.256055 0.795738 
-3.69521 -0.257179 0.79573 
-3.6939 -0.258045 0.795679 
-3.69347 -0.25862 0.796252 
-3.69313 -0.258947 0.796872 
-3.69307 -0.258937 0.797581 
-3.69362 -0.258603 0.797955 
-3.69448 -0.257949 0.798687 
-3.69488 -0.257211 0.799558 
-3.69504 -0.257048 0.799685 
-3.69547 -0.256066 0.800496 
-3.69508 -0.255368 0.801078 
-3.69504 -0.255206 0.801185 
-3.69397 -0.254425 0.801735 
-3.69383 -0.253577 0.802154 
-3.69355 -0.252828 0.802493 
-3.69317 -0.251583 0.802978 
-3.69285 -0.250927 0.803204 
-3.69062 -0.249784 0.803522 
-3.69046 -0.249592 0.803569 
-3.69039 -0.247422 0.804134 
-3.68964 -0.246676 0.804272 
-3.68826 -0.24525 0.804499 
-3.68712 -0.244225 0.804624 
-3.68477 -0.243059 0.804666 
-3.68342 -0.242471 0.804661 
-3.68046 -0.240821 0.804661 
-3.67936 -0.240024 0.80467 
-3.67713 -0.238512 0.804652 
-3.67588 -0.236163 0.804767 
-3.67667 -0.233773 0.805036 
-3.67635 -0.231354 0.805149 
-3.67826 -0.228899 0.805427 
-3.67908 -0.228525 0.805508 
-3.68394 -0.227742 0.80593 
-3.68898 -0.228342 0.806284 
-3.69137 -0.228646 0.806428 
-3.69363 -0.22892 0.806555 
-3.69766 -0.228647 0.806746 
-3.70146 -0.228804 0.806856 
-3.70494 -0.229088 0.806886 
-3.70668 -0.227929 0.806868 
-3.70736 -0.227242 0.806843 
-3.70811 -0.225262 0.806738 
-3.70844 -0.223827 0.806622 
-3.70859 -0.222577 0.806491 
-3.70856 -0.220359 0.806197 
-3.70852 -0.219868 0.806116 
-3.70781 -0.217138 0.805623 
-3.70776 -0.216878 0.805562 
-3.70688 -0.214303 0.804912 
-3.70509 -0.211395 0.799844 
-3.705 -0.210316 0.799189 
-3.70646 -0.211093 0.79906 
-3.70754 -0.211708 0.798915 
-3.70958 -0.213165 0.798658 
-3.71003 -0.21354 0.798605 
-3.71193 -0.21537 0.798421 
-3.71283 -0.216395 0.798281 
-3.71368 -0.217545 0.798063 
-3.71517 -0.219858 0.797911 
-3.71541 -0.220365 0.79782 
-3.71605 -0.222066 0.797485 
-3.71676 -0.224371 0.797232 
-3.71726 -0.226723 0.797031 
-3.71726 -0.226869 0.796999 
-3.71706 -0.228944 0.796514 
-3.71702 -0.231329 0.796307 
-3.7165 -0.233649 0.795944 
-3.71526 -0.235836 0.795254 
-3.71406 -0.238128 0.794772 
-3.71295 -0.240547 0.794518 
-3.71146 -0.242954 0.794182 
-3.70927 -0.2452 0.793524 
-3.70698 -0.247519 0.792982 
-3.70599 -0.24859 0.792832 
-3.70459 -0.249945 0.792592 
-3.70161 -0.252245 0.791962 
-3.69926 -0.254126 0.791635 
-3.69853 -0.254675 0.791537 
-3.69494 -0.257055 0.790983 
-3.69396 -0.257732 0.790901 
-3.69098 -0.259625 0.79069 
-3.69035 -0.259993 0.790644 
-3.68935 -0.26081 0.791071 
-3.68862 -0.261318 0.791588 
-3.68874 -0.26126 0.792333 
-3.68934 -0.260943 0.792717 
-3.69037 -0.260292 0.793487 
-3.69045 -0.259815 0.79426 
-3.69077 -0.259466 0.794585 
-3.69114 -0.258778 0.795211 
-3.69082 -0.257988 0.795916 
-3.69092 -0.257817 0.796028 
-3.6913 -0.256421 0.79687 
-3.69127 -0.255948 0.79713 
-3.69097 -0.254942 0.797635 
-3.69073 -0.254014 0.798038 
-3.69086 -0.252826 0.798494 
-3.6909 -0.251942 0.798808 
-3.69103 -0.249819 0.799467 
-3.69101 -0.249732 0.799491 
-3.69031 -0.247672 0.800003 
-3.68979 -0.246817 0.800174 
-3.68871 -0.245486 0.8004 
-3.68806 -0.24324 0.800772 
-3.68797 -0.243149 0.800781 
-3.68592 -0.240987 0.800971 
-3.68468 -0.239841 0.801033 
-3.68309 -0.238691 0.801043 
-3.68075 -0.236362 0.801087 
-3.68031 -0.235649 0.801111 
-3.67925 -0.233994 0.801147 
-3.67892 -0.231575 0.801265 
-3.67967 -0.230356 0.801387 
-3.68231 -0.22909 0.801652 
-3.68429 -0.228691 0.80182 
-3.68905 -0.228588 0.802164 
-3.69059 -0.228915 0.802256 
-3.69384 -0.229579 0.802428 
-3.69811 -0.230132 0.802609 
-3.70199 -0.230736 0.8027 
-3.70261 -0.230918 0.802701 
-3.70555 -0.231714 0.80269 
-3.70765 -0.230597 0.802694 
-3.70827 -0.230169 0.802686 
-3.70978 -0.227916 0.802624 
-3.70999 -0.227086 0.802582 
-3.71021 -0.2253 0.802474 
-3.70963 -0.222708 0.802274 
-3.70954 -0.221861 0.802172 
-3.70913 -0.220039 0.801919 
-3.70789 -0.217382 0.801504 
-3.70783 -0.217123 0.801441 
-3.70695 -0.214548 0.800797 
-3.70682 -0.21427 0.800724 
-3.70529 -0.211661 0.799931 
-3.70314 -0.20946 0.794741 
-3.70358 -0.209095 0.794148 
-3.70573 -0.210367 0.793804 
-3.70616 -0.210689 0.793768 
-3.70883 -0.21296 0.793668 
-3.70923 -0.213343 0.793624 
-3.71094 -0.215184 0.793438 
-3.71217 -0.216777 0.793279 
-3.71258 -0.217418 0.793172 
-3.71411 -0.219792 0.793134 
-3.71524 -0.222148 0.792996 
-3.7156 -0.223417 0.792795 
-3.71576 -0.224387 0.792606 
-3.7162 -0.226723 0.792377 
-3.71619 -0.229025 0.792013 
-3.71579 -0.23129 0.791571 
-3.7154 -0.233656 0.791304 
-3.71465 -0.236012 0.790954 
-3.71354 -0.238331 0.79053 
-3.71207 -0.240626 0.790028 
-3.71023 -0.242909 0.789449 
-3.70813 -0.245185 0.788857 
-3.70612 -0.247591 0.788493 
-3.7045 -0.249524 0.788326 
-3.70396 -0.2501 0.788269 
-3.7011 -0.252448 0.787731 
-3.69953 -0.25388 0.78761 
-3.69818 -0.254976 0.787486 
-3.69529 -0.25701 0.787152 
-3.69463 -0.257439 0.787075 
-3.69116 -0.25959 0.786756 
-3.6905 -0.260028 0.786798 
-3.68893 -0.260969 0.786868 
-3.6881 -0.26152 0.787361 
-3.68822 -0.261462 0.788102 
-3.68882 -0.261146 0.788486 
-3.68986 -0.260495 0.789249 
-3.69041 -0.259782 0.790145 
-3.69062 -0.25961 0.790286 
-3.69138 -0.258581 0.791169 
-3.69165 -0.257893 0.791694 
-3.69187 -0.257308 0.792094 
-3.69134 -0.256284 0.792777 
-3.69137 -0.256107 0.79287 
-3.69077 -0.254936 0.793475 
-3.68972 -0.254246 0.793787 
-3.68926 -0.253841 0.793944 
-3.68741 -0.252601 0.794353 
-3.68719 -0.252275 0.794452 
-3.68558 -0.250849 0.794808 
-3.68503 -0.250199 0.794955 
-3.68377 -0.248398 0.79532 
-3.68337 -0.248043 0.795374 
-3.6832 -0.2458 0.795818 
-3.68206 -0.24452 0.795967 
-3.681 -0.243565 0.796044 
-3.68 -0.241275 0.796298 
-3.6789 -0.240478 0.796311 
-3.67682 -0.238964 0.796305 
-3.6742 -0.237269 0.796239 
-3.67311 -0.236632 0.796195 
-3.66971 -0.234266 0.796052 
-3.67095 -0.231844 0.796322 
-3.67351 -0.23006 0.796654 
-3.67883 -0.229555 0.797155 
-3.68397 -0.229475 0.797578 
-3.68911 -0.230611 0.797904 
-3.69368 -0.231123 0.798153 
-3.69493 -0.231432 0.798204 
-3.69798 -0.232157 0.798299 
-3.70181 -0.233017 0.798356 
-3.70517 -0.233161 0.798362 
-3.70812 -0.232651 0.798335 
-3.70992 -0.230568 0.79833 
-3.7103 -0.229803 0.798312 
-3.71077 -0.227967 0.798257 
-3.71102 -0.225456 0.798093 
-3.71103 -0.225347 0.798083 
-3.71024 -0.222768 0.797887 
-3.7095 -0.220109 0.797527 
-3.70944 -0.219799 0.79747 
-3.7085 -0.217383 0.797014 
-3.70776 -0.215898 0.796686 
-3.70703 -0.214613 0.796369 
-3.7054 -0.2123 0.795734 
-3.70501 -0.211788 0.795573 
-3.70046 -0.207754 0.789472 
-3.70155 -0.208124 0.788969 
-3.70186 -0.208325 0.788954 
-3.70486 -0.210578 0.788884 
-3.70534 -0.210976 0.788857 
-3.70734 -0.212831 0.788736 
-3.70882 -0.214436 0.78863 
-3.70934 -0.215082 0.788544 
-3.71103 -0.217388 0.788411 
-3.71265 -0.21981 0.788465 
-3.71318 -0.220964 0.788354 
-3.7136 -0.222108 0.788208 
-3.7144 -0.224464 0.788053 
-3.71474 -0.226773 0.787768 
-3.71471 -0.229072 0.787402 
-3.71469 -0.231459 0.787208 
-3.7143 -0.233825 0.78694 
-3.71355 -0.236179 0.78659 
-3.71244 -0.238498 0.786169 
-3.71097 -0.240792 0.785671 
-3.70922 -0.243105 0.785152 
-3.70757 -0.245539 0.784873 
-3.70536 -0.247886 0.784392 
-3.70473 -0.248686 0.784338 
-3.70315 -0.250391 0.784158 
-3.70035 -0.252789 0.783707 
-3.70004 -0.253075 0.783682 
-3.69722 -0.255236 0.78331 
-3.69523 -0.256631 0.783069 
-3.69361 -0.257703 0.782902 
-3.69126 -0.259186 0.782709 
-3.68939 -0.260296 0.782625 
-3.68783 -0.26113 0.782519 
-3.687 -0.26168 0.783006 
-3.68712 -0.261622 0.783749 
-3.68772 -0.261307 0.78413 
-3.68876 -0.260656 0.784894 
-3.6893 -0.259944 0.785782 
-3.68952 -0.259772 0.785926 
-3.69027 -0.258743 0.786804 
-3.69054 -0.258055 0.787329 
-3.69076 -0.25747 0.787724 
-3.68984 -0.25669 0.788302 
-3.68973 -0.256309 0.788513 
-3.68916 -0.255433 0.788969 
-3.68877 -0.254402 0.789417 
-3.68844 -0.253793 0.789653 
-3.68714 -0.252401 0.79012 
-3.68698 -0.252223 0.790175 
-3.68535 -0.250326 0.790663 
-3.68529 -0.250261 0.790676 
-3.68268 -0.248542 0.790958 
-3.68227 -0.24821 0.791004 
-3.6798 -0.246363 0.791214 
-3.67928 -0.246013 0.791237 
-3.678 -0.243757 0.79152 
-3.67699 -0.242614 0.79161 
-3.67588 -0.241475 0.791672 
-3.67268 -0.239552 0.791617 
-3.67188 -0.23916 0.791585 
-3.66927 -0.236815 0.791565 
-3.66741 -0.235627 0.79148 
-3.66561 -0.234445 0.791385 
-3.66722 -0.232966 0.791649 
-3.66894 -0.23202 0.791878 
-3.67264 -0.231041 0.792283 
-3.67746 -0.231953 0.792674 
-3.67838 -0.232178 0.792742 
-3.68358 -0.232399 0.793148 
-3.68834 -0.232299 0.793486 
-3.69282 -0.232636 0.793728 
-3.69698 -0.233183 0.793878 
-3.69893 -0.233843 0.793897 
-3.70077 -0.234532 0.793887 
-3.7041 -0.234969 0.793862 
-3.70652 -0.233395 0.793937 
-3.70703 -0.232996 0.793943 
-3.70899 -0.230723 0.793936 
-3.70926 -0.230262 0.793925 
-3.71007 -0.228093 0.793837 
-3.71035 -0.226565 0.793735 
-3.71051 -0.225439 0.79363 
-3.70997 -0.222814 0.793379 
-3.70985 -0.222026 0.793267 
-3.70933 -0.220114 0.792963 
-3.70878 -0.218354 0.792601 
-3.7084 -0.217327 0.792353 
-3.70653 -0.214609 0.791755 
-3.70631 -0.214279 0.791666 
-3.70429 -0.211811 0.790987 
-3.70289 -0.210307 0.790518 
-3.70161 -0.208929 0.789991 
-3.69528 -0.20546 0.784432 
-3.69624 -0.205676 0.783916 
-3.69659 -0.205891 0.783911 
-3.69958 -0.207863 0.783756 
-3.69984 -0.20806 0.78373 
-3.70277 -0.210414 0.783833 
-3.70444 -0.211968 0.783775 
-3.70515 -0.212697 0.783726 
-3.7072 -0.21502 0.783667 
-3.70899 -0.217383 0.783644 
-3.70907 -0.217523 0.78363 
-3.7102 -0.219663 0.783414 
-3.71164 -0.222149 0.783533 
-3.71235 -0.224478 0.783327 
-3.71268 -0.226785 0.783037 
-3.71302 -0.229205 0.782918 
-3.71299 -0.231591 0.782724 
-3.7126 -0.233956 0.782457 
-3.71185 -0.236308 0.782108 
-3.71074 -0.238626 0.781686 
-3.70927 -0.24092 0.781185 
-3.70753 -0.243231 0.780671 
-3.70588 -0.245664 0.780391 
-3.70367 -0.248011 0.779915 
-3.70311 -0.248754 0.779878 
-3.70147 -0.250519 0.779686 
-3.69935 -0.252567 0.779471 
-3.69885 -0.253023 0.779433 
-3.69568 -0.255476 0.779048 
-3.69515 -0.255884 0.779013 
-3.69204 -0.258019 0.778763 
-3.69139 -0.258418 0.778703 
-3.68776 -0.260518 0.778459 
-3.6876 -0.260608 0.778463 
-3.68536 -0.261777 0.778548 
-3.68543 -0.261741 0.779275 
-3.68604 -0.261425 0.779653 
-3.68707 -0.260775 0.780416 
-3.68762 -0.260063 0.781301 
-3.68783 -0.259892 0.781442 
-3.68858 -0.258864 0.782318 
-3.68885 -0.258177 0.782844 
-3.68907 -0.257593 0.783237 
-3.68854 -0.25657 0.783914 
-3.68854 -0.256395 0.784011 
-3.68802 -0.255189 0.784625 
-3.688 -0.254476 0.784933 
-3.68824 -0.25278 0.785579 
-3.68817 -0.252411 0.785708 
-3.68814 -0.2503 0.786364 
-3.68801 -0.249921 0.786469 
-3.68747 -0.248157 0.786903 
-3.68704 -0.246596 0.78724 
-3.68666 -0.245954 0.787354 
-3.68647 -0.243704 0.787761 
-3.68539 -0.24217 0.787944 
-3.68475 -0.241451 0.788008 
-3.68462 -0.239116 0.788301 
-3.68678 -0.237307 0.788634 
-3.68787 -0.236686 0.788759 
-3.69131 -0.235467 0.789058 
-3.69537 -0.235568 0.789217 
-3.69906 -0.235402 0.789323 
-3.7024 -0.235102 0.789358 
-3.70501 -0.233514 0.789424 
-3.70534 -0.233253 0.789431 
-3.70773 -0.231206 0.789393 
-3.70801 -0.230783 0.789382 
-3.70929 -0.22835 0.789244 
-3.7094 -0.228098 0.789223 
-3.70926 -0.22551 0.789063 
-3.70928 -0.223949 0.788873 
-3.70917 -0.222795 0.788706 
-3.70826 -0.220121 0.788306 
-3.70817 -0.219807 0.78824 
-3.70697 -0.217392 0.787761 
-3.70552 -0.215292 0.787309 
-3.70507 -0.214669 0.787152 
-3.70253 -0.211979 0.786541 
-3.70041 -0.209831 0.785916 
-3.69974 -0.209199 0.785714 
-3.69642 -0.206436 0.784847 
-3.69936 -0.210192 0.780849 
-3.69883 -0.209336 0.780099 
-3.69799 -0.208498 0.779275 
-3.70045 -0.210497 0.779193 
-3.70331 -0.213044 0.779596 
-3.70571 -0.215513 0.779829 
-3.70787 -0.218034 0.780114 
-3.70872 -0.219329 0.780021 
-3.70927 -0.220321 0.779914 
-3.71033 -0.222631 0.779693 
-3.71063 -0.224112 0.779345 
-3.71068 -0.224792 0.779156 
-3.71103 -0.227096 0.778866 
-3.71082 -0.229331 0.778378 
-3.71071 -0.231686 0.778119 
-3.71022 -0.234018 0.777792 
-3.71014 -0.234159 0.777739 
-3.70879 -0.236155 0.777013 
-3.70765 -0.238463 0.776575 
-3.70623 -0.240767 0.776107 
-3.70469 -0.243137 0.775714 
-3.7041 -0.244222 0.775648 
-3.7032 -0.245609 0.775521 
-3.70116 -0.248007 0.775149 
-3.70023 -0.249299 0.775114 
-3.69915 -0.250582 0.775053 
-3.69762 -0.252295 0.775025 
-3.69672 -0.253196 0.775004 
-3.69477 -0.254895 0.774909 
-3.69362 -0.255776 0.774836 
-3.6916 -0.257226 0.774749 
-3.68975 -0.258479 0.774795 
-3.68907 -0.258879 0.774775 
-3.68778 -0.259678 0.775141 
-3.68671 -0.26016 0.775578 
-3.6864 -0.260072 0.776224 
-3.68665 -0.259769 0.776617 
-3.68676 -0.259421 0.777063 
-3.68612 -0.25904 0.777662 
-3.68657 -0.258256 0.778234 
-3.68679 -0.257672 0.778627 
-3.68626 -0.25665 0.779305 
-3.68632 -0.256472 0.779401 
-3.68658 -0.254692 0.780242 
-3.68658 -0.254509 0.78032 
-3.68788 -0.252396 0.781122 
-3.68823 -0.250958 0.78161 
-3.68827 -0.250283 0.781815 
-3.68729 -0.248383 0.78232 
-3.68711 -0.248177 0.782367 
-3.6866 -0.245977 0.782847 
-3.68592 -0.245057 0.783002 
-3.68482 -0.243777 0.783181 
-3.68435 -0.2415 0.783513 
-3.6851 -0.239146 0.783863 
-3.68857 -0.236698 0.784309 
-3.68898 -0.236466 0.784354 
-3.69308 -0.235724 0.784588 
-3.69678 -0.235497 0.784696 
-3.70011 -0.235271 0.784727 
-3.70309 -0.234985 0.784682 
-3.70538 -0.233378 0.784681 
-3.70568 -0.233112 0.784673 
-3.7073 -0.230699 0.784612 
-3.70754 -0.23031 0.784587 
-3.70857 -0.227983 0.784382 
-3.70861 -0.227388 0.784336 
-3.7085 -0.22535 0.784154 
-3.70766 -0.222739 0.7839 
-3.70751 -0.222128 0.783801 
-3.7067 -0.220043 0.783454 
-3.70498 -0.217407 0.783023 
-3.70459 -0.216773 0.782882 
-3.70307 -0.214666 0.782384 
-3.70179 -0.212969 0.781868 
-3.70082 -0.211766 0.781443 
-3.69287 -0.207541 0.775573 
-3.69452 -0.208306 0.775163 
-3.69499 -0.208598 0.775082 
-3.69615 -0.209374 0.774725 
-3.69749 -0.210515 0.77438 
-3.70025 -0.213005 0.77467 
-3.70115 -0.213911 0.774726 
-3.70254 -0.215424 0.774807 
-3.70453 -0.217857 0.774923 
-3.70606 -0.219703 0.775319 
-3.70669 -0.220542 0.77549 
-3.70721 -0.221519 0.775422 
-3.70782 -0.222868 0.775303 
-3.70851 -0.225144 0.775002 
-3.70856 -0.226609 0.774603 
-3.70849 -0.227282 0.77439 
-3.70849 -0.229575 0.774022 
-3.70792 -0.231774 0.773461 
-3.70735 -0.234073 0.77307 
-3.70726 -0.234215 0.773019 
-3.70591 -0.236209 0.772295 
-3.70478 -0.238515 0.771861 
-3.70331 -0.240804 0.771363 
-3.7015 -0.243088 0.770807 
-3.7001 -0.245392 0.770602 
-3.7 -0.245545 0.770591 
-3.69764 -0.24782 0.769989 
-3.69568 -0.250366 0.769857 
-3.69538 -0.250774 0.769865 
-3.69346 -0.253004 0.769872 
-3.69308 -0.253395 0.769867 
-3.69057 -0.255622 0.769789 
-3.69027 -0.255861 0.769771 
-3.6873 -0.258007 0.769668 
-3.68693 -0.258249 0.769652 
-3.6841 -0.25994 0.769531 
-3.68275 -0.260747 0.76988 
-3.6819 -0.261122 0.770372 
-3.68159 -0.261048 0.771015 
-3.68126 -0.260777 0.77167 
-3.68191 -0.260127 0.772242 
-3.68232 -0.259574 0.772698 
-3.68193 -0.258833 0.773382 
-3.682 -0.258468 0.773631 
-3.68185 -0.257623 0.774172 
-3.68201 -0.256615 0.774701 
-3.68231 -0.25569 0.775132 
-3.68258 -0.254615 0.775589 
-3.68446 -0.252468 0.776385 
-3.68489 -0.251413 0.77674 
-3.68523 -0.250336 0.777079 
-3.68517 -0.248189 0.777662 
-3.68508 -0.247689 0.777787 
-3.68457 -0.245998 0.778152 
-3.68456 -0.243754 0.778582 
-3.68594 -0.241428 0.779022 
-3.68957 -0.239736 0.779394 
-3.69337 -0.23915 0.779552 
-3.69668 -0.239071 0.779562 
-3.69834 -0.23851 0.77961 
-3.69988 -0.237917 0.779637 
-3.7027 -0.236564 0.779636 
-3.70356 -0.235715 0.779661 
-3.70509 -0.233577 0.779683 
-3.70537 -0.233106 0.779675 
-3.70647 -0.230465 0.779585 
-3.70657 -0.230164 0.779561 
-3.70691 -0.22782 0.779391 
-3.70691 -0.226277 0.77923 
-3.70684 -0.225139 0.779076 
-3.70581 -0.222544 0.778825 
-3.70436 -0.219947 0.778497 
-3.70427 -0.219783 0.778468 
-3.70264 -0.217285 0.778023 
-3.70028 -0.214699 0.777602 
-3.69789 -0.212152 0.776998 
-3.69773 -0.211984 0.776953 
-3.69473 -0.209288 0.776252 
-3.68936 -0.207544 0.770738 
-3.69024 -0.207742 0.770207 
-3.69145 -0.208494 0.769994 
-3.69218 -0.209008 0.769821 
-3.69298 -0.209735 0.76923 
-3.69361 -0.210329 0.769116 
-3.69629 -0.212796 0.769366 
-3.69899 -0.215413 0.769885 
-3.70061 -0.217128 0.770269 
-3.70146 -0.21809 0.770475 
-3.70338 -0.220662 0.77082 
-3.70465 -0.223054 0.77076 
-3.7048 -0.223542 0.770648 
-3.70516 -0.225222 0.770259 
-3.70556 -0.22752 0.769969 
-3.70552 -0.228761 0.769684 
-3.70536 -0.229722 0.769431 
-3.70508 -0.232008 0.769049 
-3.70435 -0.234246 0.76854 
-3.70323 -0.236469 0.767948 
-3.70212 -0.238781 0.767528 
-3.70066 -0.24107 0.767035 
-3.69892 -0.243376 0.766523 
-3.69759 -0.245924 0.766478 
-3.69715 -0.246681 0.766479 
-3.69583 -0.24847 0.766383 
-3.69451 -0.250111 0.766341 
-3.69366 -0.251076 0.766331 
-3.69194 -0.25279 0.766283 
-3.69092 -0.253679 0.766236 
-3.68887 -0.255273 0.766132 
-3.68745 -0.256282 0.766073 
-3.68583 -0.257329 0.766019 
-3.68301 -0.258938 0.76591 
-3.68253 -0.259184 0.765871 
-3.68014 -0.260318 0.765968 
-3.67761 -0.261295 0.766049 
-3.67576 -0.261749 0.766319 
-3.67474 -0.261623 0.766812 
-3.67354 -0.261376 0.767277 
-3.67339 -0.260673 0.76783 
-3.67329 -0.260428 0.768006 
-3.672 -0.259758 0.768484 
-3.67198 -0.258924 0.768923 
-3.67181 -0.258187 0.769274 
-3.672 -0.256961 0.769803 
-3.67266 -0.25549 0.770378 
-3.67274 -0.254897 0.770591 
-3.67485 -0.252727 0.771362 
-3.67636 -0.250548 0.772042 
-3.67724 -0.248349 0.772626 
-3.67724 -0.248202 0.772661 
-3.67725 -0.246124 0.773105 
-3.67886 -0.24383 0.773612 
-3.681 -0.242627 0.773917 
-3.68538 -0.241786 0.774218 
-3.68745 -0.241255 0.774352 
-3.68944 -0.24068 0.774473 
-3.69288 -0.24017 0.774545 
-3.6959 -0.239815 0.774516 
-3.69873 -0.238954 0.774479 
-3.69992 -0.238077 0.774507 
-3.70138 -0.236992 0.774498 
-3.70316 -0.235326 0.774428 
-3.7035 -0.234848 0.774416 
-3.70443 -0.232712 0.774376 
-3.70477 -0.230528 0.774322 
-3.70482 -0.230127 0.774298 
-3.70421 -0.227675 0.77432 
-3.70334 -0.225176 0.77423 
-3.70238 -0.222563 0.773955 
-3.70177 -0.221096 0.773725 
-3.70118 -0.219879 0.773508 
-3.69934 -0.217249 0.773074 
-3.69802 -0.215472 0.772664 
-3.69724 -0.214515 0.772425 
-3.69453 -0.211843 0.771834 
-3.69139 -0.209226 0.771254 
-3.67379 -0.201668 0.765217 
-3.67427 -0.201141 0.764661 
-3.67443 -0.200621 0.764037 
-3.67576 -0.201251 0.76407 
-3.67909 -0.202975 0.764142 
-3.68001 -0.203487 0.764142 
-3.6839 -0.206009 0.764637 
-3.68739 -0.208475 0.765007 
-3.6905 -0.210924 0.765295 
-3.69333 -0.213447 0.765651 
-3.69348 -0.213589 0.765649 
-3.69559 -0.215786 0.765646 
-3.69766 -0.218242 0.765811 
-3.69919 -0.220575 0.765712 
-3.70056 -0.223024 0.765763 
-3.70156 -0.225439 0.765736 
-3.70159 -0.225575 0.765711 
-3.70188 -0.22767 0.765328 
-3.70223 -0.230092 0.765222 
-3.70209 -0.232419 0.764922 
-3.70139 -0.234639 0.764388 
-3.70051 -0.236933 0.76394 
-3.69948 -0.239276 0.763582 
-3.6984 -0.241738 0.763415 
-3.6973 -0.243885 0.763341 
-3.69707 -0.244276 0.76333 
-3.6952 -0.246709 0.763038 
-3.69331 -0.248805 0.762805 
-3.69295 -0.249173 0.76276 
-3.69025 -0.251694 0.762519 
-3.6898 -0.25209 0.762493 
-3.68697 -0.254258 0.762311 
-3.68642 -0.254637 0.76227 
-3.68293 -0.256795 0.76199 
-3.68252 -0.257026 0.761951 
-3.67942 -0.258612 0.761864 
-3.67762 -0.259441 0.761733 
-3.67532 -0.260418 0.761546 
-3.67288 -0.261159 0.761668 
-3.67154 -0.261181 0.762076 
-3.67088 -0.260656 0.76268 
-3.671 -0.26048 0.762799 
-3.67111 -0.259412 0.763533 
-3.6711 -0.25869 0.76396 
-3.6714 -0.257791 0.764425 
-3.67201 -0.256725 0.764918 
-3.67266 -0.255051 0.765616 
-3.67268 -0.254697 0.765751 
-3.67337 -0.252597 0.766492 
-3.6739 -0.251389 0.76688 
-3.67414 -0.250452 0.767152 
-3.67577 -0.248234 0.767779 
-3.67754 -0.245962 0.768351 
-3.67964 -0.244927 0.768631 
-3.68307 -0.243509 0.768975 
-3.68436 -0.242987 0.769092 
-3.68785 -0.242481 0.769174 
-3.69087 -0.242177 0.769139 
-3.69379 -0.241313 0.769123 
-3.69494 -0.240428 0.769198 
-3.69689 -0.238806 0.769282 
-3.6979 -0.237797 0.769308 
-3.69932 -0.236072 0.769314 
-3.69999 -0.235153 0.769283 
-3.70038 -0.232695 0.769399 
-3.70076 -0.23075 0.769336 
-3.70083 -0.230097 0.769306 
-3.70062 -0.227542 0.769192 
-3.69986 -0.225005 0.769047 
-3.69929 -0.223496 0.7689 
-3.69879 -0.222405 0.768776 
-3.69691 -0.219956 0.768656 
-3.69638 -0.219338 0.768615 
-3.69466 -0.217489 0.768461 
-3.69211 -0.214987 0.768161 
-3.68918 -0.212456 0.767785 
-3.68592 -0.209919 0.767338 
-3.68229 -0.207368 0.766813 
-3.67829 -0.204788 0.76621 
-3.67426 -0.202118 0.765413 
-3.68437 -0.210286 0.761302 
-3.68368 -0.2093 0.760538 
-3.68598 -0.211019 0.760467 
-3.68781 -0.212586 0.760453 
-3.68858 -0.213314 0.760409 
-3.69091 -0.215719 0.760528 
-3.69285 -0.218095 0.76055 
-3.6937 -0.219386 0.760452 
-3.69425 -0.220373 0.760347 
-3.69548 -0.222756 0.760275 
-3.69645 -0.225154 0.760221 
-3.69677 -0.227416 0.759872 
-3.69703 -0.229796 0.759689 
-3.69701 -0.232173 0.759491 
-3.69662 -0.234528 0.759222 
-3.69594 -0.236899 0.758926 
-3.69505 -0.239299 0.758683 
-3.69412 -0.241847 0.758676 
-3.69403 -0.24211 0.758703 
-3.69293 -0.244545 0.758873 
-3.69269 -0.244956 0.758889 
-3.69108 -0.247205 0.758953 
-3.69073 -0.247613 0.758959 
-3.68851 -0.249823 0.758902 
-3.68807 -0.250209 0.758884 
-3.68517 -0.252422 0.758727 
-3.68483 -0.252659 0.758704 
-3.68137 -0.254771 0.758497 
-3.68096 -0.255 0.758459 
-3.67684 -0.257112 0.758052 
-3.67585 -0.257525 0.758021 
-3.67351 -0.258414 0.757939 
-3.67125 -0.258897 0.758117 
-3.67123 -0.258202 0.758689 
-3.67119 -0.257948 0.758876 
-3.67203 -0.256332 0.759783 
-3.67223 -0.255979 0.759957 
-3.67321 -0.254329 0.760702 
-3.674 -0.252859 0.761286 
-3.67415 -0.252257 0.76151 
-3.67617 -0.250076 0.762227 
-3.67922 -0.247789 0.762871 
-3.67971 -0.247551 0.76293 
-3.68376 -0.246022 0.76321 
-3.68546 -0.245192 0.76334 
-3.68758 -0.244107 0.763473 
-3.69011 -0.242575 0.76361 
-3.691 -0.241834 0.763682 
-3.69259 -0.240077 0.763862 
-3.69428 -0.237984 0.763985 
-3.69463 -0.237518 0.763995 
-3.69563 -0.235041 0.764133 
-3.69574 -0.232641 0.764313 
-3.69604 -0.230253 0.764273 
-3.69604 -0.230083 0.764267 
-3.69575 -0.227556 0.76419 
-3.69502 -0.22502 0.764048 
-3.6938 -0.222482 0.763868 
-3.69328 -0.221332 0.763706 
-3.69248 -0.219843 0.763477 
-3.69058 -0.217245 0.763091 
-3.68903 -0.21513 0.762601 
-3.68853 -0.214507 0.762441 
-3.68588 -0.211808 0.761806 
-3.68262 -0.213155 0.75663 
-3.68276 -0.212822 0.755991 
-3.68368 -0.213568 0.75582 
-3.68527 -0.215116 0.755639 
-3.68585 -0.215761 0.755567 
-3.68783 -0.218145 0.755607 
-3.68941 -0.220499 0.755553 
-3.69005 -0.221777 0.755412 
-3.69045 -0.222767 0.755275 
-3.69132 -0.225114 0.75513 
-3.69192 -0.227489 0.755001 
-3.69189 -0.229738 0.754578 
-3.69179 -0.23208 0.754321 
-3.6914 -0.234432 0.754054 
-3.69072 -0.2368 0.753757 
-3.68983 -0.239197 0.753512 
-3.6889 -0.241741 0.753506 
-3.68882 -0.242004 0.75353 
-3.68774 -0.244458 0.753737 
-3.6876 -0.244708 0.753754 
-3.68663 -0.246438 0.754105 
-3.68589 -0.247345 0.754196 
-3.68486 -0.24841 0.754269 
-3.68391 -0.24923 0.754697 
-3.68224 -0.25041 0.754774 
-3.6816 -0.250823 0.754781 
-3.67989 -0.251578 0.755054 
-3.67816 -0.252029 0.755353 
-3.67635 -0.252251 0.755647 
-3.67491 -0.251877 0.756071 
-3.67496 -0.251686 0.756156 
-3.67749 -0.249477 0.756871 
-3.67793 -0.249249 0.756918 
-3.68194 -0.246988 0.757318 
-3.68233 -0.246733 0.757357 
-3.68549 -0.24447 0.757651 
-3.68635 -0.243686 0.757752 
-3.688 -0.241998 0.757946 
-3.68935 -0.239637 0.758303 
-3.69066 -0.237315 0.758474 
-3.69074 -0.237149 0.758484 
-3.69135 -0.234735 0.758685 
-3.69178 -0.232248 0.758744 
-3.69156 -0.229801 0.758827 
-3.69081 -0.227393 0.758895 
-3.69028 -0.224963 0.758689 
-3.69024 -0.224802 0.758671 
-3.68899 -0.222267 0.75849 
-3.6875 -0.219673 0.758158 
-3.68557 -0.217082 0.757778 
-3.68502 -0.216276 0.757581 
-3.68352 -0.214288 0.757032 
-3.67757 -0.213266 0.750802 
-3.67795 -0.213582 0.75075 
-3.68023 -0.215805 0.750559 
-3.68073 -0.216373 0.750521 
-3.68207 -0.218059 0.750373 
-3.6838 -0.22051 0.750503 
-3.68496 -0.222814 0.7503 
-3.6859 -0.225191 0.750216 
-3.68593 -0.225327 0.75019 
-3.6862 -0.227404 0.749792 
-3.68655 -0.229813 0.749677 
-3.68627 -0.232068 0.749264 
-3.68567 -0.234325 0.748823 
-3.68493 -0.236667 0.748486 
-3.68425 -0.239157 0.748421 
-3.68401 -0.240426 0.748574 
-3.68371 -0.241985 0.748918 
-3.68357 -0.242422 0.749019 
-3.68355 -0.243238 0.749634 
-3.68367 -0.243369 0.750342 
-3.68394 -0.242994 0.75059 
-3.68504 -0.240986 0.751492 
-3.6851 -0.240856 0.751539 
-3.68583 -0.238838 0.752142 
-3.68663 -0.23647 0.752453 
-3.68702 -0.234116 0.752726 
-3.68705 -0.231739 0.752921 
-3.68671 -0.229329 0.753045 
-3.68602 -0.22691 0.753096 
-3.68494 -0.224488 0.753101 
-3.6839 -0.222042 0.752806 
-3.68382 -0.221867 0.752782 
-3.68213 -0.21934 0.752535 
-3.68021 -0.216701 0.752074 
-3.67916 -0.215278 0.751663 
-3.67798 -0.21374 0.75102 
