-2.98422 -0.178917 0.663049 
-2.98589 -0.179669 0.66304 
-2.98705 -0.181184 0.663083 
-2.98765 -0.182717 0.663089 
-2.98773 -0.184272 0.663057 
-2.98713 -0.185842 0.662986 
-2.98658 -0.186477 0.66295 
-2.98541 -0.187455 0.662865 
-2.98457 -0.187988 0.662799 
-2.98243 -0.188584 0.662697 
-2.98017 -0.188742 0.662603 
-2.9781 -0.187798 0.662631 
-2.97802 -0.187748 0.662632 
-2.97635 -0.186367 0.66267 
-2.97688 -0.184859 0.662834 
-2.97813 -0.18402 0.662972 
-2.97944 -0.183258 0.663084 
-2.98031 -0.182728 0.663144 
-2.98213 -0.181636 0.663218 
-2.98218 -0.181585 0.663217 
-2.98326 -0.180056 0.663172 
-2.9834 -0.179904 0.663161 
-2.99008 -0.181497 0.661963 
-2.99179 -0.181423 0.661919 
-2.99313 -0.181229 0.661807 
-2.99378 -0.181648 0.661768 
-2.99497 -0.182779 0.661654 
-2.99519 -0.183042 0.661619 
-2.99578 -0.18451 0.661488 
-2.99553 -0.186073 0.661439 
-2.99537 -0.186353 0.661442 
-2.9943 -0.18772 0.661424 
-2.99395 -0.188067 0.66141 
-2.99233 -0.188875 0.66141 
-2.9905 -0.189385 0.661387 
-2.989 -0.189608 0.661354 
-2.98846 -0.18968 0.661335 
-2.98831 -0.189644 0.66134 
-2.98642 -0.18933 0.661337 
-2.98435 -0.188339 0.661373 
-2.98462 -0.186857 0.661559 
-2.98576 -0.185323 0.661755 
-2.98686 -0.184167 0.661874 
-2.98729 -0.183731 0.661908 
-2.98861 -0.182614 0.66197 
-2.98941 -0.182059 0.661977 
-2.99593 -0.18206 0.660596 
-2.99715 -0.181139 0.660513 
-2.99851 -0.180968 0.660399 
-3.00019 -0.182049 0.660293 
-3.00035 -0.182174 0.660277 
-3.00164 -0.183238 0.660041 
-3.00174 -0.183361 0.660012 
-3.0023 -0.184797 0.659818 
-3.00202 -0.186347 0.659862 
-3.00199 -0.186422 0.659863 
-3.00096 -0.18805 0.659916 
-3.00092 -0.188101 0.659917 
-2.99932 -0.189699 0.659839 
-2.99795 -0.189853 0.659951 
-2.99648 -0.189524 0.660085 
-2.99484 -0.18872 0.660217 
-2.9948 -0.188678 0.660222 
-2.9934 -0.187267 0.660354 
-2.99396 -0.185739 0.660501 
-2.99486 -0.184366 0.660591 
-2.99498 -0.184145 0.660602 
-2.9956 -0.182534 0.66061 
-2.99937 -0.177859 0.658646 
-3.00084 -0.177793 0.658547 
-3.00113 -0.177922 0.658552 
-3.003 -0.178732 0.658519 
-3.00408 -0.179241 0.658445 
-3.00486 -0.179815 0.65841 
-3.00575 -0.180678 0.65838 
-3.00682 -0.182162 0.658338 
-3.00746 -0.183688 0.658317 
-3.00777 -0.185221 0.658258 
-3.00773 -0.186759 0.658177 
-3.0074 -0.188275 0.658026 
-3.00662 -0.189835 0.657889 
-3.00637 -0.190194 0.657862 
-3.00538 -0.191401 0.657722 
-3.00396 -0.192687 0.657545 
-3.00358 -0.192971 0.657505 
-3.00138 -0.194512 0.657178 
-3.00095 -0.194752 0.657126 
-2.99815 -0.19604 0.656822 
-2.99649 -0.196167 0.656871 
-2.99659 -0.194918 0.65735 
-2.99661 -0.194557 0.65747 
-2.99648 -0.193572 0.657754 
-2.99705 -0.192164 0.658111 
-2.99791 -0.190713 0.65843 
-2.99885 -0.18922 0.658697 
-2.99978 -0.187702 0.658907 
-3.00051 -0.187029 0.65899 
-3.00136 -0.186111 0.659069 
-3.00184 -0.184529 0.659132 
-3.00184 -0.183745 0.659137 
-3.00177 -0.182949 0.659122 
-3.00067 -0.181405 0.659056 
-2.99948 -0.179822 0.658924 
-2.99929 -0.178128 0.658694 
-3.00415 -0.178204 0.657041 
-3.00525 -0.177792 0.65689 
-3.00661 -0.177874 0.656753 
-3.00721 -0.178149 0.656737 
-3.00848 -0.178764 0.656659 
-3.00958 -0.179475 0.65657 
-3.0102 -0.17998 0.656506 
-3.01107 -0.180864 0.656397 
-3.01179 -0.181861 0.656269 
-3.01203 -0.182266 0.656197 
-3.01261 -0.1837 0.656008 
-3.01289 -0.185187 0.655859 
-3.01291 -0.186696 0.655735 
-3.01264 -0.188191 0.655551 
-3.01213 -0.189772 0.655474 
-3.01171 -0.190658 0.655498 
-3.01123 -0.191419 0.655481 
-3.01014 -0.192743 0.655402 
-3.00986 -0.193032 0.65538 
-3.00802 -0.194615 0.655163 
-3.00781 -0.194763 0.655143 
-3.00639 -0.19548 0.655198 
-3.00475 -0.196088 0.655212 
-3.00314 -0.196419 0.655256 
-3.00195 -0.196176 0.655447 
-3.00155 -0.195376 0.655756 
-3.0016 -0.194903 0.65591 
-3.00173 -0.194016 0.656171 
-3.00224 -0.192609 0.656529 
-3.00448 -0.191151 0.656878 
-3.00458 -0.191087 0.656892 
-3.00527 -0.1896 0.657148 
-3.00542 -0.188116 0.657333 
-3.00536 -0.187996 0.657346 
-3.00471 -0.186641 0.657441 
-3.00432 -0.18511 0.657499 
-3.00368 -0.183568 0.657496 
-3.00278 -0.182008 0.657428 
-3.00213 -0.180396 0.657313 
-3.00221 -0.180239 0.657301 
-3.00321 -0.179074 0.657192 
-3.00379 -0.178596 0.657118 
-2.99894 -0.175911 0.654727 
-2.99989 -0.174882 0.654592 
-3.00138 -0.174439 0.65453 
-3.00353 -0.174619 0.654562 
-3.00556 -0.174916 0.654556 
-3.00706 -0.175453 0.654608 
-3.00821 -0.175899 0.65463 
-3.0102 -0.176656 0.654573 
-3.01044 -0.176787 0.654574 
-3.01241 -0.17797 0.654518 
-3.0127 -0.178174 0.654499 
-3.01433 -0.179611 0.654436 
-3.01465 -0.179943 0.654417 
-3.01554 -0.181063 0.654336 
-3.01627 -0.182307 0.65414 
-3.01633 -0.182459 0.654101 
-3.01682 -0.183908 0.653922 
-3.01698 -0.185345 0.653672 
-3.01696 -0.186838 0.653514 
-3.0167 -0.188332 0.653324 
-3.01612 -0.189814 0.653071 
-3.01526 -0.191271 0.652755 
-3.01415 -0.192726 0.652411 
-3.01285 -0.194251 0.652152 
-3.01168 -0.195451 0.651993 
-3.01129 -0.195816 0.651947 
-3.00996 -0.196985 0.651912 
-3.00918 -0.197588 0.652117 
-3.00908 -0.197646 0.652121 
-3.00784 -0.198309 0.65219 
-3.0069 -0.198592 0.652389 
-3.00587 -0.19873 0.65258 
-3.00489 -0.198638 0.652803 
-3.00454 -0.198427 0.65296 
-3.00408 -0.198225 0.653093 
-3.00189 -0.19848 0.653014 
-2.99977 -0.19849 0.652972 
-2.99806 -0.198009 0.653063 
-2.99731 -0.197436 0.653194 
-2.99666 -0.197009 0.653271 
-2.99452 -0.196231 0.653292 
-2.99436 -0.196104 0.653308 
-2.99383 -0.194697 0.653561 
-2.99325 -0.194051 0.653628 
-2.99245 -0.193273 0.653681 
-2.99394 -0.191822 0.654064 
-2.99502 -0.191083 0.654279 
-2.99595 -0.190339 0.654469 
-2.99604 -0.188851 0.65464 
-2.99603 -0.187345 0.654765 
-2.99642 -0.185808 0.654897 
-2.99735 -0.184252 0.655044 
-2.99767 -0.183567 0.655086 
-2.99799 -0.182674 0.655119 
-2.99763 -0.181078 0.655062 
-2.99796 -0.179829 0.655039 
-2.99803 -0.179451 0.655022 
-2.99827 -0.177793 0.654913 
-2.99839 -0.177541 0.654896 
-2.99894 -0.176079 0.654752 
-3.00214 -0.174157 0.65251 
-3.0041 -0.174034 0.652526 
-3.00573 -0.173859 0.652468 
-3.00731 -0.173829 0.652389 
-3.0084 -0.174211 0.652447 
-3.01022 -0.174872 0.652514 
-3.01203 -0.175403 0.652438 
-3.0123 -0.175535 0.652444 
-3.01478 -0.176994 0.652517 
-3.01499 -0.177123 0.652511 
-3.01678 -0.178394 0.65243 
-3.01717 -0.17873 0.652424 
-3.01828 -0.179843 0.652368 
-3.01943 -0.181339 0.65233 
-3.01963 -0.181656 0.652282 
-3.02016 -0.182745 0.652103 
-3.02061 -0.184194 0.651918 
-3.02094 -0.185743 0.651875 
-3.02089 -0.186445 0.651719 
-3.02075 -0.187146 0.651538 
-3.02035 -0.188585 0.65124 
-3.01978 -0.19007 0.650987 
-3.01894 -0.191533 0.650683 
-3.0179 -0.193022 0.650401 
-3.01741 -0.193708 0.650323 
-3.01668 -0.194575 0.650195 
-3.01517 -0.196149 0.650009 
-3.01502 -0.196301 0.650003 
-3.01394 -0.19736 0.650107 
-3.01319 -0.197911 0.65009 
-3.01218 -0.198559 0.650045 
-3.01105 -0.199139 0.650175 
-3.00979 -0.199588 0.650291 
-3.00856 -0.199843 0.650426 
-3.00717 -0.199996 0.650538 
-3.00609 -0.19979 0.650749 
-3.0047 -0.19957 0.650891 
-3.00248 -0.199643 0.650822 
-3.00146 -0.199164 0.650962 
-3.00113 -0.198977 0.65101 
-2.99968 -0.198074 0.651202 
-2.99951 -0.197868 0.651246 
-2.99833 -0.196719 0.651448 
-2.99808 -0.196507 0.651476 
-2.99647 -0.19524 0.651595 
-2.99625 -0.195102 0.651599 
-2.99603 -0.193672 0.651837 
-2.99568 -0.19222 0.652021 
-2.99601 -0.190742 0.65225 
-2.99583 -0.189253 0.652389 
-2.99572 -0.189161 0.652386 
-2.99415 -0.187744 0.652328 
-2.99459 -0.186214 0.652478 
-2.99516 -0.185544 0.652572 
-2.99574 -0.184671 0.65267 
-2.99591 -0.183109 0.65272 
-2.99608 -0.181518 0.652733 
-2.99631 -0.18137 0.652754 
-2.99807 -0.179895 0.652882 
-2.99822 -0.179743 0.652891 
-2.99946 -0.178236 0.652902 
-2.99956 -0.178081 0.652897 
-3.00059 -0.176576 0.652821 
-3.00062 -0.176531 0.652819 
-3.00143 -0.175278 0.652688 
-3.00188 -0.174745 0.652617 
-3.00264 -0.174175 0.650405 
-3.00401 -0.173532 0.650331 
-3.00615 -0.173511 0.650377 
-3.00834 -0.173685 0.650414 
-3.01022 -0.173834 0.650384 
-3.01247 -0.17445 0.650421 
-3.0126 -0.174492 0.650423 
-3.01548 -0.175742 0.650517 
-3.01576 -0.175882 0.650523 
-3.01787 -0.176989 0.650505 
-3.01834 -0.17727 0.650486 
-3.01987 -0.178339 0.6504 
-3.02027 -0.178658 0.650362 
-3.02169 -0.180101 0.650279 
-3.02196 -0.180431 0.650245 
-3.02272 -0.181533 0.650115 
-3.02351 -0.183026 0.65004 
-3.02376 -0.183834 0.649917 
-3.02388 -0.184452 0.649802 
-3.02408 -0.185942 0.649642 
-3.02405 -0.187431 0.649467 
-3.0235 -0.188821 0.649066 
-3.02293 -0.190303 0.648807 
-3.02207 -0.191762 0.648491 
-3.02091 -0.193202 0.648112 
-3.01961 -0.194688 0.647782 
-3.01805 -0.196166 0.64743 
-3.01729 -0.196971 0.647359 
-3.01642 -0.197761 0.647264 
-3.01521 -0.19877 0.647175 
-3.01485 -0.199279 0.647482 
-3.0143 -0.199659 0.647546 
-3.01369 -0.200028 0.647592 
-3.01284 -0.200419 0.647803 
-3.01234 -0.200454 0.648123 
-3.01235 -0.200265 0.648356 
-3.01224 -0.200086 0.648564 
-3.01123 -0.200031 0.648775 
-3.01012 -0.199831 0.648981 
-3.00818 -0.199923 0.648974 
-3.00695 -0.199474 0.649146 
-3.00687 -0.199437 0.649159 
-3.0051 -0.198998 0.649236 
-3.00462 -0.198212 0.649452 
-3.00426 -0.197584 0.649604 
-3.0038 -0.196855 0.649756 
-3.00395 -0.195446 0.650089 
-3.00378 -0.195092 0.650146 
-3.00329 -0.194026 0.650301 
-3.00389 -0.192573 0.650593 
-3.00333 -0.191098 0.650739 
-3.00357 -0.189606 0.650923 
-3.00291 -0.188853 0.650927 
-3.00211 -0.188102 0.650902 
-3.00179 -0.186567 0.650965 
-3.00229 -0.185797 0.651051 
-3.00264 -0.185014 0.651115 
-3.00156 -0.183453 0.651034 
-3.00059 -0.181865 0.650926 
-3.00132 -0.180249 0.650949 
-3.00151 -0.179955 0.650953 
-3.00197 -0.178603 0.650909 
-3.0021 -0.177706 0.650846 
-3.00224 -0.176928 0.650777 
-3.00234 -0.17573 0.650637 
-3.00239 -0.175207 0.650564 
-3.00901 -0.17677 0.648939 
-3.01091 -0.176403 0.648958 
-3.01264 -0.176112 0.648932 
-3.01353 -0.17543 0.648756 
-3.01478 -0.175179 0.64862 
-3.016 -0.175097 0.648467 
-3.01759 -0.175446 0.648355 
-3.01896 -0.175852 0.648187 
-3.01921 -0.175991 0.648191 
-3.02117 -0.177175 0.648128 
-3.02146 -0.177381 0.648112 
-3.023 -0.178638 0.647971 
-3.02313 -0.178763 0.647949 
-3.0245 -0.180267 0.647959 
-3.02555 -0.181757 0.647892 
-3.0257 -0.182072 0.647835 
-3.02609 -0.183154 0.647624 
-3.02642 -0.184594 0.647407 
-3.02641 -0.18494 0.647312 
-3.02628 -0.185978 0.647023 
-3.02628 -0.187488 0.646888 
-3.02595 -0.188967 0.646661 
-3.025 -0.190339 0.646172 
-3.02407 -0.191779 0.645816 
-3.02318 -0.193297 0.645598 
-3.02197 -0.194801 0.645309 
-3.02041 -0.196263 0.644925 
-3.01974 -0.19693 0.64481 
-3.01875 -0.197781 0.644628 
-3.0168 -0.199318 0.64432 
-3.0165 -0.19957 0.644301 
-3.01505 -0.200774 0.644308 
-3.0147 -0.201044 0.644328 
-3.01372 -0.201699 0.644367 
-3.01338 -0.201992 0.644695 
-3.01344 -0.201939 0.645145 
-3.0138 -0.20173 0.645377 
-3.01435 -0.201299 0.645833 
-3.01451 -0.200817 0.646341 
-3.01463 -0.200708 0.646415 
-3.01537 -0.199682 0.647059 
-3.01546 -0.1995 0.647159 
-3.01586 -0.19836 0.647716 
-3.01587 -0.198243 0.647766 
-3.01667 -0.196899 0.648271 
-3.01683 -0.195971 0.648569 
-3.01682 -0.195538 0.648692 
-3.01696 -0.194142 0.649039 
-3.01708 -0.192711 0.649326 
-3.01704 -0.192645 0.649335 
-3.01614 -0.191275 0.649505 
-3.01524 -0.19025 0.649577 
-3.01469 -0.189826 0.649588 
-3.01284 -0.188351 0.649585 
-3.01237 -0.188086 0.649565 
-3.01011 -0.186852 0.64945 
-3.00874 -0.186241 0.649355 
-3.00633 -0.185338 0.649159 
-3.00412 -0.183783 0.648967 
-3.00395 -0.183695 0.648948 
-3.00127 -0.182204 0.648668 
-3.00171 -0.18097 0.648688 
-3.00192 -0.180596 0.648698 
-3.0037 -0.17956 0.648818 
-3.00517 -0.178921 0.648905 
-3.00573 -0.178569 0.648924 
-3.00782 -0.177882 0.649012 
-3.0087 -0.177145 0.648975 
-3.01946 -0.176048 0.646487 
-3.0207 -0.176167 0.646316 
-3.02137 -0.176447 0.6463 
-3.02258 -0.176983 0.646226 
-3.02378 -0.177559 0.646009 
-3.02397 -0.177686 0.645997 
-3.02541 -0.178841 0.645821 
-3.02562 -0.179041 0.645783 
-3.02685 -0.18046 0.645628 
-3.02701 -0.180705 0.645578 
-3.02762 -0.181853 0.645367 
-3.02797 -0.182843 0.645174 
-3.02802 -0.183238 0.645061 
-3.02839 -0.184712 0.644902 
-3.02833 -0.18614 0.644603 
-3.02821 -0.187616 0.644393 
-3.02817 -0.187699 0.644363 
-3.02741 -0.188973 0.64391 
-3.02689 -0.190471 0.643681 
-3.02603 -0.191932 0.643366 
-3.02487 -0.193373 0.642989 
-3.02362 -0.194858 0.642663 
-3.02314 -0.195536 0.642585 
-3.02239 -0.196403 0.642455 
-3.02064 -0.197872 0.642063 
-3.01863 -0.199354 0.641659 
-3.01843 -0.199535 0.641641 
-3.01655 -0.200909 0.641384 
-3.0157 -0.201515 0.641299 
-3.01468 -0.202407 0.641428 
-3.01429 -0.202682 0.641452 
-3.01331 -0.203276 0.641483 
-3.01347 -0.203353 0.641939 
-3.01392 -0.203181 0.64224 
-3.01436 -0.202968 0.642596 
-3.01446 -0.202756 0.643068 
-3.01512 -0.202274 0.643501 
-3.0155 -0.201914 0.643799 
-3.01562 -0.201282 0.644311 
-3.01571 -0.201171 0.644381 
-3.01628 -0.200057 0.644995 
-3.01633 -0.199935 0.645057 
-3.01743 -0.198611 0.645622 
-3.01778 -0.197702 0.645961 
-3.01786 -0.197276 0.646102 
-3.0183 -0.195891 0.646516 
-3.01871 -0.194477 0.646867 
-3.0187 -0.194398 0.646882 
-3.01833 -0.193059 0.647121 
-3.01789 -0.191601 0.64732 
-3.01758 -0.191344 0.647334 
-3.01616 -0.190152 0.647377 
-3.01493 -0.189106 0.64738 
-3.01427 -0.188672 0.647361 
-3.01248 -0.187154 0.647302 
-3.01119 -0.186462 0.647219 
-3.00954 -0.185631 0.647092 
-3.00771 -0.184073 0.646941 
-3.00692 -0.18248 0.646854 
-3.00812 -0.181758 0.646949 
-3.01063 -0.18105 0.647134 
-3.01114 -0.180796 0.64716 
-3.01256 -0.180073 0.647209 
-3.01468 -0.179597 0.647288 
-3.01637 -0.178984 0.647279 
-3.01643 -0.178928 0.647274 
-3.01734 -0.178043 0.647143 
-3.01835 -0.177374 0.646989 
-3.01935 -0.176931 0.646817 
-3.01936 -0.17687 0.646798 
-3.02192 -0.176624 0.644317 
-3.02272 -0.17643 0.644076 
-3.02345 -0.176687 0.644026 
-3.02424 -0.17697 0.643929 
-3.02569 -0.177731 0.643753 
-3.02599 -0.17793 0.643721 
-3.02714 -0.178825 0.64354 
-3.02759 -0.179263 0.643462 
-3.02864 -0.180505 0.643293 
-3.02875 -0.18066 0.643261 
-3.02958 -0.182091 0.643065 
-3.02977 -0.182717 0.642915 
-3.02989 -0.183454 0.642713 
-3.03024 -0.184925 0.642544 
-3.03022 -0.18637 0.642275 
-3.03019 -0.186454 0.642249 
-3.02974 -0.187753 0.64187 
-3.02945 -0.189248 0.641671 
-3.02888 -0.190736 0.641419 
-3.02802 -0.192197 0.641103 
-3.02686 -0.193639 0.640726 
-3.02541 -0.195069 0.640285 
-3.02367 -0.196474 0.639793 
-3.02224 -0.197898 0.639522 
-3.02214 -0.197992 0.639507 
-3.02014 -0.19946 0.639078 
-3.01793 -0.200938 0.638661 
-3.01729 -0.201389 0.638572 
-3.01554 -0.202452 0.638289 
-3.0138 -0.203464 0.638059 
-3.01287 -0.204025 0.637985 
-3.01152 -0.204751 0.637877 
-3.01047 -0.205414 0.638019 
-3.01064 -0.20551 0.638474 
-3.0117 -0.205146 0.639166 
-3.01219 -0.204939 0.639426 
-3.01298 -0.204533 0.639927 
-3.01344 -0.204065 0.640498 
-3.0136 -0.203959 0.640584 
-3.01483 -0.202975 0.641328 
-3.01501 -0.202799 0.641447 
-3.01582 -0.201765 0.642081 
-3.01591 -0.201589 0.642178 
-3.01685 -0.200301 0.642801 
-3.01702 -0.200007 0.642928 
-3.01754 -0.198982 0.643334 
-3.0184 -0.197615 0.643805 
-3.0184 -0.197302 0.643897 
-3.01832 -0.196238 0.644175 
-3.01847 -0.194825 0.644499 
-3.01831 -0.194507 0.644554 
-3.01762 -0.193405 0.644703 
-3.01709 -0.19194 0.644878 
-3.01674 -0.191611 0.644894 
-3.01547 -0.190473 0.64492 
-3.01442 -0.188971 0.644959 
-3.01354 -0.187437 0.644976 
-3.01339 -0.187287 0.64497 
-3.012 -0.185897 0.644891 
-3.01247 -0.185183 0.644949 
-3.01299 -0.184307 0.645001 
-3.0144 -0.183315 0.645105 
-3.01587 -0.182635 0.645191 
-3.01648 -0.182284 0.645219 
-3.01838 -0.181475 0.645273 
-3.02015 -0.180868 0.645284 
-3.02019 -0.180814 0.64528 
-3.02109 -0.179769 0.645155 
-3.02153 -0.178979 0.645012 
-3.02159 -0.178603 0.644931 
-3.0222 -0.177825 0.644703 
-3.02208 -0.177027 0.644453 
-3.02305 -0.176572 0.641909 
-3.02394 -0.176438 0.64168 
-3.02444 -0.176228 0.64138 
-3.02523 -0.176415 0.641105 
-3.02545 -0.176547 0.64109 
-3.02672 -0.17737 0.640914 
-3.02734 -0.177871 0.640851 
-3.02866 -0.179138 0.640752 
-3.0288 -0.179295 0.640728 
-3.02992 -0.180735 0.640595 
-3.03021 -0.181319 0.64047 
-3.03048 -0.182107 0.64027 
-3.03107 -0.183582 0.640135 
-3.03118 -0.184382 0.639981 
-3.03118 -0.184993 0.639839 
-3.03125 -0.186473 0.639642 
-3.03095 -0.187909 0.639344 
-3.03035 -0.189329 0.638985 
-3.02985 -0.190833 0.638765 
-3.02898 -0.192294 0.638451 
-3.02783 -0.193736 0.638074 
-3.02637 -0.195166 0.637634 
-3.02489 -0.196633 0.637268 
-3.02317 -0.198097 0.636876 
-3.02107 -0.199531 0.63638 
-3.0205 -0.200025 0.636301 
-3.01912 -0.201069 0.63609 
-3.01666 -0.202538 0.635636 
-3.01638 -0.202721 0.635602 
-3.01398 -0.204043 0.635223 
-3.01259 -0.20476 0.635027 
-3.01101 -0.205649 0.634937 
-3.01054 -0.20589 0.63491 
-3.00988 -0.206395 0.635151 
-3.01097 -0.206178 0.6358 
-3.01105 -0.206155 0.635851 
-3.0119 -0.205886 0.636485 
-3.01347 -0.205249 0.637156 
-3.01421 -0.204901 0.637504 
-3.01497 -0.204313 0.638148 
-3.01513 -0.204209 0.638235 
-3.0162 -0.203299 0.638933 
-3.01632 -0.203067 0.639106 
-3.01631 -0.202557 0.639455 
-3.01636 -0.201901 0.639822 
-3.01638 -0.201572 0.639985 
-3.01633 -0.20064 0.64039 
-3.01637 -0.200293 0.640525 
-3.01658 -0.199318 0.640871 
-3.01657 -0.198327 0.641172 
-3.01641 -0.197966 0.641261 
-3.01639 -0.196567 0.6416 
-3.01602 -0.196088 0.64168 
-3.0153 -0.195161 0.641806 
-3.01418 -0.194254 0.641867 
-3.01331 -0.19373 0.641869 
-3.01147 -0.192631 0.641848 
-3.01082 -0.19226 0.641829 
-3.00848 -0.190768 0.641747 
-3.00812 -0.19059 0.641726 
-3.0054 -0.189249 0.641539 
-3.00388 -0.187707 0.641467 
-3.00328 -0.186161 0.641471 
-3.00388 -0.184601 0.641582 
-3.00575 -0.183859 0.641797 
-3.00954 -0.183894 0.64219 
-3.01298 -0.183863 0.642516 
-3.01626 -0.184001 0.642792 
-3.01874 -0.183405 0.642953 
-3.0209 -0.182822 0.643045 
-3.02099 -0.182759 0.643046 
-3.02253 -0.18198 0.643043 
-3.02341 -0.180949 0.642945 
-3.02346 -0.180786 0.642922 
-3.02413 -0.179699 0.642731 
-3.02403 -0.179121 0.642611 
-3.02366 -0.178002 0.642344 
-3.02342 -0.177294 0.642139 
-3.02477 -0.177253 0.639561 
-3.02425 -0.176129 0.639116 
-3.02431 -0.175613 0.638746 
-3.02497 -0.175692 0.638454 
-3.0262 -0.176376 0.638229 
-3.02639 -0.176513 0.63822 
-3.02794 -0.177758 0.638057 
-3.02807 -0.177884 0.638034 
-3.02948 -0.17934 0.637961 
-3.0299 -0.179932 0.637862 
-3.03033 -0.180721 0.637699 
-3.03112 -0.18219 0.63756 
-3.03121 -0.18254 0.637487 
-3.03137 -0.183584 0.637253 
-3.03167 -0.18506 0.637085 
-3.03173 -0.186539 0.636886 
-3.03159 -0.188018 0.636674 
-3.03154 -0.1881 0.636643 
-3.03069 -0.189374 0.636181 
-3.03014 -0.190866 0.635935 
-3.02924 -0.19232 0.635605 
-3.02812 -0.193769 0.635247 
-3.02665 -0.195195 0.634799 
-3.0256 -0.196646 0.634613 
-3.02553 -0.196742 0.634602 
-3.02373 -0.198183 0.634161 
-3.0218 -0.199658 0.633756 
-3.02037 -0.200844 0.633544 
-3.0199 -0.201198 0.633475 
-3.01741 -0.202648 0.632985 
-3.01611 -0.203483 0.632819 
-3.0149 -0.2042 0.632667 
-3.01332 -0.205093 0.632503 
-3.0127 -0.205724 0.632737 
-3.01295 -0.205919 0.6332 
-3.01398 -0.205701 0.63387 
-3.01525 -0.205254 0.634431 
-3.01607 -0.204924 0.634816 
-3.01712 -0.204357 0.635522 
-3.01731 -0.204254 0.635615 
-3.01865 -0.203362 0.636369 
-3.01885 -0.203136 0.636556 
-3.01898 -0.202674 0.636931 
-3.01909 -0.202013 0.637363 
-3.01913 -0.201834 0.637467 
-3.01879 -0.200984 0.637897 
-3.01879 -0.200796 0.637979 
-3.01849 -0.199778 0.638367 
-3.01802 -0.199522 0.638435 
-3.01695 -0.199089 0.63852 
-3.01494 -0.198441 0.638571 
-3.01469 -0.198232 0.638605 
-3.01303 -0.197325 0.638683 
-3.01203 -0.196845 0.638692 
-3.01074 -0.196045 0.638724 
-3.00995 -0.195418 0.638756 
-3.00819 -0.1942 0.638761 
-3.00771 -0.193958 0.638745 
-3.00596 -0.192467 0.638742 
-3.00498 -0.19195 0.638691 
-3.003 -0.190954 0.63856 
-3.00171 -0.189434 0.638538 
-3.00122 -0.187896 0.638584 
-3.0022 -0.186361 0.638777 
-3.00386 -0.185723 0.638993 
-3.00658 -0.184813 0.639319 
-3.00715 -0.184562 0.639384 
-3.01077 -0.184356 0.63976 
-3.01421 -0.184325 0.640082 
-3.01751 -0.184487 0.640357 
-3.01949 -0.184683 0.640504 
-3.02063 -0.184793 0.640577 
-3.02357 -0.185314 0.640743 
-3.02506 -0.184484 0.640774 
-3.02528 -0.184313 0.640771 
-3.02653 -0.183199 0.640713 
-3.02667 -0.182711 0.640662 
-3.02622 -0.181017 0.640442 
-3.02621 -0.180854 0.640416 
-3.02578 -0.179249 0.640098 
-3.02568 -0.178982 0.640035 
-3.0249 -0.17743 0.639612 
-3.02615 -0.177238 0.636768 
-3.02603 -0.17658 0.636372 
-3.02612 -0.176268 0.635991 
-3.02704 -0.176778 0.635826 
-3.02731 -0.176951 0.63576 
-3.02841 -0.177845 0.63549 
-3.02861 -0.178044 0.635449 
-3.02993 -0.179468 0.635307 
-3.0301 -0.179716 0.635265 
-3.03078 -0.180859 0.635061 
-3.03122 -0.181862 0.634885 
-3.0313 -0.18226 0.634782 
-3.03189 -0.183748 0.634665 
-3.03207 -0.185195 0.634437 
-3.03215 -0.186681 0.634249 
-3.03212 -0.186765 0.634221 
-3.03154 -0.188056 0.633817 
-3.03129 -0.189559 0.633634 
-3.03054 -0.191007 0.633295 
-3.02912 -0.192349 0.632728 
-3.02857 -0.193923 0.632632 
-3.02721 -0.195373 0.632239 
-3.02548 -0.196779 0.631747 
-3.02416 -0.198211 0.631505 
-3.02407 -0.198307 0.63149 
-3.02215 -0.199779 0.631082 
-3.02008 -0.201268 0.6307 
-3.0195 -0.201722 0.630621 
-3.01788 -0.202795 0.630369 
-3.01654 -0.203726 0.630233 
-3.01559 -0.204432 0.630213 
-3.01472 -0.204975 0.630159 
-3.01481 -0.205352 0.63057 
-3.01499 -0.205573 0.631015 
-3.01537 -0.205582 0.631521 
-3.01595 -0.205382 0.631799 
-3.01694 -0.204988 0.632338 
-3.01769 -0.204541 0.632969 
-3.01787 -0.204441 0.633062 
-3.01859 -0.203838 0.633651 
-3.01863 -0.203404 0.634062 
-3.01866 -0.203303 0.634139 
-3.01821 -0.202813 0.634515 
-3.01831 -0.202282 0.634812 
-3.01829 -0.201812 0.635048 
-3.01824 -0.201028 0.635386 
-3.01811 -0.200614 0.635543 
-3.01671 -0.199881 0.635735 
-3.01662 -0.199759 0.635767 
-3.01677 -0.19839 0.636162 
-3.01629 -0.197914 0.636246 
-3.0154 -0.197003 0.636382 
-3.01464 -0.196347 0.636453 
-3.01298 -0.195593 0.636442 
-3.01203 -0.19521 0.636414 
-3.0099 -0.194143 0.636364 
-3.00911 -0.193629 0.636352 
-3.00748 -0.192653 0.636298 
-3.00654 -0.191154 0.636353 
-3.00709 -0.189643 0.636548 
-3.00678 -0.188105 0.636615 
-3.00808 -0.18656 0.63683 
-3.00867 -0.186328 0.636902 
-3.01218 -0.185868 0.637274 
-3.01587 -0.186288 0.637608 
-3.0176 -0.186499 0.637751 
-3.01924 -0.186689 0.637875 
-3.02208 -0.186543 0.638072 
-3.02474 -0.186668 0.638209 
-3.02715 -0.186869 0.638283 
-3.02824 -0.186141 0.638291 
-3.02864 -0.185707 0.63828 
-3.02896 -0.184448 0.638208 
-3.02903 -0.183533 0.638123 
-3.02897 -0.182735 0.638025 
-3.02862 -0.181315 0.637802 
-3.02851 -0.181001 0.637743 
-3.02755 -0.179245 0.637367 
-3.02746 -0.179078 0.63732 
-3.0263 -0.177418 0.636827 
-3.02434 -0.175526 0.633444 
-3.02381 -0.174822 0.632966 
-3.02478 -0.175322 0.632897 
-3.02547 -0.175716 0.632813 
-3.0268 -0.17665 0.632663 
-3.02709 -0.17689 0.632634 
-3.02839 -0.178061 0.632535 
-3.02899 -0.178716 0.632451 
-3.02952 -0.179448 0.632311 
-3.03059 -0.180925 0.632235 
-3.03073 -0.181248 0.632174 
-3.03107 -0.182327 0.63195 
-3.03156 -0.183793 0.631788 
-3.03193 -0.185288 0.631662 
-3.03192 -0.185381 0.631638 
-3.03162 -0.186689 0.631291 
-3.03163 -0.188203 0.631155 
-3.0312 -0.189669 0.630893 
-3.03008 -0.191038 0.630386 
-3.02912 -0.19248 0.630032 
-3.02837 -0.194007 0.62984 
-3.02731 -0.195524 0.629584 
-3.02556 -0.196926 0.62909 
-3.02383 -0.198377 0.628674 
-3.02313 -0.199049 0.628554 
-3.02212 -0.199899 0.62837 
-3.01986 -0.201331 0.627876 
-3.01818 -0.202507 0.627614 
-3.01766 -0.20285 0.627533 
-3.01504 -0.204331 0.627092 
-3.01436 -0.204755 0.627021 
-3.01233 -0.205938 0.626832 
-3.01189 -0.206167 0.62679 
-3.01153 -0.206691 0.62709 
-3.01138 -0.207022 0.627453 
-3.01191 -0.207004 0.627991 
-3.01253 -0.206815 0.628278 
-3.01366 -0.206424 0.628845 
-3.01415 -0.206139 0.629401 
-3.01454 -0.205926 0.62964 
-3.01513 -0.205505 0.630095 
-3.0153 -0.205017 0.630599 
-3.01542 -0.204911 0.630679 
-3.0161 -0.204044 0.631285 
-3.01621 -0.203749 0.631471 
-3.01624 -0.203119 0.631826 
-3.01627 -0.202537 0.63211 
-3.01656 -0.201792 0.632436 
-3.01671 -0.201236 0.632658 
-3.01706 -0.199901 0.633127 
-3.01706 -0.199846 0.633144 
-3.01676 -0.198543 0.633495 
-3.01645 -0.198 0.633608 
-3.01577 -0.197152 0.633748 
-3.0154 -0.195727 0.633996 
-3.01534 -0.195669 0.634001 
-3.01392 -0.194285 0.634098 
-3.01304 -0.19355 0.634118 
-3.01188 -0.192809 0.634098 
-3.01016 -0.191314 0.634086 
-3.00983 -0.190857 0.634093 
-3.00902 -0.189799 0.634095 
-3.00871 -0.18826 0.634164 
-3.00921 -0.187492 0.634256 
-3.01109 -0.186707 0.634482 
-3.01251 -0.186468 0.63463 
-3.01596 -0.18644 0.63495 
-3.01709 -0.186659 0.635041 
-3.01944 -0.187104 0.635218 
-3.0225 -0.187485 0.635413 
-3.02524 -0.187895 0.635541 
-3.02567 -0.188014 0.635553 
-3.02772 -0.188538 0.635589 
-3.02908 -0.187839 0.635622 
-3.02947 -0.187569 0.635623 
-3.03031 -0.186142 0.635589 
-3.03038 -0.185614 0.635562 
-3.03034 -0.184476 0.635476 
-3.02965 -0.182817 0.635313 
-3.02947 -0.182274 0.635234 
-3.02892 -0.181105 0.63504 
-3.02764 -0.179396 0.634707 
-3.02755 -0.179229 0.634662 
-3.02639 -0.177568 0.634173 
-3.02624 -0.177389 0.634113 
-3.02454 -0.1757 0.633511 
-3.0223 -0.174253 0.630037 
-3.02222 -0.174009 0.629613 
-3.02356 -0.174822 0.629404 
-3.02385 -0.175029 0.629385 
-3.02577 -0.176488 0.629361 
-3.02603 -0.176733 0.629339 
-3.02721 -0.177911 0.629238 
-3.02805 -0.178928 0.629148 
-3.02831 -0.179336 0.629079 
-3.02949 -0.180856 0.629084 
-3.03033 -0.18236 0.629012 
-3.03053 -0.183165 0.628878 
-3.03059 -0.18378 0.628748 
-3.0309 -0.185265 0.628599 
-3.03083 -0.186721 0.628347 
-3.03043 -0.188151 0.62803 
-3.03016 -0.189649 0.62784 
-3.02959 -0.191137 0.627588 
-3.02873 -0.192598 0.627274 
-3.02757 -0.194039 0.6269 
-3.02612 -0.195468 0.626465 
-3.02448 -0.196891 0.626016 
-3.02304 -0.198403 0.625733 
-3.02196 -0.19962 0.625594 
-3.0216 -0.199983 0.62555 
-3.01947 -0.201449 0.625127 
-3.01842 -0.202349 0.625022 
-3.0175 -0.203036 0.624919 
-3.01546 -0.204305 0.624643 
-3.015 -0.204573 0.62458 
-3.01257 -0.205915 0.624304 
-3.01218 -0.20619 0.62433 
-3.01122 -0.206783 0.624362 
-3.01099 -0.207139 0.624707 
-3.01152 -0.207121 0.625244 
-3.01215 -0.206932 0.625528 
-3.01327 -0.206542 0.626093 
-3.01415 -0.206112 0.626745 
-3.01437 -0.206007 0.626848 
-3.01535 -0.205377 0.627493 
-3.01581 -0.204953 0.627875 
-3.01616 -0.204591 0.62816 
-3.01616 -0.203952 0.628642 
-3.01622 -0.203842 0.628711 
-3.01611 -0.203107 0.629134 
-3.01554 -0.202669 0.629341 
-3.01529 -0.202413 0.629445 
-3.0142 -0.201622 0.629707 
-3.01409 -0.201415 0.629774 
-3.01312 -0.200506 0.630001 
-3.01279 -0.200092 0.630097 
-3.01204 -0.198948 0.630333 
-3.01177 -0.198721 0.630364 
-3.01178 -0.197302 0.630674 
-3.01101 -0.196484 0.630757 
-3.01027 -0.195872 0.630791 
-3.0096 -0.194415 0.630952 
-3.0088 -0.193901 0.630939 
-3.00728 -0.192925 0.630899 
-3.00534 -0.191829 0.630804 
-3.00453 -0.191416 0.630753 
-3.00197 -0.189887 0.630587 
-3.00282 -0.188359 0.630793 
-3.00465 -0.187247 0.631061 
-3.00854 -0.186968 0.6315 
-3.01229 -0.186958 0.631881 
-3.01607 -0.187718 0.632199 
-3.01937 -0.188077 0.632449 
-3.02027 -0.188283 0.632508 
-3.02246 -0.188764 0.632624 
-3.02516 -0.189335 0.632726 
-3.02747 -0.189446 0.632785 
-3.02942 -0.189138 0.632805 
-3.0305 -0.187823 0.632819 
-3.0307 -0.187337 0.632809 
-3.03087 -0.186169 0.632767 
-3.03077 -0.184568 0.632642 
-3.03077 -0.184498 0.632635 
-3.02994 -0.182847 0.63247 
-3.02904 -0.18114 0.632188 
-3.02894 -0.180941 0.632146 
-3.02787 -0.179386 0.631792 
-3.02707 -0.178429 0.631537 
-3.02628 -0.177598 0.631291 
-3.02464 -0.176099 0.630797 
-3.02424 -0.175767 0.630676 
-3.01968 -0.173117 0.626499 
-3.02014 -0.173346 0.626155 
-3.02035 -0.173476 0.626149 
-3.02251 -0.174926 0.626156 
-3.02284 -0.175182 0.626143 
-3.02426 -0.176372 0.626093 
-3.02531 -0.1774 0.626045 
-3.02565 -0.177812 0.625994 
-3.02688 -0.179287 0.625932 
-3.02817 -0.18084 0.626007 
-3.02855 -0.181576 0.625939 
-3.02882 -0.182303 0.625843 
-3.02942 -0.183804 0.625755 
-3.02964 -0.185271 0.625564 
-3.02954 -0.186726 0.625309 
-3.02957 -0.188241 0.625178 
-3.02929 -0.189739 0.624988 
-3.02872 -0.191226 0.624736 
-3.02786 -0.192686 0.624422 
-3.02671 -0.194127 0.624051 
-3.02535 -0.195577 0.62366 
-3.02422 -0.197111 0.623442 
-3.02257 -0.198582 0.623075 
-3.02216 -0.199086 0.623029 
-3.02109 -0.200158 0.62288 
-3.01906 -0.201658 0.622525 
-3.01885 -0.201837 0.622504 
-3.01685 -0.203188 0.622202 
-3.01543 -0.204059 0.622003 
-3.0143 -0.204728 0.621866 
-3.01268 -0.205654 0.621697 
-3.01142 -0.206348 0.621615 
-3.01035 -0.206867 0.621517 
-3.01013 -0.207224 0.62186 
-3.01065 -0.207205 0.622396 
-3.01128 -0.207016 0.62268 
-3.01241 -0.206626 0.623244 
-3.01328 -0.206197 0.623893 
-3.0135 -0.206092 0.623997 
-3.01448 -0.205462 0.624638 
-3.01494 -0.205038 0.62502 
-3.0153 -0.204677 0.625305 
-3.01497 -0.204188 0.625706 
-3.015 -0.20395 0.625858 
-3.01483 -0.2034 0.626173 
-3.01477 -0.202751 0.626487 
-3.01466 -0.202367 0.626651 
-3.01396 -0.201484 0.62696 
-3.01387 -0.201372 0.626996 
-3.01293 -0.200166 0.627315 
-3.0129 -0.200124 0.627325 
-3.01118 -0.199021 0.627481 
-3.0109 -0.198808 0.627509 
-3.00923 -0.197623 0.627613 
-3.00886 -0.197398 0.627623 
-3.00802 -0.195961 0.627801 
-3.00731 -0.19523 0.627841 
-3.00651 -0.1945 0.627863 
-3.00417 -0.193255 0.627768 
-3.00357 -0.193 0.627732 
-3.00163 -0.191492 0.627667 
-3.00023 -0.190723 0.627572 
-2.99887 -0.189957 0.627474 
-3.00003 -0.189032 0.627681 
-3.00128 -0.188445 0.627866 
-3.00398 -0.187854 0.62821 
-3.00757 -0.188472 0.628568 
-3.00825 -0.188622 0.628632 
-3.01206 -0.188803 0.629006 
-3.0155 -0.188776 0.62932 
-3.01873 -0.189022 0.629564 
-3.02169 -0.189399 0.629736 
-3.02307 -0.189831 0.629783 
-3.02437 -0.19028 0.629804 
-3.02665 -0.190577 0.629841 
-3.02824 -0.189591 0.629923 
-3.02857 -0.189339 0.629934 
-3.02974 -0.187903 0.629948 
-3.02989 -0.187612 0.629942 
-3.03025 -0.186233 0.629884 
-3.03027 -0.185259 0.629807 
-3.03024 -0.184541 0.629727 
-3.02955 -0.18286 0.629526 
-3.02935 -0.182355 0.629442 
-3.02868 -0.181127 0.629205 
-3.02796 -0.179993 0.628928 
-3.02749 -0.179331 0.628739 
-3.02567 -0.177575 0.628269 
-3.02544 -0.177361 0.628199 
-3.02348 -0.175761 0.627667 
-3.02214 -0.174784 0.627302 
-3.02086 -0.173885 0.626895 
-3.01544 -0.171598 0.623087 
-3.01579 -0.171728 0.622728 
-3.01605 -0.171867 0.62273 
-3.01812 -0.173136 0.622674 
-3.0183 -0.173263 0.62266 
-3.02052 -0.174781 0.622787 
-3.02172 -0.175779 0.622777 
-3.02222 -0.176246 0.622755 
-3.02374 -0.177736 0.622752 
-3.02511 -0.179251 0.622774 
-3.02516 -0.17934 0.622765 
-3.02594 -0.180704 0.622633 
-3.02717 -0.182299 0.622754 
-3.02768 -0.183782 0.622625 
-3.02787 -0.185246 0.62243 
-3.02819 -0.186786 0.62236 
-3.02822 -0.188301 0.62223 
-3.02794 -0.189798 0.622038 
-3.02737 -0.191284 0.621787 
-3.02651 -0.192744 0.621474 
-3.02536 -0.194184 0.621103 
-3.024 -0.195634 0.620713 
-3.02287 -0.197167 0.620497 
-3.02123 -0.198637 0.620129 
-3.02087 -0.199106 0.620099 
-3.01975 -0.200215 0.61994 
-3.01831 -0.201503 0.619764 
-3.01798 -0.201789 0.619733 
-3.01574 -0.203323 0.619413 
-3.01539 -0.203579 0.619385 
-3.01325 -0.204914 0.619167 
-3.0128 -0.205163 0.619115 
-3.01031 -0.206472 0.618892 
-3.01021 -0.206528 0.618894 
-3.00882 -0.207262 0.618928 
-3.00931 -0.207256 0.619454 
-3.00993 -0.207067 0.619737 
-3.01106 -0.206678 0.620297 
-3.01193 -0.206249 0.620945 
-3.01215 -0.206144 0.621048 
-3.01313 -0.205514 0.621689 
-3.0136 -0.205091 0.622068 
-3.01395 -0.204729 0.622355 
-3.01394 -0.204091 0.622832 
-3.01398 -0.203982 0.6229 
-3.01393 -0.203226 0.623332 
-3.01405 -0.20278 0.623551 
-3.0145 -0.201716 0.624013 
-3.01451 -0.201484 0.624102 
-3.01475 -0.200156 0.624568 
-3.0147 -0.199916 0.624639 
-3.01448 -0.198801 0.62494 
-3.01429 -0.197812 0.625169 
-3.01406 -0.197405 0.625242 
-3.01403 -0.19598 0.625523 
-3.0133 -0.195002 0.625632 
-3.01286 -0.194542 0.625667 
-3.01279 -0.193062 0.625864 
-3.01435 -0.191931 0.62613 
-3.01512 -0.191545 0.626234 
-3.01757 -0.190797 0.626495 
-3.02045 -0.190889 0.626673 
-3.02302 -0.190807 0.626803 
-3.0253 -0.190637 0.626878 
-3.02701 -0.189643 0.626959 
-3.02722 -0.189479 0.626966 
-3.02869 -0.188189 0.626967 
-3.02885 -0.187921 0.626961 
-3.02947 -0.186375 0.626871 
-3.02952 -0.186215 0.626854 
-3.02915 -0.184562 0.626725 
-3.02894 -0.183564 0.626583 
-3.02869 -0.182824 0.626456 
-3.02765 -0.181106 0.626141 
-3.02752 -0.180905 0.626091 
-3.02625 -0.179347 0.625718 
-3.02485 -0.177991 0.62536 
-3.0244 -0.177588 0.625239 
-3.02211 -0.175845 0.624748 
-3.02014 -0.174449 0.624253 
-3.01952 -0.174037 0.624095 
-3.01654 -0.172237 0.623407 
-3.01888 -0.174643 0.620894 
-3.018 -0.174076 0.620339 
-3.01687 -0.173517 0.619729 
-3.01863 -0.174802 0.619716 
-3.021 -0.176451 0.620062 
-3.02295 -0.178043 0.620276 
-3.02476 -0.179668 0.620526 
-3.02537 -0.180496 0.620474 
-3.02575 -0.181128 0.620411 
-3.02649 -0.182601 0.620275 
-3.02658 -0.183537 0.620036 
-3.02654 -0.183965 0.619904 
-3.02676 -0.185428 0.619708 
-3.02646 -0.186838 0.619361 
-3.02638 -0.188331 0.619185 
-3.02601 -0.189805 0.618949 
-3.02593 -0.189894 0.618909 
-3.02469 -0.19114 0.618372 
-3.0238 -0.192592 0.61805 
-3.02269 -0.19404 0.617698 
-3.02156 -0.195531 0.617403 
-3.02119 -0.196217 0.617351 
-3.02059 -0.197092 0.617251 
-3.01913 -0.198598 0.61696 
-3.01856 -0.199415 0.616929 
-3.01787 -0.200224 0.616875 
-3.01692 -0.201305 0.616836 
-3.01636 -0.201873 0.616814 
-3.01508 -0.202941 0.616723 
-3.01431 -0.203494 0.616655 
-3.01298 -0.204403 0.616568 
-3.01183 -0.20519 0.616581 
-3.01138 -0.205441 0.61656 
-3.01078 -0.20595 0.616808 
-3.01035 -0.206261 0.61711 
-3.01053 -0.206218 0.617572 
-3.01092 -0.206036 0.617857 
-3.01125 -0.205826 0.618182 
-3.01116 -0.205594 0.618606 
-3.01177 -0.205111 0.619022 
-3.01212 -0.204749 0.619304 
-3.0121 -0.204112 0.619783 
-3.01219 -0.204001 0.61985 
-3.01277 -0.202889 0.620457 
-3.0128 -0.202774 0.620513 
-3.01404 -0.201456 0.621102 
-3.01448 -0.200554 0.621452 
-3.01459 -0.20013 0.621601 
-3.01411 -0.198926 0.621943 
-3.014 -0.198795 0.621972 
-3.0138 -0.197403 0.622303 
-3.01337 -0.196817 0.6224 
-3.01265 -0.196001 0.622505 
-3.01238 -0.194556 0.622727 
-3.01295 -0.193071 0.622985 
-3.01543 -0.191543 0.62335 
-3.01572 -0.191399 0.623385 
-3.01861 -0.190957 0.623613 
-3.02118 -0.190837 0.623745 
-3.02346 -0.190713 0.623815 
-3.02544 -0.190548 0.623826 
-3.0269 -0.189537 0.623854 
-3.02708 -0.18937 0.623852 
-3.02799 -0.187842 0.623821 
-3.02811 -0.187595 0.623805 
-3.02852 -0.186114 0.623662 
-3.02849 -0.185734 0.623627 
-3.02816 -0.184431 0.623485 
-3.02726 -0.182757 0.623276 
-3.02706 -0.182365 0.6232 
-3.02615 -0.181024 0.622931 
-3.02454 -0.179325 0.622584 
-3.02414 -0.178916 0.62247 
-3.02265 -0.177552 0.622079 
-3.02136 -0.176451 0.621681 
-3.02035 -0.175669 0.621351 
-3.01357 -0.172883 0.617288 
-3.01449 -0.173369 0.617019 
-3.01479 -0.173556 0.616969 
-3.01541 -0.174048 0.61673 
-3.01619 -0.174774 0.616506 
-3.01842 -0.176383 0.616771 
-3.01913 -0.176966 0.616827 
-3.02023 -0.17794 0.616911 
-3.02183 -0.179505 0.617038 
-3.02324 -0.180698 0.617354 
-3.02383 -0.181241 0.61749 
-3.02421 -0.181865 0.617455 
-3.02464 -0.182724 0.617382 
-3.02508 -0.184171 0.617184 
-3.02497 -0.185094 0.616902 
-3.02484 -0.185517 0.616753 
-3.02476 -0.186969 0.616497 
-3.02417 -0.188352 0.616091 
-3.02369 -0.189804 0.615806 
-3.02361 -0.189892 0.615771 
-3.02238 -0.191137 0.615236 
-3.02149 -0.192588 0.614914 
-3.02034 -0.194026 0.614544 
-3.01891 -0.195456 0.614124 
-3.01798 -0.19691 0.613962 
-3.01792 -0.197007 0.613953 
-3.01609 -0.198428 0.613495 
-3.01483 -0.200034 0.613381 
-3.01466 -0.200292 0.613382 
-3.01351 -0.201701 0.613368 
-3.01327 -0.201948 0.613359 
-3.01166 -0.203349 0.613275 
-3.01146 -0.203499 0.613261 
-3.00952 -0.204845 0.613151 
-3.00927 -0.204997 0.613134 
-3.00738 -0.206054 0.613012 
-3.00672 -0.206567 0.613249 
-3.00647 -0.206813 0.613593 
-3.00666 -0.206778 0.614052 
-3.00682 -0.20662 0.614522 
-3.00757 -0.206223 0.614943 
-3.00809 -0.205885 0.615276 
-3.0082 -0.205426 0.615761 
-3.00838 -0.2052 0.615941 
-3.00855 -0.204674 0.616325 
-3.00892 -0.204046 0.616707 
-3.00933 -0.203469 0.617018 
-3.00973 -0.202798 0.61735 
-3.01135 -0.201461 0.617943 
-3.0118 -0.2008 0.618201 
-3.01217 -0.200125 0.618446 
-3.01234 -0.198772 0.618862 
-3.01232 -0.198456 0.618946 
-3.01208 -0.197385 0.619192 
-3.01219 -0.195966 0.619496 
-3.01325 -0.194505 0.619823 
-3.01584 -0.193459 0.620139 
-3.0185 -0.193112 0.62031 
-3.02075 -0.193082 0.620366 
-3.02187 -0.192735 0.620421 
-3.0229 -0.192368 0.620462 
-3.02474 -0.191523 0.6205 
-3.02528 -0.190988 0.620525 
-3.02619 -0.189636 0.620556 
-3.02635 -0.189337 0.620551 
-3.02687 -0.18766 0.620489 
-3.0269 -0.187469 0.620474 
-3.02687 -0.185974 0.620345 
-3.02667 -0.184988 0.620223 
-3.02645 -0.184259 0.620105 
-3.02541 -0.182594 0.619896 
-3.02405 -0.180923 0.619627 
-3.02396 -0.180818 0.619606 
-3.02241 -0.179206 0.619245 
-3.02036 -0.177535 0.618896 
-3.01819 -0.175885 0.618412 
-3.01803 -0.175776 0.618377 
-3.01537 -0.174024 0.617814 
-3.01074 -0.172841 0.614053 
-3.01103 -0.172959 0.613685 
-3.01177 -0.173439 0.613553 
-3.0122 -0.173767 0.61344 
-3.01243 -0.174219 0.613029 
-3.01283 -0.174599 0.612959 
-3.01498 -0.176191 0.613188 
-3.01732 -0.177887 0.613617 
-3.01878 -0.178998 0.613925 
-3.01955 -0.179621 0.614092 
-3.02125 -0.181279 0.614382 
-3.02224 -0.182808 0.614368 
-3.02231 -0.183117 0.614293 
-3.02243 -0.18418 0.614023 
-3.02268 -0.185639 0.61383 
-3.02255 -0.186422 0.613627 
-3.02236 -0.187027 0.613446 
-3.02208 -0.188472 0.613176 
-3.02142 -0.18988 0.612804 
-3.02044 -0.191276 0.612371 
-3.01958 -0.192731 0.612059 
-3.01843 -0.194168 0.611691 
-3.01708 -0.195614 0.611306 
-3.01631 -0.197228 0.611261 
-3.01607 -0.197707 0.611259 
-3.01523 -0.198837 0.611179 
-3.01441 -0.199873 0.611137 
-3.01389 -0.200482 0.611118 
-3.0128 -0.201563 0.611065 
-3.01213 -0.202121 0.61102 
-3.01077 -0.203122 0.610921 
-3.00983 -0.203754 0.610862 
-3.00877 -0.20441 0.610802 
-3.00688 -0.205414 0.610689 
-3.00655 -0.205568 0.610653 
-3.00505 -0.206277 0.610694 
-3.00344 -0.206886 0.610719 
-3.00238 -0.20717 0.61089 
-3.00198 -0.207095 0.61123 
-3.00143 -0.206941 0.611546 
-3.00162 -0.206506 0.611942 
-3.00165 -0.206353 0.612068 
-3.00102 -0.20593 0.612393 
-3.00122 -0.20541 0.612705 
-3.00127 -0.204948 0.612954 
-3.00164 -0.204181 0.613333 
-3.00235 -0.203262 0.613752 
-3.0025 -0.202891 0.613905 
-3.00427 -0.20154 0.614485 
-3.00558 -0.200178 0.614988 
-3.00639 -0.198797 0.615416 
-3.0064 -0.198705 0.61544 
-3.00654 -0.197392 0.615753 
-3.0078 -0.195955 0.616133 
-3.00937 -0.195209 0.616381 
-3.01249 -0.194707 0.616659 
-3.01395 -0.194384 0.616787 
-3.01534 -0.194033 0.6169 
-3.0177 -0.19373 0.617003 
-3.01972 -0.193522 0.617024 
-3.02157 -0.19299 0.617038 
-3.02234 -0.192439 0.617073 
-3.02326 -0.191757 0.617083 
-3.02432 -0.190705 0.617051 
-3.02451 -0.190403 0.617045 
-3.02497 -0.189047 0.617022 
-3.02503 -0.187657 0.616978 
-3.02502 -0.187401 0.616962 
-3.02445 -0.185836 0.616956 
-3.02363 -0.184238 0.616869 
-3.02263 -0.182562 0.616643 
-3.02197 -0.181618 0.616461 
-3.02135 -0.180835 0.616289 
-3.01965 -0.179138 0.615936 
-3.01838 -0.177989 0.615614 
-3.01763 -0.177368 0.615424 
-3.01524 -0.175636 0.614943 
-3.01256 -0.173937 0.614466 
-2.99884 -0.168968 0.610118 
-2.99878 -0.168621 0.609721 
-2.99847 -0.168275 0.609269 
-2.99944 -0.168684 0.609317 
-3.00188 -0.169803 0.609425 
-3.00254 -0.170134 0.609441 
-3.00568 -0.171776 0.609871 
-3.00846 -0.173376 0.610201 
-3.01093 -0.174961 0.610466 
-3.01325 -0.176593 0.610777 
-3.01336 -0.176685 0.61078 
-3.01496 -0.178096 0.610819 
-3.01664 -0.179676 0.610981 
-3.01778 -0.181169 0.610939 
-3.01891 -0.182738 0.611011 
-3.01974 -0.184281 0.611016 
-3.01976 -0.184367 0.610998 
-3.01986 -0.185694 0.610733 
-3.02019 -0.187236 0.610672 
-3.02007 -0.18871 0.610464 
-3.01941 -0.190107 0.610077 
-3.01869 -0.191552 0.60975 
-3.01792 -0.193029 0.609485 
-3.01725 -0.194587 0.609358 
-3.01659 -0.195945 0.609297 
-3.01646 -0.196193 0.609286 
-3.01516 -0.197724 0.609058 
-3.01387 -0.199042 0.608869 
-3.01362 -0.199273 0.608836 
-3.0118 -0.200857 0.608629 
-3.0115 -0.201106 0.608606 
-3.0096 -0.202464 0.60844 
-3.00922 -0.202702 0.608404 
-3.00682 -0.204048 0.608158 
-3.00653 -0.204192 0.608125 
-3.00446 -0.20518 0.608023 
-3.0032 -0.205694 0.607903 
-3.00159 -0.206298 0.607738 
-3.00005 -0.206757 0.607794 
-2.99938 -0.206773 0.60807 
-2.99927 -0.206449 0.608493 
-2.99942 -0.206341 0.608582 
-2.99988 -0.205678 0.609109 
-3.00009 -0.205229 0.609418 
-3.00052 -0.204669 0.609753 
-3.00117 -0.204006 0.610114 
-3.00194 -0.202961 0.610623 
-3.00201 -0.202739 0.610721 
-3.0028 -0.201424 0.61126 
-3.00332 -0.200668 0.611539 
-3.00359 -0.200079 0.611737 
-3.00494 -0.198692 0.612204 
-3.00635 -0.19727 0.612634 
-3.00788 -0.19663 0.612862 
-3.01035 -0.195757 0.613162 
-3.01127 -0.195435 0.61326 
-3.01367 -0.195136 0.61337 
-3.01568 -0.19496 0.613389 
-3.01761 -0.194427 0.613418 
-3.01839 -0.193872 0.613487 
-3.01965 -0.192853 0.613569 
-3.0203 -0.192218 0.613599 
-3.02115 -0.191127 0.613618 
-3.02152 -0.190546 0.613601 
-3.0217 -0.188985 0.613678 
-3.02179 -0.187748 0.613633 
-3.02177 -0.187332 0.613607 
-3.02138 -0.1857 0.613511 
-3.0206 -0.184077 0.613383 
-3.02002 -0.183109 0.613263 
-3.01953 -0.182408 0.613161 
-3.018 -0.180835 0.613035 
-3.01757 -0.180437 0.612992 
-3.01618 -0.179246 0.612847 
-3.01408 -0.17763 0.612584 
-3.01167 -0.175991 0.612256 
-3.00899 -0.174346 0.61187 
-3.00602 -0.172687 0.611424 
-3.00274 -0.171006 0.610918 
-2.99931 -0.169262 0.610268 
-3.00677 -0.174516 0.607799 
-3.00576 -0.173865 0.607233 
-3.00741 -0.174971 0.607223 
-3.00875 -0.17598 0.607247 
-3.00931 -0.176447 0.607231 
-3.01114 -0.177995 0.607362 
-3.01264 -0.179521 0.607419 
-3.01324 -0.180345 0.607366 
-3.01362 -0.180975 0.607302 
-3.01458 -0.182498 0.60728 
-3.01537 -0.184029 0.607264 
-3.01553 -0.185463 0.607025 
-3.01576 -0.186976 0.606908 
-3.01578 -0.188485 0.606775 
-3.01551 -0.189976 0.606585 
-3.01501 -0.191475 0.606371 
-3.01442 -0.192992 0.606191 
-3.01395 -0.194609 0.606182 
-3.01393 -0.194777 0.606201 
-3.01345 -0.196326 0.606317 
-3.01332 -0.196586 0.606328 
-3.01241 -0.19801 0.606361 
-3.0122 -0.198268 0.606361 
-3.0108 -0.19966 0.606297 
-3.01051 -0.199903 0.606278 
-3.00859 -0.201291 0.606131 
-3.00835 -0.201439 0.606109 
-3.00601 -0.202758 0.605919 
-3.00572 -0.202901 0.605884 
-3.00279 -0.204211 0.605535 
-3.00213 -0.204467 0.605502 
-3.00054 -0.205017 0.60541 
-2.99914 -0.205314 0.605508 
-2.99943 -0.204885 0.60592 
-2.9995 -0.204728 0.606054 
-3.00053 -0.203726 0.606717 
-3.00075 -0.203507 0.606844 
-3.00177 -0.202479 0.607388 
-3.00258 -0.201563 0.607818 
-3.00278 -0.201186 0.607981 
-3.00446 -0.199827 0.608519 
-3.00679 -0.198404 0.609022 
-3.00714 -0.198257 0.609069 
-3.00998 -0.197316 0.609329 
-3.01117 -0.1968 0.609446 
-3.01262 -0.196125 0.609567 
-3.01433 -0.195169 0.609697 
-3.01493 -0.194704 0.609759 
-3.01602 -0.193599 0.609907 
-3.0171 -0.192279 0.610012 
-3.01732 -0.191985 0.610023 
-3.01792 -0.190417 0.610128 
-3.01794 -0.188894 0.610248 
-3.01796 -0.187375 0.610213 
-3.01795 -0.187266 0.610208 
-3.01753 -0.185653 0.610136 
-3.01677 -0.184031 0.61001 
-3.01564 -0.182402 0.609852 
-3.01511 -0.181663 0.609723 
-3.01432 -0.180705 0.609539 
-3.01261 -0.179029 0.60922 
-3.0111 -0.177661 0.608832 
-3.01061 -0.177258 0.608706 
-3.00822 -0.175507 0.608194 
-3.00543 -0.176313 0.604722 
-3.00511 -0.176086 0.60426 
-3.00568 -0.176562 0.604155 
-3.00676 -0.177553 0.604055 
-3.00716 -0.177965 0.604013 
-3.00869 -0.179496 0.604083 
-3.0099 -0.181003 0.604078 
-3.01034 -0.181818 0.603991 
-3.0106 -0.182447 0.603901 
-3.01126 -0.183944 0.603819 
-3.01175 -0.185456 0.603744 
-3.01162 -0.186878 0.603445 
-3.01155 -0.188363 0.603271 
-3.01128 -0.189853 0.603079 
-3.01079 -0.191349 0.602866 
-3.01019 -0.192864 0.602684 
-3.00973 -0.194479 0.602676 
-3.0097 -0.194647 0.602694 
-3.00926 -0.196208 0.602839 
-3.0092 -0.196367 0.602852 
-3.00887 -0.197471 0.603097 
-3.00848 -0.198047 0.603157 
-3.0079 -0.19872 0.603199 
-3.00757 -0.199247 0.6035 
-3.00656 -0.19999 0.603535 
-3.00615 -0.200249 0.60353 
-3.0052 -0.200726 0.603706 
-3.00424 -0.201009 0.6039 
-3.00321 -0.201147 0.604087 
-3.00246 -0.200911 0.604371 
-3.00253 -0.200791 0.604433 
-3.00455 -0.199417 0.604979 
-3.00487 -0.199276 0.605018 
-3.0077 -0.197871 0.605356 
-3.00798 -0.197711 0.60539 
-3.01017 -0.196296 0.60564 
-3.01077 -0.195805 0.605724 
-3.0119 -0.194745 0.605879 
-3.01289 -0.193258 0.606152 
-3.01373 -0.191792 0.606283 
-3.01378 -0.191687 0.606291 
-3.01416 -0.190159 0.606435 
-3.01432 -0.188579 0.606476 
-3.01405 -0.187022 0.606521 
-3.01342 -0.185485 0.60655 
-3.01276 -0.18393 0.606382 
-3.01271 -0.183826 0.606367 
-3.01156 -0.1822 0.606204 
-3.01016 -0.180531 0.605931 
-3.00843 -0.17886 0.605613 
-3.00787 -0.178339 0.605462 
-3.00637 -0.177051 0.605031 
-3.0009 -0.176306 0.600743 
-3.00116 -0.176508 0.600714 
-3.00275 -0.177931 0.600621 
-3.00311 -0.178295 0.600603 
-3.00405 -0.179373 0.600522 
-3.00548 -0.180948 0.600652 
-3.0063 -0.182417 0.600534 
-3.00706 -0.183935 0.600499 
-3.00707 -0.184021 0.600481 
-3.00715 -0.185336 0.600206 
-3.00748 -0.186869 0.600137 
-3.00719 -0.188294 0.599845 
-3.00666 -0.189717 0.599525 
-3.0061 -0.191196 0.599282 
-3.00577 -0.192776 0.599234 
-3.00578 -0.193586 0.599343 
-3.0059 -0.194585 0.599598 
-3.0059 -0.194865 0.599667 
-3.00632 -0.1954 0.600118 
-3.00686 -0.195501 0.600632 
-3.00717 -0.19527 0.600816 
-3.00835 -0.19402 0.60148 
-3.00841 -0.193939 0.601514 
-3.00915 -0.192673 0.601953 
-3.00974 -0.191177 0.602179 
-3.01001 -0.189687 0.602371 
-3.00999 -0.188179 0.602505 
-3.00967 -0.186645 0.602581 
-3.00906 -0.185101 0.602595 
-3.00816 -0.183553 0.60257 
-3.0071 -0.181982 0.602332 
-3.00701 -0.181869 0.602311 
-3.00553 -0.180244 0.602097 
-3.00374 -0.17854 0.60172 
-3.00267 -0.177617 0.601401 
-3.00136 -0.176615 0.600911 
