-1.53897 -0.0875935 0.348427 
-1.53976 -0.0879426 0.348421 
-1.54037 -0.0886439 0.34845 
-1.54072 -0.0893532 0.348463 
-1.54081 -0.0900715 0.348456 
-1.54059 -0.090796 0.348431 
-1.54036 -0.0910886 0.348419 
-1.53985 -0.0915392 0.348384 
-1.53947 -0.0917844 0.348357 
-1.5385 -0.0920573 0.348314 
-1.53745 -0.0921272 0.348274 
-1.53648 -0.0916886 0.34829 
-1.53644 -0.0916653 0.348291 
-1.53562 -0.0910255 0.348307 
-1.53584 -0.0903298 0.348384 
-1.53641 -0.0899437 0.348448 
-1.537 -0.0895937 0.348497 
-1.53739 -0.0893499 0.348522 
-1.53819 -0.0888475 0.348546 
-1.53821 -0.088824 0.348546 
-1.53862 -0.0881188 0.348506 
-1.53867 -0.0880486 0.348498 
-1.54217 -0.0888028 0.348045 
-1.54293 -0.0887704 0.348013 
-1.5435 -0.0886819 0.347945 
-1.54381 -0.0888763 0.347926 
-1.54437 -0.0894002 0.347868 
-1.54448 -0.0895219 0.34785 
-1.54477 -0.0902004 0.347786 
-1.54472 -0.090922 0.347773 
-1.54466 -0.091051 0.347777 
-1.54423 -0.0916818 0.347782 
-1.54408 -0.0918413 0.347778 
-1.54338 -0.0922129 0.34779 
-1.54256 -0.0924464 0.347789 
-1.54188 -0.0925478 0.347778 
-1.54163 -0.0925804 0.347771 
-1.54156 -0.0925636 0.347773 
-1.54069 -0.0924159 0.347777 
-1.53971 -0.0919559 0.347798 
-1.53982 -0.091272 0.347887 
-1.54031 -0.090565 0.347977 
-1.54079 -0.090032 0.348029 
-1.54098 -0.0898313 0.348042 
-1.54155 -0.089317 0.348062 
-1.54189 -0.0890614 0.34806 
-1.54519 -0.0890792 0.347497 
-1.54568 -0.0886552 0.347439 
-1.54627 -0.0885776 0.347372 
-1.54705 -0.0890786 0.347316 
-1.54713 -0.0891366 0.347308 
-1.5477 -0.0896292 0.347182 
-1.54774 -0.0896861 0.347167 
-1.54802 -0.0903496 0.34707 
-1.54797 -0.0910654 0.347107 
-1.54796 -0.0911002 0.347108 
-1.54758 -0.0918511 0.347153 
-1.54756 -0.0918747 0.347152 
-1.54688 -0.0926112 0.347129 
-1.54629 -0.0926809 0.347195 
-1.54564 -0.0925273 0.347271 
-1.5449 -0.0921545 0.347345 
-1.54487 -0.0921349 0.347347 
-1.54421 -0.0914818 0.347414 
-1.54443 -0.0907768 0.34748 
-1.54481 -0.0901437 0.347515 
-1.54485 -0.0900416 0.347518 
-1.54507 -0.0892981 0.34751 
-1.54675 -0.0871509 0.346607 
-1.54739 -0.0871221 0.346548 
-1.54753 -0.0871817 0.34655 
-1.54841 -0.0875586 0.346531 
-1.54891 -0.0877944 0.346491 
-1.54929 -0.0880608 0.346473 
-1.54972 -0.0884602 0.346459 
-1.55026 -0.089147 0.346443 
-1.55062 -0.0898528 0.346441 
-1.55081 -0.0905615 0.346419 
-1.55084 -0.0912717 0.346386 
-1.55072 -0.0919714 0.346318 
-1.5504 -0.092691 0.346257 
-1.55029 -0.0928564 0.346246 
-1.54986 -0.0934127 0.346184 
-1.54923 -0.0940049 0.346102 
-1.54906 -0.0941355 0.346084 
-1.54804 -0.0948443 0.345927 
-1.54784 -0.0949548 0.345903 
-1.54654 -0.0955462 0.345757 
-1.5458 -0.0956031 0.345791 
-1.54592 -0.0950269 0.346042 
-1.54594 -0.0948603 0.346103 
-1.54591 -0.0944059 0.346252 
-1.5462 -0.0937567 0.346433 
-1.54661 -0.0930879 0.34659 
-1.54705 -0.0923998 0.346721 
-1.54745 -0.0917001 0.346821 
-1.54777 -0.0913899 0.346856 
-1.54814 -0.0909672 0.34689 
-1.54831 -0.0902365 0.346911 
-1.54827 -0.0898746 0.346907 
-1.5482 -0.0895066 0.346895 
-1.54762 -0.0887918 0.346851 
-1.54697 -0.0880588 0.346772 
-1.54674 -0.0872751 0.346637 
-1.54922 -0.087325 0.345935 
-1.54967 -0.0871359 0.345845 
-1.55026 -0.0871748 0.345766 
-1.55054 -0.0873025 0.345758 
-1.55112 -0.0875884 0.345715 
-1.55163 -0.0879176 0.345667 
-1.55192 -0.0881517 0.345635 
-1.55233 -0.0885608 0.345579 
-1.55267 -0.0890223 0.345514 
-1.55278 -0.0892095 0.345476 
-1.55306 -0.0898725 0.345382 
-1.55322 -0.0905591 0.345311 
-1.55326 -0.0912563 0.345255 
-1.55316 -0.0919461 0.345168 
-1.55297 -0.0926757 0.345139 
-1.55283 -0.0930847 0.34516 
-1.55264 -0.0934358 0.345159 
-1.55218 -0.0940462 0.34513 
-1.55206 -0.0941794 0.345121 
-1.55124 -0.094908 0.345022 
-1.55115 -0.0949764 0.345013 
-1.55055 -0.0953061 0.345054 
-1.54983 -0.0955852 0.345073 
-1.54912 -0.0957365 0.345105 
-1.54862 -0.0956231 0.345212 
-1.54848 -0.0952537 0.345374 
-1.54852 -0.0950356 0.345454 
-1.54861 -0.0946265 0.345588 
-1.54887 -0.093978 0.345771 
-1.54992 -0.0933073 0.34594 
-1.54996 -0.0932783 0.345947 
-1.55028 -0.0925925 0.346073 
-1.55033 -0.0919072 0.346162 
-1.5503 -0.0918517 0.346167 
-1.54997 -0.0912249 0.346211 
-1.54974 -0.0905173 0.346233 
-1.54937 -0.0898041 0.346222 
-1.54887 -0.0890819 0.346177 
-1.54847 -0.0883361 0.346105 
-1.5485 -0.0882638 0.346098 
-1.54887 -0.0877262 0.346026 
-1.5491 -0.0875058 0.34598 
-1.54684 -0.0862673 0.344897 
-1.54719 -0.0857926 0.344813 
-1.54783 -0.0855897 0.344769 
-1.54882 -0.0856754 0.344778 
-1.54976 -0.0858152 0.344771 
-1.55048 -0.0860652 0.344797 
-1.55104 -0.0862724 0.344809 
-1.55196 -0.0866246 0.344775 
-1.55208 -0.0866855 0.344776 
-1.55301 -0.087234 0.344748 
-1.55316 -0.0873284 0.344737 
-1.55395 -0.0879945 0.344707 
-1.5541 -0.0881483 0.344697 
-1.55454 -0.0886666 0.344658 
-1.55487 -0.0892416 0.344558 
-1.5549 -0.0893118 0.344539 
-1.55514 -0.0899816 0.344451 
-1.55521 -0.090645 0.344325 
-1.55523 -0.0913347 0.34425 
-1.55513 -0.0920239 0.34416 
-1.55487 -0.0927076 0.344035 
-1.55446 -0.0933787 0.343879 
-1.55392 -0.0940491 0.343707 
-1.55334 -0.0947513 0.343582 
-1.55282 -0.0953046 0.343509 
-1.55264 -0.0954723 0.343489 
-1.55208 -0.0960111 0.343483 
-1.5518 -0.0962891 0.343603 
-1.55176 -0.0963159 0.343605 
-1.55125 -0.0966211 0.343652 
-1.55088 -0.0967514 0.343765 
-1.55047 -0.0968141 0.343874 
-1.55008 -0.0967713 0.343998 
-1.54995 -0.096674 0.344082 
-1.54976 -0.0965804 0.344154 
-1.54876 -0.0966953 0.344123 
-1.54778 -0.0966976 0.344108 
-1.547 -0.0964738 0.34416 
-1.54667 -0.0962082 0.344231 
-1.54637 -0.0960105 0.344271 
-1.54537 -0.0956486 0.344284 
-1.54529 -0.0955898 0.344293 
-1.54505 -0.0949396 0.344423 
-1.54478 -0.0946404 0.344457 
-1.54439 -0.0942802 0.344483 
-1.5451 -0.093612 0.344674 
-1.54562 -0.0932724 0.344779 
-1.54606 -0.09293 0.344874 
-1.54608 -0.0922431 0.344955 
-1.54604 -0.0915471 0.345013 
-1.54618 -0.0908378 0.345071 
-1.54657 -0.0901204 0.345135 
-1.5467 -0.0898043 0.345153 
-1.54681 -0.0893921 0.345163 
-1.54656 -0.0886538 0.345121 
-1.54665 -0.0880768 0.345098 
-1.54666 -0.0879022 0.345086 
-1.54666 -0.0871365 0.345013 
-1.5467 -0.0870202 0.345002 
-1.54685 -0.0863449 0.34491 
-1.54833 -0.0854685 0.343882 
-1.54922 -0.0854141 0.343881 
-1.54994 -0.0853351 0.343842 
-1.55064 -0.0853229 0.343794 
-1.55117 -0.0855006 0.343824 
-1.55205 -0.0858086 0.343859 
-1.55288 -0.086056 0.343814 
-1.55301 -0.0861175 0.343818 
-1.55423 -0.0867942 0.343859 
-1.55433 -0.0868543 0.343856 
-1.55518 -0.0874433 0.343815 
-1.55537 -0.0875993 0.343813 
-1.55591 -0.0881146 0.343787 
-1.5565 -0.088807 0.343773 
-1.55659 -0.0889535 0.343748 
-1.55683 -0.0894567 0.343656 
-1.55705 -0.0901266 0.343566 
-1.55727 -0.0908422 0.343552 
-1.55723 -0.0911662 0.343473 
-1.55715 -0.0914897 0.343381 
-1.55696 -0.0921535 0.343232 
-1.5567 -0.0928381 0.343107 
-1.5563 -0.0935125 0.342956 
-1.55582 -0.0941988 0.342819 
-1.55561 -0.0945148 0.342782 
-1.55528 -0.0949143 0.342724 
-1.55462 -0.0956395 0.34264 
-1.55455 -0.0957097 0.342638 
-1.55414 -0.0961977 0.342705 
-1.55382 -0.0964514 0.342704 
-1.55337 -0.0967495 0.342688 
-1.55292 -0.0970167 0.342767 
-1.5524 -0.0972232 0.342839 
-1.55188 -0.0973401 0.342918 
-1.55128 -0.0974095 0.342985 
-1.55084 -0.0973135 0.343102 
-1.55023 -0.0972107 0.343183 
-1.5492 -0.0972418 0.343154 
-1.54875 -0.0970194 0.343231 
-1.54861 -0.0969328 0.343257 
-1.54795 -0.0965145 0.343359 
-1.54788 -0.0964191 0.343384 
-1.54734 -0.0958875 0.343488 
-1.54723 -0.0957893 0.343503 
-1.54647 -0.0952022 0.343563 
-1.54636 -0.0951385 0.343565 
-1.54626 -0.0944776 0.343684 
-1.54608 -0.0938067 0.343776 
-1.54622 -0.0931246 0.343887 
-1.54611 -0.0924365 0.343952 
-1.54605 -0.0923937 0.34395 
-1.54526 -0.0917371 0.343915 
-1.54543 -0.0910305 0.343981 
-1.54568 -0.090722 0.344027 
-1.54593 -0.0903194 0.344071 
-1.54595 -0.0895979 0.344085 
-1.54596 -0.0888632 0.344081 
-1.54606 -0.0887948 0.34409 
-1.54683 -0.0881156 0.344142 
-1.5469 -0.0880456 0.344143 
-1.5474 -0.0873506 0.344135 
-1.54743 -0.0872791 0.344132 
-1.54781 -0.0865849 0.344075 
-1.54783 -0.0865643 0.344073 
-1.5481 -0.0859858 0.343989 
-1.54827 -0.0857402 0.343945 
-1.5487 -0.0854857 0.342951 
-1.54928 -0.08519 0.342903 
-1.55027 -0.0851829 0.342918 
-1.55129 -0.0852661 0.342931 
-1.55214 -0.0853371 0.342909 
-1.55321 -0.0856244 0.342925 
-1.55327 -0.0856437 0.342926 
-1.55466 -0.0862249 0.342976 
-1.5548 -0.0862899 0.34298 
-1.55581 -0.0868042 0.34297 
-1.55603 -0.0869347 0.342959 
-1.55676 -0.0874301 0.342915 
-1.55694 -0.0875778 0.342897 
-1.55764 -0.0882462 0.342857 
-1.55777 -0.0883985 0.342841 
-1.55813 -0.0889085 0.342775 
-1.55853 -0.0895991 0.342742 
-1.55866 -0.0899724 0.342681 
-1.55871 -0.0902575 0.342622 
-1.55882 -0.0909458 0.342545 
-1.55883 -0.0916338 0.342461 
-1.55854 -0.0922739 0.342257 
-1.55828 -0.0929577 0.34213 
-1.55787 -0.0936301 0.341973 
-1.55731 -0.0942931 0.341781 
-1.55669 -0.0949774 0.341619 
-1.55596 -0.0956579 0.341444 
-1.55563 -0.0960286 0.341414 
-1.55524 -0.0963923 0.341372 
-1.55471 -0.0968572 0.341336 
-1.55465 -0.0970926 0.341509 
-1.55444 -0.097268 0.341546 
-1.55418 -0.0974381 0.341577 
-1.55387 -0.0976181 0.341698 
-1.55373 -0.0976343 0.341874 
-1.55379 -0.0975479 0.341998 
-1.55378 -0.0974656 0.34211 
-1.55337 -0.0974393 0.342228 
-1.55291 -0.0973461 0.342342 
-1.55203 -0.0973869 0.342347 
-1.5515 -0.0971782 0.342441 
-1.55146 -0.0971611 0.342447 
-1.55066 -0.0969566 0.342494 
-1.55045 -0.0965934 0.342607 
-1.5503 -0.0963029 0.342686 
-1.5501 -0.0959661 0.342766 
-1.55019 -0.0953158 0.342934 
-1.55011 -0.095152 0.342963 
-1.54988 -0.094659 0.343041 
-1.55016 -0.0939889 0.343186 
-1.54988 -0.0933071 0.343256 
-1.54997 -0.0926184 0.343345 
-1.54963 -0.0922695 0.343343 
-1.54923 -0.0919217 0.343328 
-1.54903 -0.091212 0.343352 
-1.54924 -0.090857 0.343391 
-1.54939 -0.0904958 0.343418 
-1.5488 -0.089773 0.343365 
-1.54826 -0.0890377 0.3433 
-1.54852 -0.0882917 0.343298 
-1.5486 -0.0881562 0.343297 
-1.54873 -0.0875317 0.343261 
-1.54873 -0.0871173 0.343219 
-1.54874 -0.0867579 0.343176 
-1.5487 -0.0862041 0.34309 
-1.54868 -0.0859622 0.343046 
-1.55205 -0.0867018 0.342366 
-1.5529 -0.0865346 0.342366 
-1.55367 -0.0864019 0.342344 
-1.554 -0.0860875 0.34224 
-1.55452 -0.0859728 0.34216 
-1.55504 -0.0859362 0.342072 
-1.55575 -0.0860987 0.342007 
-1.55635 -0.0862876 0.341915 
-1.55647 -0.0863525 0.341916 
-1.5574 -0.0869014 0.341885 
-1.55754 -0.0869972 0.341876 
-1.55826 -0.0875795 0.341804 
-1.55832 -0.0876373 0.341792 
-1.55902 -0.0883338 0.341804 
-1.55954 -0.0890232 0.341775 
-1.55961 -0.0891687 0.341746 
-1.55978 -0.0896686 0.341638 
-1.55994 -0.0903343 0.341529 
-1.55993 -0.0904936 0.341481 
-1.55984 -0.090972 0.341333 
-1.55988 -0.0916696 0.341269 
-1.55973 -0.092352 0.341159 
-1.55923 -0.0929835 0.340908 
-1.55878 -0.0936471 0.340729 
-1.55839 -0.0943472 0.340625 
-1.55782 -0.0950399 0.340483 
-1.55708 -0.0957126 0.340292 
-1.55677 -0.0960198 0.340238 
-1.55631 -0.0964113 0.340149 
-1.55541 -0.0971186 0.339999 
-1.55528 -0.0972346 0.339993 
-1.55468 -0.0977894 0.340011 
-1.55454 -0.0979142 0.340025 
-1.55413 -0.0982158 0.340055 
-1.55407 -0.0983513 0.340237 
-1.55422 -0.0983281 0.34048 
-1.55443 -0.0982325 0.340602 
-1.55479 -0.0980352 0.340844 
-1.55497 -0.0978141 0.341116 
-1.55504 -0.0977639 0.341155 
-1.5555 -0.0972923 0.341494 
-1.55556 -0.0972084 0.341547 
-1.55584 -0.0966836 0.341839 
-1.55585 -0.0966296 0.341866 
-1.55629 -0.0960108 0.342126 
-1.55639 -0.0955829 0.34228 
-1.5564 -0.0953832 0.342344 
-1.55649 -0.0947389 0.342521 
-1.55656 -0.0940782 0.342666 
-1.55654 -0.0940481 0.34267 
-1.55611 -0.0934142 0.342756 
-1.55567 -0.0929395 0.342791 
-1.5554 -0.0927429 0.342795 
-1.5545 -0.0920594 0.342788 
-1.55426 -0.0919362 0.342778 
-1.55314 -0.0913629 0.342716 
-1.55246 -0.0910789 0.342664 
-1.55127 -0.0906581 0.342559 
-1.55014 -0.0899367 0.342451 
-1.55006 -0.0898957 0.342442 
-1.54869 -0.0892029 0.342288 
-1.54884 -0.088633 0.342289 
-1.54892 -0.0884606 0.34229 
-1.54972 -0.0879842 0.342342 
-1.55038 -0.0876909 0.342379 
-1.55063 -0.0875292 0.342383 
-1.55157 -0.087214 0.342418 
-1.55193 -0.0868745 0.34239 
-1.55684 -0.086388 0.341208 
-1.55737 -0.0864441 0.341111 
-1.55768 -0.0865744 0.341102 
-1.55823 -0.0868231 0.341061 
-1.55876 -0.0870902 0.340943 
-1.55884 -0.0871489 0.340937 
-1.55951 -0.0876842 0.340846 
-1.5596 -0.0877767 0.340826 
-1.56019 -0.0884332 0.340748 
-1.56026 -0.0885467 0.340722 
-1.56054 -0.0890775 0.340613 
-1.56069 -0.0895347 0.340515 
-1.5607 -0.0897172 0.340456 
-1.5609 -0.0903979 0.340379 
-1.56085 -0.0910569 0.340227 
-1.56081 -0.0917384 0.340126 
-1.56079 -0.0917767 0.340111 
-1.56038 -0.0923633 0.339877 
-1.56015 -0.0930544 0.339766 
-1.55974 -0.0937275 0.339609 
-1.55918 -0.094391 0.339419 
-1.55859 -0.0950748 0.339257 
-1.55838 -0.0953877 0.339222 
-1.55804 -0.0957872 0.33916 
-1.55721 -0.0964629 0.338966 
-1.55625 -0.0971442 0.338765 
-1.55617 -0.0972277 0.338757 
-1.5553 -0.0978598 0.338634 
-1.55492 -0.0981389 0.338596 
-1.55453 -0.09855 0.338676 
-1.55437 -0.098677 0.338693 
-1.55396 -0.0989502 0.338718 
-1.55416 -0.0989875 0.338966 
-1.55443 -0.0989089 0.339126 
-1.55472 -0.0988123 0.339316 
-1.55488 -0.0987157 0.33957 
-1.55527 -0.0984944 0.339799 
-1.55551 -0.0983295 0.339956 
-1.55567 -0.0980388 0.340229 
-1.55572 -0.0979876 0.340266 
-1.5561 -0.0974753 0.34059 
-1.55613 -0.0974191 0.340622 
-1.55672 -0.0968097 0.340915 
-1.55693 -0.0963912 0.34109 
-1.55698 -0.0961946 0.341164 
-1.55723 -0.0955558 0.341376 
-1.55744 -0.0949042 0.341553 
-1.55744 -0.0948675 0.341562 
-1.55727 -0.0942487 0.341684 
-1.55706 -0.0935751 0.341781 
-1.5569 -0.093456 0.341789 
-1.55622 -0.0929036 0.341808 
-1.5556 -0.0924188 0.341805 
-1.55528 -0.0922175 0.341795 
-1.55438 -0.0915135 0.341758 
-1.55374 -0.091192 0.341712 
-1.55291 -0.0908058 0.341643 
-1.55196 -0.0900836 0.341557 
-1.55151 -0.089346 0.341501 
-1.55204 -0.089014 0.341542 
-1.55321 -0.0886904 0.341628 
-1.55343 -0.0885736 0.341638 
-1.55406 -0.0882412 0.341655 
-1.55503 -0.0880237 0.341686 
-1.55577 -0.0877429 0.34167 
-1.55579 -0.0877168 0.341666 
-1.55614 -0.0873089 0.341586 
-1.55652 -0.0870005 0.341494 
-1.55692 -0.0867966 0.341393 
-1.55691 -0.0867684 0.341382 
-1.55812 -0.086665 0.34024 
-1.55841 -0.086576 0.340105 
-1.55875 -0.0866953 0.340077 
-1.55909 -0.0868267 0.340024 
-1.55975 -0.0871799 0.339929 
-1.55988 -0.0872723 0.339913 
-1.5604 -0.0876863 0.339816 
-1.56061 -0.0878892 0.339775 
-1.5611 -0.0884642 0.339689 
-1.56114 -0.0885358 0.339673 
-1.56154 -0.0891975 0.339575 
-1.56162 -0.0894864 0.339498 
-1.56165 -0.0898269 0.339392 
-1.56183 -0.0905062 0.33931 
-1.56182 -0.0911732 0.339176 
-1.5618 -0.091212 0.339162 
-1.56156 -0.0918106 0.338968 
-1.56144 -0.0925007 0.338873 
-1.56118 -0.0931868 0.338749 
-1.56077 -0.09386 0.338592 
-1.56021 -0.0945242 0.338402 
-1.55949 -0.095182 0.338178 
-1.55864 -0.0958282 0.337927 
-1.55798 -0.0964839 0.337797 
-1.55793 -0.0965274 0.337789 
-1.55697 -0.0972023 0.337575 
-1.55592 -0.0978816 0.337368 
-1.55563 -0.0980889 0.337325 
-1.5548 -0.0985775 0.337185 
-1.55399 -0.0990428 0.337075 
-1.55357 -0.0993009 0.337043 
-1.55296 -0.0996342 0.336994 
-1.55255 -0.0999404 0.337079 
-1.55275 -0.0999857 0.337327 
-1.55341 -0.0998206 0.337696 
-1.55369 -0.0997263 0.337834 
-1.55416 -0.0995409 0.3381 
-1.5545 -0.0993265 0.338404 
-1.55459 -0.099278 0.338449 
-1.55531 -0.0988268 0.338841 
-1.55541 -0.0987457 0.338903 
-1.5559 -0.0982706 0.339237 
-1.55596 -0.0981895 0.339289 
-1.55649 -0.0975971 0.339613 
-1.55659 -0.0974617 0.339681 
-1.55689 -0.0969898 0.339891 
-1.55734 -0.0963599 0.340133 
-1.55736 -0.0962155 0.340181 
-1.55735 -0.0957242 0.340324 
-1.55743 -0.0950722 0.340489 
-1.55736 -0.0949252 0.340515 
-1.55703 -0.0944154 0.340592 
-1.55677 -0.0937383 0.340678 
-1.5566 -0.0935861 0.340684 
-1.55597 -0.0930586 0.340695 
-1.55544 -0.0923633 0.340709 
-1.55497 -0.0916534 0.340709 
-1.55489 -0.0915842 0.340705 
-1.55417 -0.0909395 0.340658 
-1.55436 -0.0906103 0.340681 
-1.55458 -0.0902063 0.340701 
-1.5552 -0.0897498 0.340746 
-1.55587 -0.0894375 0.340782 
-1.55613 -0.0892759 0.340791 
-1.55698 -0.0889047 0.340809 
-1.55777 -0.0886263 0.340804 
-1.55778 -0.0886012 0.340801 
-1.55811 -0.0881189 0.340722 
-1.55823 -0.0877545 0.340636 
-1.55822 -0.0875803 0.34059 
-1.5584 -0.0872213 0.340458 
-1.55825 -0.0868517 0.340316 
-1.55871 -0.08665 0.339144 
-1.55904 -0.0865884 0.339017 
-1.55919 -0.0864915 0.338849 
-1.55948 -0.0865779 0.338699 
-1.55958 -0.0866393 0.338692 
-1.56015 -0.0870208 0.338597 
-1.56044 -0.087253 0.338564 
-1.56108 -0.0878396 0.338516 
-1.56114 -0.0879121 0.338504 
-1.56169 -0.0885784 0.338439 
-1.56181 -0.0888485 0.338374 
-1.56192 -0.0892122 0.33827 
-1.56222 -0.0898942 0.338206 
-1.56227 -0.090264 0.338128 
-1.56225 -0.0905457 0.338056 
-1.56231 -0.091229 0.337959 
-1.56216 -0.0918916 0.337809 
-1.56185 -0.0925462 0.337628 
-1.56163 -0.0932397 0.337521 
-1.56122 -0.0939131 0.337364 
-1.56066 -0.0945773 0.337175 
-1.55994 -0.0952352 0.336952 
-1.55924 -0.0959104 0.33677 
-1.55842 -0.0965842 0.336574 
-1.55739 -0.0972427 0.336324 
-1.55713 -0.0974703 0.336286 
-1.5565 -0.0979508 0.336185 
-1.55532 -0.0986255 0.335957 
-1.55519 -0.0987098 0.335941 
-1.55405 -0.0993168 0.335754 
-1.5534 -0.0996461 0.335658 
-1.5527 -0.100055 0.335621 
-1.55249 -0.100166 0.33561 
-1.55228 -0.100399 0.335747 
-1.55293 -0.100302 0.336095 
-1.55298 -0.100292 0.336122 
-1.55353 -0.10017 0.336461 
-1.55439 -0.0998792 0.336814 
-1.55481 -0.0997201 0.336999 
-1.5553 -0.0994511 0.337341 
-1.55539 -0.099403 0.337386 
-1.55602 -0.0989855 0.337756 
-1.55611 -0.0988791 0.337846 
-1.55617 -0.0986446 0.338032 
-1.55626 -0.098342 0.338226 
-1.5563 -0.0981907 0.338313 
-1.55634 -0.0977609 0.338525 
-1.55638 -0.0976008 0.338595 
-1.55653 -0.0971514 0.338777 
-1.55656 -0.0966944 0.338932 
-1.55649 -0.0965274 0.338978 
-1.5565 -0.0958816 0.339152 
-1.55633 -0.0956599 0.339192 
-1.55599 -0.0952311 0.339256 
-1.55546 -0.0948107 0.339286 
-1.55504 -0.0945676 0.339288 
-1.55414 -0.0940574 0.339273 
-1.55382 -0.0938855 0.339263 
-1.55266 -0.0931929 0.339216 
-1.55248 -0.0931102 0.339203 
-1.55113 -0.092487 0.339101 
-1.55035 -0.0917722 0.339057 
-1.55 -0.0910567 0.339049 
-1.55023 -0.0903369 0.339095 
-1.55111 -0.0899963 0.3392 
-1.55295 -0.0900183 0.339401 
-1.5546 -0.0900088 0.339565 
-1.55618 -0.090077 0.339703 
-1.55733 -0.0898048 0.339777 
-1.55831 -0.0895378 0.339816 
-1.55835 -0.089509 0.339816 
-1.55902 -0.0891508 0.339803 
-1.55934 -0.0886753 0.339737 
-1.55936 -0.0885998 0.339724 
-1.55956 -0.0880978 0.339609 
-1.55946 -0.0878308 0.339541 
-1.55916 -0.0873127 0.339389 
-1.55897 -0.0869846 0.339273 
-1.55961 -0.0869741 0.338084 
-1.5592 -0.0864531 0.337836 
-1.5591 -0.0862144 0.33763 
-1.55933 -0.0862507 0.33747 
-1.55987 -0.0865678 0.33735 
-1.55996 -0.0866312 0.337346 
-1.56068 -0.0872081 0.33726 
-1.56074 -0.0872662 0.337249 
-1.56143 -0.0879405 0.337216 
-1.56163 -0.0882142 0.337164 
-1.56182 -0.0885789 0.337081 
-1.56221 -0.0892584 0.337015 
-1.56225 -0.0894202 0.336977 
-1.5623 -0.089902 0.336856 
-1.56247 -0.0905837 0.336776 
-1.56251 -0.091267 0.336678 
-1.56245 -0.0919495 0.336576 
-1.56243 -0.0919875 0.336559 
-1.56198 -0.092574 0.336321 
-1.56172 -0.0932618 0.3362 
-1.5613 -0.0939321 0.336035 
-1.56075 -0.0945994 0.335855 
-1.56003 -0.0952556 0.335628 
-1.55957 -0.0959243 0.335542 
-1.55954 -0.0959685 0.335537 
-1.55866 -0.096631 0.335316 
-1.55775 -0.0973095 0.335113 
-1.55709 -0.0978553 0.335011 
-1.55687 -0.0980185 0.334978 
-1.55567 -0.098684 0.334733 
-1.55507 -0.0990685 0.334653 
-1.55451 -0.0993978 0.33458 
-1.55379 -0.0998084 0.334502 
-1.5536 -0.1001 0.334637 
-1.55384 -0.100191 0.33489 
-1.55448 -0.100094 0.335248 
-1.55519 -0.0998904 0.335545 
-1.55565 -0.0997399 0.335748 
-1.55629 -0.0994808 0.336124 
-1.5564 -0.0994336 0.336173 
-1.55717 -0.0990248 0.33657 
-1.5573 -0.098921 0.336671 
-1.55744 -0.0987088 0.336869 
-1.55757 -0.0984044 0.337099 
-1.55761 -0.0983221 0.337153 
-1.55753 -0.0979302 0.337381 
-1.55755 -0.0978434 0.337425 
-1.55747 -0.0973735 0.337628 
-1.55726 -0.0972546 0.337667 
-1.55677 -0.0970539 0.337713 
-1.55584 -0.0967523 0.337743 
-1.55572 -0.0966553 0.33776 
-1.55494 -0.0962344 0.337801 
-1.55446 -0.0960117 0.337807 
-1.55384 -0.0956402 0.337822 
-1.55347 -0.0953498 0.337838 
-1.55261 -0.0947849 0.337838 
-1.55237 -0.0946726 0.337828 
-1.5515 -0.0939813 0.337821 
-1.55102 -0.0937413 0.337793 
-1.55003 -0.0932783 0.337722 
-1.54937 -0.092574 0.337701 
-1.54908 -0.0918628 0.337717 
-1.54951 -0.0911549 0.337807 
-1.5503 -0.0908625 0.337914 
-1.55158 -0.0904461 0.338074 
-1.55185 -0.090331 0.338106 
-1.55359 -0.0902406 0.338295 
-1.55525 -0.0902312 0.338458 
-1.55684 -0.0903106 0.338597 
-1.55779 -0.0904036 0.338671 
-1.55834 -0.0904559 0.338708 
-1.55975 -0.0907006 0.338791 
-1.5604 -0.0903189 0.338797 
-1.56049 -0.0902403 0.338794 
-1.56099 -0.0897266 0.338748 
-1.56102 -0.0895014 0.338718 
-1.56068 -0.0887173 0.338587 
-1.56066 -0.088642 0.338571 
-1.5603 -0.087899 0.338387 
-1.56023 -0.0877753 0.338352 
-1.55969 -0.0870562 0.338113 
-1.56021 -0.0869756 0.336779 
-1.56002 -0.0866707 0.33656 
-1.55994 -0.0865259 0.33635 
-1.56034 -0.0867621 0.336261 
-1.56046 -0.0868418 0.336225 
-1.56093 -0.0872561 0.336081 
-1.56102 -0.0873482 0.33606 
-1.56165 -0.0880072 0.33599 
-1.56173 -0.0881217 0.335967 
-1.56204 -0.0886502 0.335864 
-1.56224 -0.0891138 0.335775 
-1.56226 -0.0892978 0.335721 
-1.56257 -0.0899854 0.335668 
-1.56266 -0.0906536 0.335554 
-1.56272 -0.0913398 0.335463 
-1.5627 -0.0913785 0.335449 
-1.56239 -0.0919736 0.33524 
-1.56229 -0.092667 0.335153 
-1.56192 -0.0933344 0.334983 
-1.56119 -0.0939516 0.334689 
-1.56099 -0.0946778 0.334652 
-1.56032 -0.0953457 0.334453 
-1.55947 -0.0959921 0.334204 
-1.55887 -0.0966518 0.334088 
-1.55883 -0.0966955 0.33408 
-1.55791 -0.0973729 0.333877 
-1.55693 -0.0980574 0.333687 
-1.55666 -0.0982661 0.33365 
-1.55591 -0.09876 0.333527 
-1.5553 -0.0991883 0.333465 
-1.5549 -0.0995135 0.333462 
-1.55451 -0.0997633 0.33344 
-1.55468 -0.0999388 0.333666 
-1.55489 -0.100042 0.333909 
-1.5552 -0.100048 0.334183 
-1.55553 -0.0999573 0.33433 
-1.55611 -0.0997778 0.334617 
-1.5566 -0.0995739 0.334952 
-1.5567 -0.0995279 0.335003 
-1.55716 -0.0992514 0.335315 
-1.55726 -0.0990524 0.335535 
-1.55729 -0.099006 0.335577 
-1.55717 -0.0987799 0.335778 
-1.55727 -0.0985354 0.335935 
-1.55729 -0.0983186 0.336059 
-1.55733 -0.0979574 0.336237 
-1.55729 -0.0977662 0.33632 
-1.55667 -0.0974261 0.336423 
-1.55663 -0.0973697 0.336439 
-1.55674 -0.0967384 0.336643 
-1.55652 -0.0965181 0.336688 
-1.55611 -0.0960966 0.336759 
-1.55575 -0.0957928 0.336793 
-1.55496 -0.095442 0.336788 
-1.55449 -0.0952642 0.336774 
-1.55346 -0.0947682 0.336746 
-1.55307 -0.0945299 0.336737 
-1.55227 -0.0940766 0.336707 
-1.55178 -0.0933827 0.336728 
-1.55202 -0.0926857 0.336819 
-1.55182 -0.0919744 0.336846 
-1.5524 -0.0912624 0.336946 
-1.55268 -0.0911561 0.336981 
-1.55436 -0.0909486 0.337168 
-1.55615 -0.0911477 0.33734 
-1.55699 -0.0912476 0.337413 
-1.55778 -0.0913377 0.337476 
-1.55912 -0.091274 0.337573 
-1.56038 -0.0913349 0.337638 
-1.56151 -0.091431 0.337672 
-1.56198 -0.0910956 0.337667 
-1.56214 -0.0908955 0.337656 
-1.56221 -0.0903142 0.337607 
-1.56217 -0.0898912 0.337553 
-1.56208 -0.089522 0.337494 
-1.5618 -0.0888649 0.337363 
-1.56172 -0.0887194 0.337328 
-1.5611 -0.0879064 0.337114 
-1.56104 -0.0878288 0.337088 
-1.5603 -0.087059 0.336812 
-1.55913 -0.0861881 0.335183 
-1.55872 -0.0858611 0.334919 
-1.55917 -0.0860929 0.334883 
-1.55948 -0.0862758 0.334839 
-1.56009 -0.086708 0.33476 
-1.56023 -0.0868194 0.334744 
-1.56085 -0.0873619 0.334695 
-1.56114 -0.087665 0.334654 
-1.56137 -0.0880035 0.334581 
-1.56191 -0.0886874 0.334547 
-1.56197 -0.0888361 0.334515 
-1.56212 -0.0893347 0.334402 
-1.56237 -0.0900123 0.334323 
-1.56257 -0.0907034 0.334264 
-1.56256 -0.0907462 0.334252 
-1.5624 -0.0913496 0.334075 
-1.56244 -0.0920486 0.334012 
-1.56224 -0.0927248 0.333884 
-1.56165 -0.0933549 0.333623 
-1.56119 -0.0940189 0.333442 
-1.56087 -0.0947234 0.333354 
-1.56038 -0.0954223 0.33323 
-1.55952 -0.0960671 0.332978 
-1.55868 -0.0967341 0.332768 
-1.55836 -0.097044 0.332711 
-1.55789 -0.0974349 0.332621 
-1.55679 -0.0980928 0.332371 
-1.55601 -0.0986337 0.332243 
-1.55577 -0.0987915 0.332205 
-1.55452 -0.0994719 0.331984 
-1.55421 -0.0996667 0.331952 
-1.55329 -0.100211 0.331865 
-1.55309 -0.100316 0.331846 
-1.55302 -0.100559 0.332013 
-1.55307 -0.100713 0.332214 
-1.55345 -0.100706 0.332505 
-1.55381 -0.10062 0.332657 
-1.55445 -0.100443 0.332958 
-1.55482 -0.100313 0.333256 
-1.55505 -0.100216 0.333384 
-1.55542 -0.100023 0.333625 
-1.55561 -0.0997991 0.333895 
-1.55568 -0.0997505 0.333936 
-1.55611 -0.0993524 0.334257 
-1.5562 -0.0992164 0.334355 
-1.55628 -0.0989262 0.334543 
-1.55634 -0.0986579 0.334693 
-1.55652 -0.0983148 0.334864 
-1.55663 -0.0980587 0.334979 
-1.55685 -0.0974434 0.335224 
-1.55685 -0.097418 0.335232 
-1.55674 -0.0968164 0.335412 
-1.55661 -0.0965651 0.335471 
-1.5563 -0.0961726 0.335543 
-1.55613 -0.0955146 0.335668 
-1.5561 -0.0954874 0.335671 
-1.55541 -0.0948464 0.335718 
-1.55498 -0.0945058 0.335727 
-1.55441 -0.0941618 0.335715 
-1.55355 -0.0934689 0.335701 
-1.55338 -0.0932577 0.335703 
-1.55296 -0.0927675 0.3357 
-1.55277 -0.0920559 0.335724 
-1.55298 -0.0917017 0.335768 
-1.55387 -0.0913419 0.335878 
-1.55454 -0.0912336 0.335953 
-1.5562 -0.0912249 0.336115 
-1.55675 -0.0913279 0.336162 
-1.5579 -0.0915368 0.336252 
-1.55936 -0.0917168 0.336352 
-1.56067 -0.0919097 0.336413 
-1.56088 -0.0919654 0.336421 
-1.56185 -0.0922097 0.336437 
-1.56245 -0.0918886 0.336444 
-1.56261 -0.0917645 0.336442 
-1.56292 -0.0911057 0.336409 
-1.56292 -0.0908615 0.336391 
-1.56283 -0.0903352 0.336336 
-1.56239 -0.0895676 0.336236 
-1.56226 -0.0893163 0.336191 
-1.5619 -0.088775 0.336077 
-1.56115 -0.0879832 0.335888 
-1.56109 -0.0879057 0.335863 
-1.56035 -0.0871358 0.335587 
-1.56026 -0.0870523 0.335555 
-1.55925 -0.0862685 0.335221 
-1.55794 -0.0856024 0.333546 
-1.55778 -0.0854884 0.333315 
-1.55837 -0.0858655 0.333202 
-1.55851 -0.0859611 0.333193 
-1.55945 -0.0866379 0.333186 
-1.55957 -0.0867511 0.333173 
-1.56014 -0.0872964 0.333124 
-1.56055 -0.0877675 0.333081 
-1.56067 -0.0879561 0.333045 
-1.56128 -0.0886597 0.333056 
-1.56171 -0.0893552 0.333024 
-1.5618 -0.0897274 0.332956 
-1.56183 -0.0900109 0.332892 
-1.562 -0.0906971 0.33282 
-1.56196 -0.0913695 0.332695 
-1.56177 -0.092029 0.332536 
-1.56166 -0.0927205 0.332445 
-1.5614 -0.0934064 0.332321 
-1.56099 -0.0940796 0.332165 
-1.56043 -0.0947434 0.331977 
-1.55971 -0.0954009 0.331756 
-1.55891 -0.0960555 0.331528 
-1.55825 -0.0967519 0.331391 
-1.55778 -0.0973128 0.331329 
-1.55762 -0.0974797 0.331308 
-1.5566 -0.0981537 0.331097 
-1.55613 -0.098568 0.33105 
-1.55572 -0.0988845 0.331003 
-1.55477 -0.0994681 0.330869 
-1.55455 -0.0995911 0.330839 
-1.55343 -0.100208 0.330708 
-1.55328 -0.100335 0.330724 
-1.55287 -0.100608 0.330749 
-1.55288 -0.100773 0.33094 
-1.55326 -0.100767 0.33123 
-1.55361 -0.100681 0.331382 
-1.55426 -0.100503 0.331681 
-1.55482 -0.100308 0.332029 
-1.55494 -0.10026 0.332084 
-1.55553 -0.0999713 0.332426 
-1.55583 -0.0997769 0.332628 
-1.55605 -0.0996109 0.332781 
-1.55614 -0.0993169 0.333038 
-1.55619 -0.0992662 0.333072 
-1.55621 -0.0989275 0.333298 
-1.55599 -0.0987252 0.333409 
-1.55589 -0.0986065 0.333465 
-1.55543 -0.0982406 0.333605 
-1.55538 -0.0981449 0.33364 
-1.55496 -0.0977245 0.33376 
-1.55481 -0.0975333 0.333809 
-1.55448 -0.0970036 0.333932 
-1.55436 -0.0968985 0.333948 
-1.55437 -0.096244 0.334105 
-1.554 -0.0958651 0.334147 
-1.55365 -0.0955812 0.334164 
-1.55331 -0.0949074 0.334241 
-1.55292 -0.094669 0.334233 
-1.55217 -0.0942162 0.334209 
-1.55121 -0.0937072 0.334156 
-1.55081 -0.0935153 0.334127 
-1.54952 -0.092805 0.334034 
-1.54989 -0.0921002 0.334132 
-1.55075 -0.0915889 0.334262 
-1.55263 -0.0914656 0.334485 
-1.55445 -0.0914663 0.33468 
-1.5563 -0.0918229 0.334846 
-1.55789 -0.0919932 0.334973 
-1.55833 -0.0920893 0.335002 
-1.55938 -0.0923146 0.335063 
-1.56066 -0.092582 0.335114 
-1.56174 -0.0926361 0.335138 
-1.56263 -0.0924961 0.33514 
-1.56306 -0.0918892 0.335134 
-1.56313 -0.0916652 0.335125 
-1.56314 -0.0911255 0.335092 
-1.56299 -0.0903852 0.335012 
-1.56298 -0.0903528 0.335008 
-1.56248 -0.0895883 0.334908 
-1.56191 -0.0887981 0.334745 
-1.56185 -0.0887058 0.33472 
-1.56119 -0.087985 0.33452 
-1.56071 -0.087541 0.334377 
-1.56025 -0.0871556 0.33424 
-1.5593 -0.08646 0.333965 
-1.55907 -0.0863058 0.333898 
-1.55645 -0.0850794 0.33184 
-1.55658 -0.085185 0.331653 
-1.55669 -0.085245 0.33165 
-1.55774 -0.0859177 0.331657 
-1.5579 -0.0860362 0.331652 
-1.55859 -0.0865875 0.331629 
-1.55911 -0.0870638 0.331608 
-1.55927 -0.0872548 0.331583 
-1.55988 -0.0879374 0.331557 
-1.56057 -0.0886568 0.331604 
-1.56075 -0.0889969 0.331571 
-1.56088 -0.0893329 0.331525 
-1.56121 -0.0900271 0.331486 
-1.56133 -0.0907044 0.331393 
-1.56128 -0.0913761 0.331266 
-1.56133 -0.0920761 0.331207 
-1.56122 -0.0927675 0.331116 
-1.56096 -0.0934531 0.330991 
-1.56055 -0.094126 0.330836 
-1.55999 -0.0947895 0.330648 
-1.55934 -0.0954572 0.330451 
-1.55883 -0.096164 0.33035 
-1.55805 -0.0968409 0.330166 
-1.55787 -0.0970734 0.330146 
-1.55739 -0.097567 0.330077 
-1.55644 -0.0982571 0.329902 
-1.55635 -0.0983396 0.329893 
-1.55541 -0.098961 0.329746 
-1.55475 -0.0993612 0.329649 
-1.55423 -0.0996687 0.329582 
-1.55348 -0.100095 0.329505 
-1.55292 -0.100414 0.329468 
-1.55243 -0.100652 0.329424 
-1.55244 -0.100818 0.329614 
-1.55282 -0.100811 0.329904 
-1.55317 -0.100725 0.330054 
-1.55382 -0.100548 0.330353 
-1.55438 -0.100352 0.330701 
-1.5545 -0.100304 0.330756 
-1.55509 -0.100016 0.331096 
-1.55538 -0.099822 0.331299 
-1.55561 -0.099656 0.33145 
-1.55554 -0.0994307 0.331665 
-1.55559 -0.0993213 0.331744 
-1.55557 -0.0990675 0.331912 
-1.55559 -0.0987686 0.332078 
-1.55556 -0.0985914 0.332165 
-1.55529 -0.0981836 0.332328 
-1.55525 -0.0981314 0.332348 
-1.55485 -0.0975738 0.332515 
-1.55484 -0.0975547 0.332521 
-1.55404 -0.0970431 0.332602 
-1.55391 -0.0969448 0.332616 
-1.55312 -0.0963954 0.332669 
-1.55294 -0.0962907 0.332674 
-1.55254 -0.0956262 0.33276 
-1.55219 -0.0952874 0.332781 
-1.5518 -0.0949492 0.332791 
-1.55064 -0.0943711 0.332737 
-1.55035 -0.0942525 0.332717 
-1.54937 -0.0935528 0.332677 
-1.54867 -0.0931956 0.332625 
-1.54799 -0.0928399 0.332568 
-1.54853 -0.0924139 0.332671 
-1.54912 -0.0921447 0.332762 
-1.55042 -0.0918752 0.332936 
-1.55219 -0.0921661 0.333124 
-1.55252 -0.0922366 0.333158 
-1.55437 -0.0923252 0.333349 
-1.55603 -0.0923176 0.333509 
-1.55758 -0.0924356 0.333632 
-1.559 -0.0926135 0.33372 
-1.55966 -0.0928149 0.333742 
-1.56028 -0.093024 0.333754 
-1.56135 -0.0931641 0.333768 
-1.56205 -0.0927104 0.333799 
-1.56219 -0.0925945 0.333803 
-1.56267 -0.0919323 0.333795 
-1.56272 -0.0917975 0.333788 
-1.5628 -0.0911607 0.333745 
-1.56275 -0.0907105 0.333696 
-1.56268 -0.0903783 0.333647 
-1.56223 -0.0896002 0.333528 
-1.56209 -0.0893662 0.333478 
-1.56167 -0.0887974 0.333343 
-1.56121 -0.0882722 0.333186 
-1.56091 -0.0879652 0.33308 
-1.55987 -0.0871505 0.332817 
-1.55974 -0.0870511 0.332778 
-1.55863 -0.086308 0.332482 
-1.55787 -0.085854 0.332281 
-1.55714 -0.0854364 0.332058 
-1.55424 -0.0843774 0.330204 
-1.55432 -0.084437 0.330009 
-1.55444 -0.0845015 0.330011 
-1.55543 -0.0850904 0.329983 
-1.55552 -0.0851487 0.329976 
-1.55663 -0.0858534 0.33005 
-1.55723 -0.0863159 0.330048 
-1.55747 -0.0865323 0.330038 
-1.55824 -0.0872224 0.330043 
-1.55894 -0.0879243 0.330063 
-1.55897 -0.0879654 0.330058 
-1.55935 -0.0885965 0.329994 
-1.56002 -0.089335 0.330068 
-1.56028 -0.0900203 0.330007 
-1.56039 -0.0906966 0.329913 
-1.56059 -0.0914086 0.329885 
-1.56064 -0.0921083 0.329826 
-1.56053 -0.0927993 0.329736 
-1.56027 -0.0934848 0.329611 
-1.55986 -0.0941573 0.329455 
-1.5593 -0.0948206 0.329268 
-1.55865 -0.0954878 0.329073 
-1.55814 -0.0961943 0.328971 
-1.55736 -0.0968709 0.328787 
-1.55721 -0.0970873 0.328775 
-1.55671 -0.0975984 0.328702 
-1.55606 -0.098191 0.32862 
-1.55592 -0.0983229 0.328606 
-1.55488 -0.0990285 0.328453 
-1.55472 -0.0991463 0.328438 
-1.55375 -0.0997602 0.328338 
-1.55354 -0.0998748 0.328315 
-1.5524 -0.100477 0.328211 
-1.55236 -0.100503 0.328213 
-1.55177 -0.10084 0.328242 
-1.55213 -0.10084 0.328525 
-1.55249 -0.100754 0.328675 
-1.55313 -0.100576 0.328973 
-1.55369 -0.100381 0.329319 
-1.55381 -0.100333 0.329375 
-1.5544 -0.100045 0.329714 
-1.5547 -0.099851 0.329916 
-1.55492 -0.0996851 0.330067 
-1.55501 -0.0993915 0.330323 
-1.55504 -0.0993415 0.330359 
-1.5551 -0.098993 0.330587 
-1.55519 -0.0987872 0.330703 
-1.55547 -0.0982976 0.330944 
-1.55549 -0.0981904 0.330991 
-1.55566 -0.0975782 0.331234 
-1.55565 -0.0974674 0.331271 
-1.55558 -0.0969525 0.331426 
-1.5555 -0.096496 0.331542 
-1.5554 -0.0963075 0.33158 
-1.55539 -0.0956499 0.331723 
-1.55504 -0.095197 0.331777 
-1.55483 -0.0949841 0.331793 
-1.55478 -0.0943003 0.331889 
-1.55551 -0.0937803 0.332019 
-1.55588 -0.0936029 0.332072 
-1.55703 -0.0932605 0.332199 
-1.5584 -0.093307 0.332287 
-1.5596 -0.0932724 0.332348 
-1.56066 -0.0931965 0.332381 
-1.56142 -0.0927393 0.332411 
-1.56151 -0.0926635 0.332414 
-1.56212 -0.0920691 0.332398 
-1.56218 -0.0919455 0.332393 
-1.56237 -0.0912315 0.332329 
-1.56238 -0.0911577 0.332319 
-1.5621 -0.0903931 0.332238 
-1.56191 -0.0899311 0.332153 
-1.56173 -0.0895887 0.332079 
-1.56109 -0.0887926 0.331899 
-1.56101 -0.0886992 0.33187 
-1.56026 -0.0879772 0.331658 
-1.55945 -0.0873478 0.331457 
-1.5592 -0.0871607 0.33139 
-1.55794 -0.0863514 0.331118 
-1.55684 -0.0857028 0.330845 
-1.55649 -0.0855114 0.330759 
-1.55486 -0.0846744 0.330379 
-1.55608 -0.0857966 0.329242 
-1.55551 -0.0855318 0.328938 
-1.5548 -0.0852709 0.328605 
-1.55566 -0.0858667 0.328604 
-1.55692 -0.0866324 0.328796 
-1.55794 -0.0873708 0.328919 
-1.55891 -0.0881244 0.329062 
-1.55921 -0.0885077 0.329037 
-1.5594 -0.0887999 0.329007 
-1.55977 -0.0894808 0.328942 
-1.55979 -0.0899129 0.328818 
-1.55976 -0.0901108 0.328751 
-1.55987 -0.0907861 0.328655 
-1.55971 -0.0914366 0.328478 
-1.5597 -0.0921259 0.328394 
-1.55953 -0.0928062 0.328278 
-1.55949 -0.0928468 0.328259 
-1.55884 -0.0934198 0.32798 
-1.55841 -0.094089 0.327819 
-1.55788 -0.0947559 0.327643 
-1.55735 -0.0954428 0.327497 
-1.5572 -0.0957591 0.327475 
-1.55694 -0.0961628 0.32743 
-1.55627 -0.0968562 0.327289 
-1.55603 -0.097233 0.32728 
-1.55574 -0.0976059 0.327258 
-1.55535 -0.0981044 0.327249 
-1.55511 -0.0983661 0.327243 
-1.55455 -0.0988582 0.327206 
-1.55421 -0.0991125 0.327176 
-1.55362 -0.099531 0.32714 
-1.55313 -0.0998938 0.327157 
-1.55294 -0.100009 0.327148 
-1.55275 -0.100245 0.327289 
-1.55265 -0.100389 0.327457 
-1.55285 -0.100371 0.327707 
-1.5531 -0.100288 0.32786 
-1.55333 -0.100192 0.328033 
-1.55339 -0.100085 0.328263 
-1.55376 -0.099864 0.328483 
-1.55398 -0.0996983 0.328634 
-1.55407 -0.0994049 0.328889 
-1.55412 -0.0993538 0.328924 
-1.5545 -0.0988424 0.329243 
-1.55452 -0.0987895 0.329272 
-1.55519 -0.0981831 0.329579 
-1.55544 -0.0977678 0.32976 
-1.55551 -0.0975724 0.329838 
-1.55533 -0.0970164 0.330016 
-1.55528 -0.0969558 0.330031 
-1.55521 -0.0963129 0.3302 
-1.55501 -0.0960417 0.330251 
-1.55467 -0.0956638 0.330304 
-1.55454 -0.0949962 0.330415 
-1.5548 -0.0943112 0.330539 
-1.55596 -0.093609 0.330719 
-1.55609 -0.0935429 0.330736 
-1.55746 -0.0933422 0.330847 
-1.55866 -0.0932899 0.33091 
-1.55972 -0.0932356 0.330939 
-1.56062 -0.0931613 0.330938 
-1.56124 -0.0926962 0.33094 
-1.56132 -0.0926189 0.330938 
-1.56166 -0.0919137 0.330905 
-1.56169 -0.0917997 0.330895 
-1.56178 -0.0911153 0.330805 
-1.56174 -0.0909399 0.330783 
-1.56149 -0.0903367 0.330697 
-1.56094 -0.0895617 0.330573 
-1.56081 -0.08938 0.33053 
-1.56026 -0.0887586 0.330374 
-1.55935 -0.0879706 0.330177 
-1.55911 -0.0877807 0.330115 
-1.55826 -0.0871479 0.329896 
-1.55751 -0.0866366 0.329675 
-1.55693 -0.0862732 0.329494 
-1.55332 -0.0849811 0.3275 
-1.55369 -0.0852063 0.327355 
-1.55382 -0.085293 0.327329 
-1.55407 -0.0855204 0.327201 
-1.5544 -0.0858563 0.327083 
-1.55556 -0.086603 0.327231 
-1.55593 -0.0868736 0.327265 
-1.5565 -0.0873249 0.327314 
-1.55734 -0.0880503 0.327391 
-1.55813 -0.0886044 0.327568 
-1.55846 -0.0888561 0.327644 
-1.55865 -0.0891445 0.327628 
-1.55887 -0.0895421 0.327594 
-1.55909 -0.0902105 0.327497 
-1.559 -0.0906364 0.327352 
-1.55892 -0.0908313 0.327272 
-1.55889 -0.0915012 0.327145 
-1.55857 -0.0921387 0.326938 
-1.55835 -0.0928084 0.326797 
-1.55831 -0.0928491 0.326777 
-1.55765 -0.0934215 0.3265 
-1.55723 -0.0940901 0.326338 
-1.55667 -0.0947522 0.326152 
-1.55597 -0.0954105 0.325938 
-1.55557 -0.096081 0.325867 
-1.55554 -0.0961255 0.325863 
-1.55465 -0.0967789 0.32563 
-1.55412 -0.0975196 0.325583 
-1.55405 -0.0976384 0.325588 
-1.55359 -0.0982885 0.325595 
-1.55349 -0.0984021 0.325593 
-1.5528 -0.0990478 0.325563 
-1.55271 -0.0991168 0.325557 
-1.55185 -0.0997366 0.325514 
-1.55174 -0.0998065 0.325506 
-1.55089 -0.100292 0.325454 
-1.55068 -0.10053 0.325588 
-1.55067 -0.100644 0.325777 
-1.55088 -0.10063 0.326028 
-1.55107 -0.100558 0.326282 
-1.55151 -0.100377 0.326505 
-1.55183 -0.100222 0.326682 
-1.55198 -0.100011 0.326943 
-1.5521 -0.0999074 0.327037 
-1.55226 -0.0996659 0.327242 
-1.5525 -0.099377 0.327443 
-1.55275 -0.0991115 0.327607 
-1.55298 -0.0988023 0.32778 
-1.55383 -0.0981882 0.328087 
-1.55407 -0.0978837 0.328222 
-1.55427 -0.097573 0.328348 
-1.5544 -0.0969486 0.328563 
-1.55439 -0.0968029 0.328606 
-1.55431 -0.0963084 0.328734 
-1.55437 -0.0956536 0.328886 
-1.55487 -0.0949801 0.329049 
-1.55609 -0.0945002 0.329204 
-1.55734 -0.0943435 0.329285 
-1.55838 -0.0943322 0.329309 
-1.55889 -0.0941733 0.329333 
-1.55936 -0.0940048 0.32935 
-1.56017 -0.0936167 0.329358 
-1.5604 -0.09337 0.329365 
-1.56076 -0.0927463 0.329367 
-1.56082 -0.0926084 0.329363 
-1.56096 -0.0918338 0.329315 
-1.56096 -0.0917453 0.329305 
-1.56084 -0.0910542 0.329224 
-1.56067 -0.0905977 0.32915 
-1.5605 -0.0902603 0.329081 
-1.5599 -0.089489 0.328957 
-1.55912 -0.088715 0.328803 
-1.55907 -0.0886658 0.32879 
-1.55818 -0.0879184 0.328588 
-1.55708 -0.0871428 0.32839 
-1.55587 -0.0863765 0.328122 
-1.55579 -0.0863258 0.328101 
-1.55434 -0.0855118 0.327791 
-1.55186 -0.0849638 0.325968 
-1.5519 -0.0850176 0.325768 
-1.55223 -0.0852402 0.325696 
-1.55241 -0.0853919 0.325637 
-1.55243 -0.0856001 0.325416 
-1.55261 -0.0857758 0.325379 
-1.55373 -0.0865151 0.32551 
-1.555 -0.0873025 0.325749 
-1.5558 -0.0878184 0.325921 
-1.55623 -0.0881074 0.326014 
-1.55716 -0.0888765 0.32618 
-1.55768 -0.0895842 0.326181 
-1.55771 -0.0897268 0.326142 
-1.55774 -0.0902173 0.326004 
-1.55787 -0.0908912 0.325909 
-1.55779 -0.0912526 0.325805 
-1.55769 -0.0915313 0.325712 
-1.55756 -0.092198 0.325576 
-1.55722 -0.0928471 0.325388 
-1.55672 -0.0934897 0.325166 
-1.55631 -0.0941607 0.325012 
-1.55575 -0.0948224 0.324825 
-1.55509 -0.0954879 0.324631 
-1.55481 -0.0962328 0.324622 
-1.55472 -0.096454 0.324625 
-1.55437 -0.0969749 0.324594 
-1.55403 -0.0974528 0.324581 
-1.55382 -0.0977335 0.324577 
-1.55335 -0.0982315 0.324561 
-1.55306 -0.0984889 0.324542 
-1.55246 -0.0989495 0.324501 
-1.55205 -0.0992406 0.324476 
-1.55157 -0.0995424 0.324453 
-1.55073 -0.100004 0.324404 
-1.55057 -0.100075 0.324387 
-1.54993 -0.100401 0.324419 
-1.54923 -0.100681 0.324443 
-1.5488 -0.100811 0.324542 
-1.54871 -0.100777 0.324728 
-1.54854 -0.100707 0.324901 
-1.54871 -0.100507 0.325112 
-1.54875 -0.100437 0.325178 
-1.54853 -0.100241 0.325354 
-1.54868 -0.100002 0.325518 
-1.54875 -0.0997894 0.32565 
-1.54899 -0.0994362 0.32585 
-1.54938 -0.0990136 0.326069 
-1.54947 -0.0988422 0.326148 
-1.55038 -0.0982218 0.326447 
-1.55105 -0.097595 0.326706 
-1.55147 -0.0969589 0.326926 
-1.55148 -0.0969162 0.326938 
-1.55156 -0.0963105 0.327097 
-1.55217 -0.0956484 0.327289 
-1.55292 -0.0953058 0.327413 
-1.5544 -0.0950782 0.327551 
-1.55509 -0.0949312 0.327613 
-1.55574 -0.0947706 0.327667 
-1.55683 -0.0946337 0.327714 
-1.55775 -0.0945398 0.327718 
-1.55858 -0.094296 0.327714 
-1.55892 -0.0940424 0.327727 
-1.55931 -0.0937281 0.327724 
-1.55973 -0.0932431 0.327696 
-1.5598 -0.0931035 0.327689 
-1.55994 -0.0924773 0.327664 
-1.55989 -0.091835 0.32763 
-1.55987 -0.0917167 0.327618 
-1.55954 -0.0909928 0.327606 
-1.55906 -0.0902528 0.327547 
-1.55846 -0.0894763 0.327415 
-1.55807 -0.0890392 0.327311 
-1.5577 -0.0886757 0.327212 
-1.55675 -0.087889 0.327013 
-1.55602 -0.0873555 0.326833 
-1.5556 -0.0870675 0.326727 
-1.55429 -0.0862629 0.326459 
-1.55286 -0.0854732 0.326195 
-1.54588 -0.0831634 0.32405 
-1.54573 -0.0830022 0.323831 
-1.54545 -0.0828405 0.323584 
-1.54593 -0.0830311 0.32361 
-1.54713 -0.0835516 0.323671 
-1.54745 -0.0837053 0.323679 
-1.54908 -0.0844686 0.323916 
-1.55052 -0.085212 0.324099 
-1.5518 -0.0859479 0.324249 
-1.55302 -0.086706 0.324425 
-1.55308 -0.0867485 0.324426 
-1.55389 -0.0874027 0.324454 
-1.55477 -0.0881351 0.324549 
-1.55536 -0.088826 0.324535 
-1.55597 -0.0895528 0.324582 
-1.55642 -0.0902669 0.324594 
-1.55643 -0.0903067 0.324585 
-1.55647 -0.0909193 0.324452 
-1.55668 -0.0916321 0.324429 
-1.55663 -0.0923126 0.324328 
-1.55629 -0.0929563 0.32413 
-1.55594 -0.0936222 0.323966 
-1.55559 -0.0943034 0.323836 
-1.55532 -0.095022 0.323781 
-1.55507 -0.0956492 0.323761 
-1.55502 -0.0957633 0.323757 
-1.55443 -0.0964689 0.323649 
-1.55385 -0.0970762 0.32356 
-1.55374 -0.0971825 0.323544 
-1.55292 -0.0979119 0.32345 
-1.55279 -0.0980264 0.323441 
-1.55194 -0.098652 0.323367 
-1.55177 -0.0987611 0.32335 
-1.55067 -0.09938 0.323235 
-1.55053 -0.099446 0.32322 
-1.54961 -0.0999004 0.323177 
-1.54902 -0.100136 0.32312 
-1.54827 -0.100413 0.323041 
-1.5476 -0.100624 0.323078 
-1.54737 -0.100631 0.323231 
-1.54742 -0.100482 0.323459 
-1.54751 -0.100433 0.323507 
-1.54783 -0.100129 0.323786 
-1.54799 -0.0999222 0.32395 
-1.54825 -0.0996651 0.324127 
-1.54861 -0.0993604 0.324317 
-1.54905 -0.0988796 0.324582 
-1.5491 -0.0987775 0.324634 
-1.54955 -0.0981717 0.324914 
-1.54982 -0.0978236 0.325059 
-1.54997 -0.0975524 0.325161 
-1.55065 -0.0969141 0.325399 
-1.55134 -0.0962594 0.325618 
-1.55208 -0.0959662 0.325733 
-1.55325 -0.095566 0.325881 
-1.55368 -0.0954184 0.325929 
-1.55479 -0.0952833 0.32598 
-1.55571 -0.0952041 0.325982 
-1.55658 -0.0949598 0.325989 
-1.55693 -0.0947046 0.326018 
-1.55748 -0.0942353 0.32605 
-1.55775 -0.0939423 0.326061 
-1.55809 -0.0934394 0.326058 
-1.55823 -0.093171 0.326044 
-1.55826 -0.0924502 0.326075 
-1.55823 -0.0918783 0.326039 
-1.5582 -0.0916858 0.326022 
-1.55791 -0.0909312 0.325957 
-1.55745 -0.0901797 0.325878 
-1.5571 -0.0897313 0.325806 
-1.55682 -0.0894065 0.325747 
-1.55601 -0.0886774 0.325671 
-1.55578 -0.088493 0.325646 
-1.55505 -0.0879403 0.325561 
-1.55394 -0.0871907 0.325412 
-1.55267 -0.0864297 0.325228 
-1.55126 -0.0856652 0.325013 
-1.5497 -0.0848937 0.324768 
-1.54798 -0.0841118 0.324489 
-1.54616 -0.0833003 0.324132 
-1.54987 -0.0857446 0.323024 
-1.54922 -0.0854413 0.322714 
-1.55003 -0.0859541 0.322713 
-1.5507 -0.0864217 0.32273 
-1.55097 -0.0866383 0.322723 
-1.55192 -0.0873562 0.322801 
-1.55269 -0.0880629 0.322839 
-1.55299 -0.0884447 0.322814 
-1.55318 -0.0887358 0.322783 
-1.55368 -0.0894407 0.32278 
-1.55411 -0.0901495 0.322783 
-1.55419 -0.0908116 0.322663 
-1.55433 -0.0915107 0.32261 
-1.55438 -0.0922077 0.32255 
-1.55427 -0.0928961 0.322459 
-1.55406 -0.0935875 0.322356 
-1.55381 -0.0942877 0.322272 
-1.55367 -0.0950343 0.322281 
-1.55367 -0.0951119 0.322293 
-1.55356 -0.0958273 0.322369 
-1.55352 -0.0959475 0.322379 
-1.55318 -0.0966048 0.32241 
-1.55309 -0.0967238 0.322412 
-1.5525 -0.0973655 0.322393 
-1.55237 -0.0974776 0.322386 
-1.55152 -0.0981166 0.322323 
-1.55141 -0.0981845 0.322313 
-1.55035 -0.0987912 0.322226 
-1.55022 -0.0988567 0.322209 
-1.54884 -0.0994579 0.322038 
-1.54854 -0.0995755 0.322025 
-1.54782 -0.0998276 0.321985 
-1.54722 -0.0999641 0.322043 
-1.54744 -0.0997674 0.322263 
-1.5475 -0.0996951 0.322336 
-1.54811 -0.0992347 0.322684 
-1.54823 -0.0991342 0.322751 
-1.5488 -0.0986619 0.323037 
-1.54924 -0.0982403 0.323261 
-1.54936 -0.0980667 0.323346 
-1.55021 -0.0974422 0.323624 
-1.55134 -0.0967884 0.323878 
-1.55151 -0.0967211 0.323902 
-1.55284 -0.0962896 0.324027 
-1.55339 -0.0960532 0.324083 
-1.55405 -0.0957431 0.32414 
-1.55483 -0.0953031 0.324197 
-1.5551 -0.0950892 0.324225 
-1.55558 -0.0945801 0.324294 
-1.55604 -0.0939717 0.324337 
-1.55613 -0.093836 0.324339 
-1.55636 -0.0931123 0.324383 
-1.55633 -0.0924087 0.324436 
-1.55625 -0.0917061 0.324406 
-1.55624 -0.0916558 0.324402 
-1.55595 -0.09091 0.324351 
-1.5555 -0.0901588 0.324273 
-1.55486 -0.0894045 0.324176 
-1.55455 -0.0890622 0.324101 
-1.55409 -0.0886177 0.323997 
-1.55314 -0.0878407 0.323815 
-1.55228 -0.0872055 0.323598 
-1.552 -0.0870181 0.323528 
-1.55069 -0.086205 0.323243 
-1.54922 -0.086579 0.321586 
-1.54894 -0.0864725 0.321334 
-1.54919 -0.0866927 0.321278 
-1.54971 -0.0871518 0.321228 
-1.5499 -0.0873426 0.321207 
-1.5507 -0.088052 0.321253 
-1.55132 -0.0887501 0.321259 
-1.55154 -0.0891267 0.321217 
-1.55166 -0.0894177 0.321172 
-1.55201 -0.0901097 0.321137 
-1.55229 -0.0908092 0.321108 
-1.55222 -0.0914653 0.320957 
-1.55221 -0.0921513 0.320872 
-1.5521 -0.0928384 0.320782 
-1.55189 -0.0935289 0.320679 
-1.55164 -0.0942282 0.320594 
-1.5515 -0.0949738 0.320604 
-1.5515 -0.0950514 0.320616 
-1.55142 -0.0957729 0.320707 
-1.55139 -0.0958461 0.320715 
-1.55136 -0.096357 0.320858 
-1.55123 -0.0966226 0.320896 
-1.55101 -0.0969334 0.320927 
-1.55096 -0.0971774 0.321096 
-1.55055 -0.09752 0.321123 
-1.55037 -0.0976392 0.321125 
-1.55001 -0.097859 0.321227 
-1.54963 -0.0979897 0.321338 
-1.54922 -0.098053 0.321443 
-1.54894 -0.0979434 0.321597 
-1.54898 -0.0978884 0.321631 
-1.54999 -0.0972572 0.321911 
-1.55014 -0.0971925 0.32193 
-1.55147 -0.0965469 0.322095 
-1.55159 -0.0964736 0.322111 
-1.5526 -0.0958229 0.32223 
-1.55287 -0.0955966 0.32227 
-1.55338 -0.0951084 0.322342 
-1.55383 -0.0944231 0.322475 
-1.55419 -0.0937467 0.322533 
-1.5542 -0.0936982 0.322537 
-1.55435 -0.0929925 0.322602 
-1.55435 -0.0922627 0.32261 
-1.55417 -0.0915429 0.322624 
-1.55381 -0.0908321 0.322628 
-1.55339 -0.0901118 0.322527 
-1.55336 -0.0900639 0.322519 
-1.55272 -0.0893106 0.322421 
-1.55192 -0.0885369 0.322263 
-1.55096 -0.087762 0.322082 
-1.55064 -0.0875199 0.321997 
-1.54977 -0.0869216 0.321757 
-1.54679 -0.0865733 0.31965 
-1.5469 -0.0866671 0.319636 
-1.54768 -0.0873268 0.319591 
-1.54786 -0.0874953 0.319583 
-1.54831 -0.0879943 0.319545 
-1.54908 -0.088724 0.319625 
-1.5495 -0.0894036 0.319569 
-1.54991 -0.0901058 0.31956 
-1.54991 -0.0901454 0.319551 
-1.54993 -0.0907523 0.319411 
-1.55014 -0.0914614 0.319385 
-1.54999 -0.0921184 0.319238 
-1.54973 -0.0927749 0.319077 
-1.54948 -0.093457 0.318958 
-1.54939 -0.0941867 0.318946 
-1.54947 -0.0945616 0.319012 
-1.54964 -0.0950242 0.319158 
-1.54967 -0.0951539 0.319198 
-1.55001 -0.0954027 0.319447 
-1.5504 -0.0954517 0.319726 
-1.55058 -0.0953459 0.319823 
-1.55125 -0.0947712 0.32017 
-1.55128 -0.0947337 0.320188 
-1.55168 -0.0941508 0.320415 
-1.55193 -0.0934608 0.320525 
-1.55204 -0.0927727 0.320616 
-1.55199 -0.092076 0.320677 
-1.5518 -0.0913669 0.320706 
-1.55145 -0.0906528 0.320703 
-1.55095 -0.0899362 0.320681 
-1.55033 -0.0892081 0.320542 
-1.55028 -0.0891558 0.32053 
-1.54946 -0.0884024 0.320405 
-1.54846 -0.0876121 0.320191 
-1.54784 -0.0871834 0.320013 
-1.54706 -0.0867174 0.319743 
