-0.0155071 -0.000824182 0.00360529 
-0.0155144 -0.000827387 0.0036052 
-0.0155206 -0.000833805 0.00360557 
-0.0155244 -0.00084029 0.00360578 
-0.0155259 -0.000846856 0.00360581 
-0.0155244 -0.00085347 0.00360568 
-0.0155226 -0.000856139 0.0036056 
-0.0155182 -0.000860245 0.00360536 
-0.0155149 -0.00086248 0.00360513 
-0.0155063 -0.000864954 0.00360483 
-0.0154968 -0.000865572 0.00360449 
-0.0154877 -0.000861545 0.0036047 
-0.0154874 -0.000861333 0.0036047 
-0.0154796 -0.000855471 0.00360486 
-0.0154813 -0.000849117 0.00360556 
-0.0154863 -0.0008456 0.00360612 
-0.0154915 -0.000842413 0.00360655 
-0.0154949 -0.000840193 0.00360674 
-0.0155017 -0.000835617 0.00360684 
-0.0155019 -0.000835406 0.00360684 
-0.0155047 -0.000828971 0.00360625 
-0.0155051 -0.000828331 0.00360615 
-0.0155407 -0.000835358 0.00360301 
-0.0155474 -0.000835078 0.0036026 
-0.0155521 -0.000834282 0.0036018 
-0.0155549 -0.000836064 0.00360158 
-0.0155601 -0.000840863 0.00360099 
-0.0155611 -0.000841976 0.00360081 
-0.0155641 -0.000848183 0.00360021 
-0.0155641 -0.000854774 0.00360017 
-0.0155637 -0.000855951 0.00360025 
-0.0155605 -0.000861705 0.00360044 
-0.0155593 -0.00086316 0.00360043 
-0.0155534 -0.00086654 0.0036007 
-0.0155463 -0.000868657 0.0036008 
-0.0155402 -0.000869571 0.00360076 
-0.015538 -0.000869865 0.00360071 
-0.0155374 -0.000869709 0.00360074 
-0.0155295 -0.000868343 0.00360085 
-0.0155204 -0.00086412 0.00360109 
-0.0155212 -0.000857872 0.00360193 
-0.0155254 -0.000851422 0.00360274 
-0.0155295 -0.000846562 0.00360317 
-0.015531 -0.000844729 0.00360326 
-0.0155357 -0.000840043 0.00360334 
-0.0155385 -0.000837714 0.00360324 
-0.0155713 -0.000838011 0.00359883 
-0.0155751 -0.00083415 0.00359811 
-0.0155799 -0.000833452 0.00359732 
-0.0155871 -0.000838048 0.00359672 
-0.0155878 -0.000838578 0.00359663 
-0.0155927 -0.000843092 0.0035953 
-0.0155931 -0.000843613 0.00359515 
-0.0155957 -0.000849683 0.00359418 
-0.0155961 -0.00085622 0.00359469 
-0.015596 -0.000856538 0.00359471 
-0.0155935 -0.00086339 0.00359534 
-0.0155934 -0.000863604 0.00359534 
-0.0155879 -0.000870321 0.00359528 
-0.015583 -0.000870946 0.00359606 
-0.0155774 -0.000869528 0.00359691 
-0.0155707 -0.000866107 0.00359771 
-0.0155705 -0.000865927 0.00359774 
-0.0155643 -0.000859945 0.00359841 
-0.015566 -0.000853506 0.00359899 
-0.0155689 -0.00084773 0.00359923 
-0.0155693 -0.000846797 0.00359924 
-0.0155704 -0.000840009 0.00359901 
-0.0155852 -0.000820502 0.00359078 
-0.0155906 -0.000820254 0.00359008 
-0.0155919 -0.0008208 0.0035901 
-0.0156001 -0.000824261 0.00358988 
-0.0156045 -0.000826428 0.00358943 
-0.015608 -0.000828869 0.00358925 
-0.0156122 -0.000832526 0.00358913 
-0.0156176 -0.000838811 0.00358901 
-0.0156214 -0.000845267 0.00358906 
-0.0156237 -0.000851744 0.00358891 
-0.0156245 -0.000858234 0.00358867 
-0.0156237 -0.000864627 0.00358805 
-0.0156212 -0.000871194 0.00358755 
-0.0156203 -0.000872701 0.00358747 
-0.0156166 -0.000877778 0.00358692 
-0.0156111 -0.000883178 0.0035862 
-0.0156096 -0.000884367 0.00358603 
-0.0156004 -0.000890828 0.00358457 
-0.0155986 -0.000891834 0.00358434 
-0.0155868 -0.000897213 0.00358299 
-0.0155804 -0.000897719 0.00358344 
-0.0155821 -0.000892454 0.00358603 
-0.0155825 -0.000890931 0.00358666 
-0.0155825 -0.000886775 0.00358818 
-0.0155854 -0.000880846 0.00358999 
-0.0155892 -0.00087474 0.00359155 
-0.0155931 -0.000868461 0.0035928 
-0.0155966 -0.000862074 0.00359373 
-0.0155993 -0.000859246 0.00359403 
-0.0156024 -0.000855389 0.00359428 
-0.0156033 -0.000848717 0.00359438 
-0.0156027 -0.00084541 0.00359429 
-0.0156017 -0.000842046 0.00359409 
-0.0155956 -0.000835506 0.00359358 
-0.0155887 -0.000828797 0.00359268 
-0.0155853 -0.000821636 0.00359112 
-0.0156102 -0.000822213 0.00358531 
-0.0156135 -0.000820496 0.00358428 
-0.0156184 -0.000820865 0.00358339 
-0.0156211 -0.000822037 0.00358328 
-0.0156264 -0.000824662 0.00358282 
-0.015631 -0.000827681 0.00358232 
-0.0156336 -0.000829825 0.00358197 
-0.0156374 -0.000833574 0.00358139 
-0.0156405 -0.000837796 0.00358074 
-0.0156415 -0.000839508 0.00358036 
-0.0156441 -0.000845572 0.00357942 
-0.0156458 -0.000851849 0.00357876 
-0.0156466 -0.000858222 0.00357826 
-0.0156459 -0.000864523 0.00357744 
-0.0156447 -0.000871185 0.00357726 
-0.0156439 -0.000874919 0.00357757 
-0.0156425 -0.000878121 0.00357763 
-0.0156388 -0.000883689 0.00357746 
-0.0156378 -0.000884904 0.00357738 
-0.0156307 -0.000891549 0.00357652 
-0.0156298 -0.000892171 0.00357644 
-0.015625 -0.00089517 0.00357699 
-0.0156189 -0.000897707 0.0035773 
-0.0156128 -0.000899075 0.00357774 
-0.0156087 -0.000898029 0.0035789 
-0.0156079 -0.000894649 0.00358061 
-0.0156085 -0.000892656 0.00358144 
-0.0156096 -0.000888918 0.0035828 
-0.0156122 -0.000882993 0.00358462 
-0.0156218 -0.000876884 0.00358625 
-0.0156222 -0.000876618 0.00358631 
-0.015625 -0.000870356 0.00358752 
-0.0156252 -0.000864093 0.00358836 
-0.015625 -0.000863587 0.00358842 
-0.0156217 -0.000857853 0.00358883 
-0.015619 -0.000851381 0.00358897 
-0.0156151 -0.00084486 0.00358877 
-0.0156098 -0.000838253 0.00358823 
-0.0156052 -0.000831432 0.00358737 
-0.0156053 -0.000830772 0.00358728 
-0.0156078 -0.00082587 0.00358639 
-0.0156094 -0.000823862 0.00358584 
-0.0155888 -0.000812578 0.00357617 
-0.0155911 -0.000808251 0.00357516 
-0.0155964 -0.00080641 0.00357461 
-0.0156055 -0.000807215 0.00357462 
-0.015614 -0.000808511 0.00357448 
-0.0156208 -0.000810809 0.00357473 
-0.015626 -0.000812714 0.00357484 
-0.0156344 -0.000815952 0.00357446 
-0.0156355 -0.000816509 0.00357446 
-0.0156443 -0.00082154 0.00357416 
-0.0156455 -0.000822405 0.00357404 
-0.0156531 -0.000828508 0.00357376 
-0.0156545 -0.000829916 0.00357365 
-0.0156587 -0.000834658 0.00357328 
-0.0156618 -0.000839919 0.00357227 
-0.015662 -0.000840562 0.00357206 
-0.0156644 -0.000846688 0.00357121 
-0.015665 -0.000852753 0.00356996 
-0.0156654 -0.000859054 0.00356926 
-0.0156647 -0.00086535 0.0035684 
-0.0156623 -0.000871592 0.0035672 
-0.0156585 -0.000877719 0.00356565 
-0.0156535 -0.000883834 0.00356396 
-0.0156483 -0.000890241 0.0035628 
-0.0156438 -0.000895286 0.00356215 
-0.0156423 -0.000896816 0.00356198 
-0.0156377 -0.000901729 0.00356205 
-0.015636 -0.000904262 0.00356339 
-0.0156357 -0.000904504 0.00356344 
-0.0156316 -0.000907285 0.00356404 
-0.015629 -0.000908466 0.0035653 
-0.0156259 -0.000909029 0.00356652 
-0.0156229 -0.000908629 0.00356789 
-0.0156221 -0.000907737 0.00356879 
-0.0156207 -0.000906878 0.00356956 
-0.0156117 -0.00090791 0.00356934 
-0.0156028 -0.000907912 0.00356927 
-0.0155959 -0.000905852 0.00356987 
-0.015593 -0.000903418 0.00357061 
-0.0155904 -0.000901606 0.00357104 
-0.0155811 -0.000898278 0.00357122 
-0.0155805 -0.00089774 0.00357131 
-0.0155784 -0.000891791 0.00357262 
-0.0155758 -0.00088905 0.00357295 
-0.0155721 -0.000885752 0.00357322 
-0.0155788 -0.000879658 0.00357511 
-0.0155836 -0.000876562 0.00357614 
-0.0155877 -0.000873439 0.00357706 
-0.0155877 -0.000867162 0.00357782 
-0.0155869 -0.000860801 0.00357832 
-0.0155878 -0.000854321 0.00357883 
-0.015591 -0.000847772 0.00357938 
-0.0155919 -0.000844886 0.0035795 
-0.0155927 -0.000841122 0.00357953 
-0.0155895 -0.000834372 0.00357899 
-0.0155897 -0.000829103 0.00357863 
-0.0155896 -0.000827509 0.00357848 
-0.0155886 -0.000820513 0.00357758 
-0.0155887 -0.000819452 0.00357743 
-0.015589 -0.000813287 0.00357633 
-0.0156025 -0.000805389 0.00356696 
-0.0156104 -0.000804909 0.00356687 
-0.0156166 -0.000804203 0.00356637 
-0.0156226 -0.000804108 0.00356579 
-0.0156277 -0.000805743 0.0035661 
-0.015636 -0.000808573 0.00356644 
-0.0156434 -0.00081085 0.00356591 
-0.0156447 -0.000811415 0.00356595 
-0.0156564 -0.000817621 0.00356639 
-0.0156573 -0.000818172 0.00356636 
-0.0156653 -0.000823572 0.00356595 
-0.0156671 -0.000824999 0.00356592 
-0.0156723 -0.00082972 0.00356567 
-0.0156781 -0.000836055 0.00356558 
-0.015679 -0.000837397 0.00356533 
-0.0156811 -0.000842 0.0035644 
-0.0156833 -0.000848126 0.00356351 
-0.0156858 -0.000854669 0.00356347 
-0.0156854 -0.000857628 0.00356267 
-0.0156845 -0.000860583 0.00356174 
-0.0156827 -0.000866647 0.00356026 
-0.0156804 -0.000872896 0.00355906 
-0.0156767 -0.000879054 0.00355758 
-0.0156723 -0.000885315 0.00355626 
-0.0156705 -0.000888199 0.00355593 
-0.0156677 -0.000891843 0.00355538 
-0.015662 -0.000898459 0.00355467 
-0.0156615 -0.000899098 0.00355466 
-0.0156585 -0.000903548 0.0035555 
-0.0156559 -0.00090586 0.00355555 
-0.0156521 -0.000908576 0.00355547 
-0.0156486 -0.000911007 0.00355641 
-0.0156445 -0.000912884 0.00355725 
-0.0156404 -0.000913942 0.00355817 
-0.0156354 -0.000914563 0.00355895 
-0.0156319 -0.000913678 0.00356024 
-0.0156268 -0.000912723 0.00356114 
-0.0156174 -0.000912992 0.00356093 
-0.0156136 -0.000910949 0.00356177 
-0.0156123 -0.000910155 0.00356204 
-0.0156066 -0.000906318 0.00356314 
-0.015606 -0.000905445 0.00356339 
-0.0156012 -0.000900575 0.00356448 
-0.0156001 -0.000899677 0.00356463 
-0.0155931 -0.000894295 0.00356527 
-0.015592 -0.000893711 0.00356529 
-0.0155911 -0.000887668 0.00356646 
-0.0155893 -0.000881532 0.00356736 
-0.0155905 -0.0008753 0.00356844 
-0.0155892 -0.000869008 0.00356904 
-0.0155887 -0.000868617 0.00356901 
-0.0155808 -0.000862602 0.00356859 
-0.015582 -0.000856148 0.00356919 
-0.0155842 -0.000853331 0.0035696 
-0.0155863 -0.000849658 0.00356998 
-0.0155859 -0.000843064 0.00357002 
-0.0155853 -0.000836352 0.00356985 
-0.0155862 -0.000835731 0.00356993 
-0.0155927 -0.000829536 0.00357031 
-0.0155932 -0.000828899 0.00357032 
-0.015597 -0.000822559 0.00357007 
-0.0155973 -0.000821908 0.00357 
-0.0155998 -0.000815573 0.00356926 
-0.0155999 -0.000815385 0.00356923 
-0.0156014 -0.000810107 0.00356822 
-0.0156024 -0.000807868 0.00356769 
-0.0156073 -0.000805629 0.00355889 
-0.015612 -0.000802941 0.00355827 
-0.0156208 -0.000802895 0.00355835 
-0.0156301 -0.000803675 0.00355841 
-0.0156377 -0.000804342 0.00355811 
-0.0156476 -0.000806989 0.00355823 
-0.0156482 -0.000807166 0.00355824 
-0.0156615 -0.000812505 0.00355874 
-0.0156628 -0.000813101 0.00355878 
-0.0156722 -0.000817819 0.00355868 
-0.0156743 -0.000819015 0.00355855 
-0.015681 -0.000823557 0.0035581 
-0.0156827 -0.000824911 0.0035579 
-0.0156894 -0.000831032 0.00355752 
-0.0156906 -0.000832426 0.00355735 
-0.0156939 -0.000837093 0.00355669 
-0.0156981 -0.000843411 0.00355642 
-0.0156992 -0.000846825 0.00355581 
-0.0156996 -0.000849431 0.00355522 
-0.0157009 -0.000855722 0.00355449 
-0.0157012 -0.000862009 0.00355371 
-0.0156982 -0.000867856 0.00355163 
-0.0156959 -0.000874099 0.0035504 
-0.015692 -0.000880236 0.00354885 
-0.0156867 -0.000886285 0.00354696 
-0.015681 -0.000892527 0.00354538 
-0.0156742 -0.000898733 0.00354367 
-0.0156714 -0.000902115 0.00354344 
-0.0156681 -0.000905429 0.00354308 
-0.0156636 -0.000909668 0.00354281 
-0.0156641 -0.000911817 0.0035447 
-0.0156625 -0.000913413 0.00354515 
-0.0156606 -0.000914962 0.00354553 
-0.0156586 -0.0009166 0.0035469 
-0.0156582 -0.000916744 0.00354879 
-0.0156592 -0.000915954 0.00355012 
-0.0156596 -0.000915201 0.00355131 
-0.0156565 -0.000914951 0.00355261 
-0.0156528 -0.000914089 0.00355386 
-0.015645 -0.000914446 0.003554 
-0.0156405 -0.000912528 0.00355503 
-0.0156401 -0.00091237 0.0035551 
-0.015633 -0.000910489 0.00355563 
-0.0156314 -0.000907163 0.00355681 
-0.0156302 -0.000904505 0.00355763 
-0.0156284 -0.000901423 0.00355844 
-0.0156294 -0.000895479 0.00356015 
-0.0156287 -0.00089398 0.00356044 
-0.0156266 -0.000889469 0.00356122 
-0.0156292 -0.000883347 0.00356264 
-0.0156264 -0.000877112 0.00356332 
-0.015627 -0.000870819 0.00356415 
-0.0156237 -0.000867624 0.0035641 
-0.0156196 -0.00086444 0.00356392 
-0.0156174 -0.000857949 0.00356409 
-0.0156191 -0.000854707 0.00356443 
-0.0156202 -0.00085141 0.00356464 
-0.0156141 -0.000844794 0.00356402 
-0.0156082 -0.000838066 0.00356324 
-0.0156099 -0.000831256 0.00356307 
-0.0156104 -0.000830018 0.00356304 
-0.0156109 -0.000824315 0.00356254 
-0.0156103 -0.000820531 0.00356203 
-0.0156099 -0.000817249 0.00356151 
-0.0156086 -0.000812189 0.0035605 
-0.0156079 -0.000809979 0.00355998 
-0.0156415 -0.000816875 0.00355446 
-0.015649 -0.000815367 0.00355437 
-0.0156556 -0.000814168 0.00355404 
-0.0156578 -0.000811307 0.00355284 
-0.015662 -0.000810271 0.00355192 
-0.0156662 -0.000809948 0.00355092 
-0.0156724 -0.000811449 0.00355019 
-0.0156774 -0.000813189 0.00354917 
-0.0156786 -0.000813784 0.00354919 
-0.0156873 -0.000818818 0.00354885 
-0.0156886 -0.000819696 0.00354875 
-0.0156953 -0.000825032 0.00354801 
-0.0156958 -0.000825563 0.00354789 
-0.0157027 -0.000831937 0.00354807 
-0.0157079 -0.000838247 0.00354782 
-0.0157085 -0.000839579 0.00354752 
-0.01571 -0.000844151 0.00354643 
-0.0157115 -0.000850237 0.00354535 
-0.0157113 -0.000851693 0.00354486 
-0.0157102 -0.000856064 0.00354335 
-0.0157109 -0.000862439 0.00354278 
-0.0157096 -0.000868671 0.00354171 
-0.0157045 -0.000874434 0.00353916 
-0.0157002 -0.000880491 0.00353739 
-0.0156968 -0.000886881 0.00353641 
-0.0156917 -0.0008932 0.00353505 
-0.0156847 -0.000899334 0.00353317 
-0.015682 -0.000902137 0.00353266 
-0.0156778 -0.000905705 0.00353181 
-0.0156697 -0.000912153 0.00353041 
-0.0156686 -0.000913211 0.00353036 
-0.0156638 -0.000918268 0.00353069 
-0.0156627 -0.000919405 0.00353087 
-0.0156594 -0.000922154 0.00353128 
-0.0156599 -0.000923389 0.00353326 
-0.0156624 -0.000923178 0.00353585 
-0.0156648 -0.000922307 0.00353714 
-0.015669 -0.000920508 0.00353967 
-0.0156718 -0.000918487 0.00354254 
-0.0156725 -0.000918028 0.00354295 
-0.0156778 -0.000913724 0.00354647 
-0.0156786 -0.000912957 0.00354703 
-0.015682 -0.000908165 0.00355006 
-0.0156822 -0.000907672 0.00355033 
-0.0156868 -0.000902021 0.003553 
-0.0156881 -0.000898109 0.00355458 
-0.0156883 -0.000896285 0.00355522 
-0.0156894 -0.000890396 0.00355702 
-0.0156901 -0.000884359 0.00355846 
-0.0156899 -0.000884084 0.00355851 
-0.0156859 -0.000878282 0.00355936 
-0.0156817 -0.000873936 0.0035597 
-0.0156791 -0.000872133 0.00355974 
-0.0156703 -0.000865869 0.00355965 
-0.0156681 -0.000864739 0.00355954 
-0.0156572 -0.000859479 0.00355886 
-0.0156506 -0.000856872 0.00355833 
-0.0156391 -0.000853006 0.00355724 
-0.0156278 -0.000846395 0.00355607 
-0.0156269 -0.000846018 0.00355598 
-0.0156133 -0.000839661 0.00355433 
-0.0156141 -0.000834459 0.00355423 
-0.0156147 -0.000832884 0.00355421 
-0.0156216 -0.000828546 0.00355461 
-0.0156275 -0.000825879 0.00355491 
-0.0156296 -0.000824407 0.00355491 
-0.015638 -0.000821545 0.00355515 
-0.0156407 -0.000818452 0.00355476 
-0.0156845 -0.000814187 0.00354351 
-0.0156888 -0.000814712 0.00354243 
-0.0156917 -0.00081591 0.00354233 
-0.0156967 -0.000818193 0.00354188 
-0.0157011 -0.000820646 0.00354062 
-0.0157019 -0.000821186 0.00354055 
-0.0157079 -0.000826089 0.0035396 
-0.0157087 -0.000826937 0.00353939 
-0.0157142 -0.000832947 0.00353861 
-0.0157148 -0.000833986 0.00353834 
-0.0157172 -0.000838842 0.00353723 
-0.0157185 -0.000843024 0.00353623 
-0.0157185 -0.000844692 0.00353563 
-0.0157205 -0.000850917 0.0035349 
-0.01572 -0.000856938 0.00353338 
-0.0157197 -0.000863165 0.00353239 
-0.0157195 -0.000863516 0.00353224 
-0.0157153 -0.00086887 0.00352985 
-0.0157133 -0.000875181 0.00352879 
-0.0157095 -0.000881323 0.00352725 
-0.0157041 -0.000887379 0.00352536 
-0.0156987 -0.000893616 0.00352378 
-0.0156969 -0.000896471 0.00352348 
-0.0156939 -0.000900115 0.0035229 
-0.0156861 -0.000906276 0.003521 
-0.0156772 -0.000912484 0.00351902 
-0.0156765 -0.000913247 0.00351897 
-0.0156687 -0.000919007 0.00351783 
-0.0156654 -0.000921549 0.00351749 
-0.0156627 -0.000925299 0.00351845 
-0.0156614 -0.000926455 0.00351867 
-0.0156581 -0.000928944 0.00351902 
-0.0156611 -0.000929287 0.00352167 
-0.0156643 -0.000928572 0.00352335 
-0.0156677 -0.000927692 0.00352536 
-0.0156703 -0.000926811 0.00352806 
-0.0156747 -0.000924793 0.00353045 
-0.0156774 -0.000923288 0.0035321 
-0.0156799 -0.000920633 0.00353497 
-0.0156805 -0.000920165 0.00353535 
-0.015685 -0.000915487 0.00353871 
-0.0156854 -0.000914973 0.00353904 
-0.0156915 -0.000909412 0.00354205 
-0.0156938 -0.00090559 0.00354385 
-0.0156945 -0.000903791 0.0035446 
-0.0156972 -0.000897958 0.00354676 
-0.0156994 -0.000892005 0.00354855 
-0.0156993 -0.00089167 0.00354862 
-0.0156979 -0.00088601 0.00354984 
-0.0156958 -0.000879849 0.00355081 
-0.0156944 -0.000878756 0.00355089 
-0.0156878 -0.000873697 0.00355106 
-0.0156819 -0.000869254 0.00355101 
-0.0156787 -0.000867408 0.00355089 
-0.0156698 -0.000860959 0.00355047 
-0.0156635 -0.000858009 0.00354998 
-0.0156554 -0.000854466 0.00354925 
-0.0156459 -0.000847847 0.00354829 
-0.0156408 -0.0008411 0.00354761 
-0.0156456 -0.000838076 0.00354795 
-0.0156561 -0.000835141 0.00354872 
-0.0156581 -0.000834079 0.00354878 
-0.0156635 -0.000831055 0.00354885 
-0.0156721 -0.000829086 0.00354907 
-0.0156784 -0.000826535 0.00354879 
-0.0156786 -0.000826297 0.00354875 
-0.0156809 -0.000822578 0.00354779 
-0.0156836 -0.00081977 0.00354671 
-0.0156865 -0.000817917 0.00354556 
-0.0156864 -0.000817661 0.00354543 
-0.0156976 -0.000816821 0.00353501 
-0.0156995 -0.000816017 0.00353352 
-0.0157024 -0.000817111 0.00353321 
-0.0157054 -0.000818324 0.00353264 
-0.0157111 -0.000821562 0.00353161 
-0.0157123 -0.00082241 0.00353144 
-0.0157169 -0.000826205 0.00353042 
-0.0157187 -0.000828062 0.00353 
-0.0157232 -0.000833328 0.00352912 
-0.0157236 -0.000833984 0.00352896 
-0.0157273 -0.000840038 0.00352798 
-0.0157279 -0.000842679 0.00352718 
-0.015728 -0.000845793 0.0035261 
-0.0157298 -0.000852003 0.00352531 
-0.0157297 -0.000858099 0.00352398 
-0.0157295 -0.000858453 0.00352385 
-0.0157269 -0.00086392 0.00352187 
-0.015726 -0.000870223 0.00352097 
-0.0157237 -0.000876488 0.00351977 
-0.0157199 -0.000882635 0.00351823 
-0.0157146 -0.000888693 0.00351634 
-0.0157076 -0.000894692 0.0035141 
-0.0156993 -0.000900583 0.00351158 
-0.0156934 -0.000906563 0.00351035 
-0.015693 -0.000906958 0.00351028 
-0.0156839 -0.000913111 0.00350817 
-0.0156742 -0.0009193 0.00350614 
-0.0156715 -0.00092119 0.00350573 
-0.0156638 -0.00092564 0.00350438 
-0.0156565 -0.000929879 0.00350334 
-0.0156528 -0.000932229 0.00350308 
-0.0156474 -0.000935264 0.00350265 
-0.0156444 -0.000938054 0.00350365 
-0.0156475 -0.00093847 0.00350631 
-0.015655 -0.00093697 0.00351019 
-0.0156581 -0.000936112 0.00351164 
-0.0156635 -0.000934422 0.00351443 
-0.0156678 -0.000932468 0.00351764 
-0.0156688 -0.000932027 0.0035181 
-0.0156767 -0.000927911 0.00352218 
-0.0156779 -0.000927171 0.00352283 
-0.0156834 -0.000922836 0.0035263 
-0.0156841 -0.000922095 0.00352683 
-0.01569 -0.000916689 0.00353018 
-0.015691 -0.000915451 0.00353086 
-0.0156943 -0.000911141 0.00353303 
-0.015699 -0.000905392 0.00353549 
-0.0156992 -0.00090407 0.00353598 
-0.0156993 -0.00089958 0.00353745 
-0.0157003 -0.000893621 0.0035391 
-0.0156996 -0.000892275 0.00353938 
-0.0156966 -0.000887611 0.00354014 
-0.015694 -0.000881416 0.00354098 
-0.0156924 -0.00088002 0.00354104 
-0.0156864 -0.000875188 0.00354112 
-0.015681 -0.000868824 0.00354121 
-0.0156761 -0.000862328 0.00354113 
-0.0156754 -0.000861695 0.00354109 
-0.0156681 -0.000855791 0.00354054 
-0.0156696 -0.000852784 0.00354073 
-0.0156713 -0.000849097 0.00354085 
-0.0156767 -0.000844938 0.0035412 
-0.0156825 -0.000842096 0.00354149 
-0.0156848 -0.000840626 0.00354153 
-0.0156921 -0.00083725 0.00354158 
-0.0156989 -0.000834722 0.00354142 
-0.015699 -0.000834494 0.00354138 
-0.0157011 -0.000830095 0.00354043 
-0.0157015 -0.00082677 0.00353944 
-0.015701 -0.000825177 0.00353892 
-0.0157017 -0.000821905 0.00353742 
-0.0156992 -0.000818527 0.00353585 
-0.0157035 -0.000816774 0.00352515 
-0.0157059 -0.000816221 0.00352374 
-0.0157062 -0.000815342 0.00352192 
-0.0157082 -0.00081614 0.0035203 
-0.0157092 -0.000816704 0.00352022 
-0.0157142 -0.000820202 0.00351921 
-0.0157168 -0.00082233 0.00351888 
-0.0157228 -0.000827701 0.00351839 
-0.0157234 -0.000828366 0.00351827 
-0.0157285 -0.000834465 0.00351763 
-0.0157296 -0.000836937 0.00351696 
-0.0157304 -0.000840262 0.0035159 
-0.0157334 -0.000846501 0.0035153 
-0.0157338 -0.000849879 0.00351452 
-0.0157336 -0.000852455 0.00351378 
-0.0157342 -0.0008587 0.00351285 
-0.0157327 -0.000864753 0.00351136 
-0.0157297 -0.00087073 0.00350954 
-0.0157279 -0.000877062 0.00350853 
-0.015724 -0.000883209 0.00350699 
-0.0157187 -0.000889268 0.00350511 
-0.0157118 -0.000895268 0.00350287 
-0.0157052 -0.000901426 0.00350108 
-0.0156975 -0.000907569 0.00349915 
-0.0156877 -0.00091357 0.00349666 
-0.0156854 -0.000915646 0.00349631 
-0.0156796 -0.000920026 0.00349536 
-0.0156686 -0.000926169 0.00349312 
-0.0156674 -0.000926939 0.00349296 
-0.0156569 -0.000932467 0.00349115 
-0.0156509 -0.000935464 0.00349024 
-0.0156448 -0.000939189 0.00348997 
-0.0156429 -0.000940198 0.00348989 
-0.0156419 -0.000942325 0.0034914 
-0.0156494 -0.000941447 0.00349507 
-0.01565 -0.000941352 0.00349536 
-0.0156564 -0.000940247 0.00349895 
-0.0156656 -0.000937602 0.00350261 
-0.0156701 -0.000936154 0.00350453 
-0.0156759 -0.000933701 0.00350814 
-0.0156769 -0.000933263 0.00350861 
-0.015684 -0.000929456 0.00351246 
-0.0156851 -0.000928486 0.00351341 
-0.0156864 -0.00092634 0.00351535 
-0.0156879 -0.000923574 0.00351739 
-0.0156885 -0.000922192 0.00351829 
-0.0156895 -0.000918262 0.0035205 
-0.01569 -0.000916799 0.00352123 
-0.0156918 -0.000912693 0.00352309 
-0.0156924 -0.000908515 0.00352467 
-0.0156918 -0.000906987 0.00352516 
-0.0156922 -0.000901084 0.00352693 
-0.0156907 -0.000899054 0.00352734 
-0.0156876 -0.000895128 0.00352798 
-0.0156825 -0.000891276 0.00352829 
-0.0156785 -0.000889047 0.0035283 
-0.01567 -0.000884367 0.00352814 
-0.0156669 -0.000882789 0.00352803 
-0.0156557 -0.000876438 0.00352751 
-0.0156539 -0.00087568 0.00352738 
-0.0156407 -0.000869959 0.00352629 
-0.0156328 -0.000863414 0.00352577 
-0.015629 -0.000856867 0.0035256 
-0.0156307 -0.000850293 0.00352596 
-0.0156387 -0.000847197 0.00352695 
-0.0156562 -0.00084743 0.00352895 
-0.0156718 -0.000847374 0.00353057 
-0.0156867 -0.000848025 0.00353195 
-0.0156971 -0.00084556 0.00353259 
-0.0157059 -0.00084314 0.00353288 
-0.0157062 -0.000842876 0.00353286 
-0.0157118 -0.000839616 0.00353262 
-0.015714 -0.00083528 0.00353181 
-0.0157139 -0.00083459 0.00353165 
-0.0157148 -0.00083001 0.00353032 
-0.0157133 -0.000827569 0.00352955 
-0.0157094 -0.000822833 0.00352786 
-0.0157068 -0.000819834 0.00352658 
-0.0157127 -0.000819832 0.00351571 
-0.0157074 -0.000815068 0.003513 
-0.0157053 -0.000812888 0.00351075 
-0.0157066 -0.000813229 0.00350903 
-0.0157111 -0.00081614 0.00350773 
-0.015712 -0.00081672 0.00350768 
-0.0157186 -0.000822008 0.00350681 
-0.0157191 -0.000822539 0.00350669 
-0.0157258 -0.000828713 0.00350638 
-0.0157275 -0.000831219 0.00350587 
-0.0157291 -0.000834555 0.003505 
-0.0157329 -0.000840771 0.00350437 
-0.0157332 -0.000842251 0.00350397 
-0.0157336 -0.000846655 0.00350276 
-0.0157353 -0.000852888 0.00350199 
-0.0157358 -0.000859132 0.00350105 
-0.0157355 -0.000865367 0.00350005 
-0.0157352 -0.000865714 0.00349989 
-0.0157305 -0.000871068 0.00349746 
-0.0157283 -0.000877348 0.0034963 
-0.0157243 -0.000883466 0.00349468 
-0.0157192 -0.000889554 0.00349288 
-0.0157121 -0.00089554 0.00349061 
-0.0157082 -0.000901641 0.00348983 
-0.0157079 -0.000902045 0.00348979 
-0.0156997 -0.000908084 0.0034876 
-0.0156911 -0.000914269 0.0034856 
-0.0156852 -0.000919244 0.00348465 
-0.0156832 -0.000920732 0.00348434 
-0.0156719 -0.000926794 0.00348191 
-0.0156665 -0.000930296 0.00348117 
-0.0156614 -0.000933295 0.00348049 
-0.0156549 -0.000937036 0.00347978 
-0.0156541 -0.000939693 0.00348129 
-0.0156576 -0.000940533 0.003484 
-0.015665 -0.00093965 0.00348778 
-0.0156726 -0.000937801 0.00349087 
-0.0156776 -0.000936432 0.003493 
-0.015685 -0.000934074 0.00349695 
-0.0156861 -0.000933643 0.00349745 
-0.0156946 -0.000929918 0.00350161 
-0.0156962 -0.000928972 0.00350264 
-0.0156982 -0.000927031 0.00350473 
-0.0157002 -0.00092425 0.00350715 
-0.0157007 -0.000923498 0.00350771 
-0.0157008 -0.000919913 0.00351012 
-0.015701 -0.000919121 0.00351056 
-0.0157009 -0.000914822 0.00351269 
-0.0156991 -0.000913732 0.00351309 
-0.0156948 -0.000911888 0.00351361 
-0.0156862 -0.000909114 0.00351395 
-0.0156852 -0.000908224 0.00351414 
-0.015678 -0.000904364 0.00351457 
-0.0156736 -0.000902318 0.00351464 
-0.0156678 -0.000898913 0.0035148 
-0.0156642 -0.00089625 0.00351495 
-0.0156559 -0.000891072 0.00351494 
-0.0156537 -0.000890041 0.00351484 
-0.0156452 -0.000883707 0.00351473 
-0.0156405 -0.000881504 0.00351442 
-0.0156309 -0.000877254 0.00351366 
-0.0156242 -0.000870806 0.0035134 
-0.015621 -0.000864301 0.00351346 
-0.0156247 -0.000857838 0.00351428 
-0.015632 -0.00085518 0.00351531 
-0.0156439 -0.000851397 0.00351686 
-0.0156464 -0.000850348 0.00351715 
-0.0156628 -0.000849553 0.00351903 
-0.0156785 -0.000849498 0.00352064 
-0.0156934 -0.000850254 0.00352201 
-0.0157024 -0.00085112 0.00352274 
-0.0157076 -0.000851609 0.0035231 
-0.0157209 -0.000853871 0.00352391 
-0.0157264 -0.000850395 0.00352385 
-0.0157271 -0.00084968 0.0035238 
-0.0157309 -0.000844996 0.00352317 
-0.0157308 -0.000842939 0.00352281 
-0.0157264 -0.00083577 0.00352132 
-0.0157261 -0.000835083 0.00352113 
-0.0157213 -0.00082829 0.00351906 
-0.0157204 -0.00082716 0.00351867 
-0.0157137 -0.000820582 0.00351603 
-0.0157178 -0.00081994 0.00350362 
-0.0157147 -0.000817155 0.00350122 
-0.0157129 -0.000815834 0.00349896 
-0.0157163 -0.000818002 0.00349799 
-0.0157172 -0.000818734 0.00349762 
-0.0157211 -0.00082253 0.0034961 
-0.0157219 -0.000823373 0.00349588 
-0.0157278 -0.000829408 0.00349518 
-0.0157285 -0.000830455 0.00349494 
-0.0157313 -0.000835292 0.0034939 
-0.0157331 -0.000839533 0.00349299 
-0.0157332 -0.000841215 0.00349244 
-0.0157363 -0.000847504 0.00349195 
-0.0157372 -0.000853613 0.00349084 
-0.0157379 -0.000859884 0.00348996 
-0.0157377 -0.000860237 0.00348981 
-0.0157344 -0.00086567 0.0034877 
-0.0157338 -0.000872006 0.00348688 
-0.0157303 -0.000878097 0.00348519 
-0.0157228 -0.000883726 0.00348219 
-0.0157215 -0.000890357 0.00348193 
-0.0157152 -0.00089645 0.00347996 
-0.0157069 -0.000902343 0.00347746 
-0.0157015 -0.000908358 0.00347636 
-0.0157012 -0.000908758 0.0034763 
-0.0156926 -0.000914932 0.00347428 
-0.0156835 -0.00092117 0.00347244 
-0.0156811 -0.000923075 0.0034721 
-0.0156742 -0.000927572 0.00347092 
-0.0156689 -0.000931478 0.00347038 
-0.0156655 -0.000934441 0.00347042 
-0.0156622 -0.000936717 0.00347026 
-0.015665 -0.000938323 0.00347271 
-0.0156681 -0.00093927 0.00347531 
-0.0156722 -0.00093933 0.00347824 
-0.0156759 -0.0009385 0.00347978 
-0.0156823 -0.00093687 0.00348279 
-0.0156881 -0.000935009 0.00348632 
-0.0156892 -0.000934593 0.00348684 
-0.0156946 -0.000932072 0.00349012 
-0.0156965 -0.000930253 0.00349244 
-0.0156969 -0.000929828 0.00349288 
-0.0156965 -0.000927758 0.00349502 
-0.015698 -0.000925525 0.00349666 
-0.0156986 -0.000923541 0.00349796 
-0.0156994 -0.000920239 0.00349982 
-0.0156994 -0.000918493 0.00350067 
-0.015694 -0.000915371 0.00350178 
-0.0156937 -0.000914854 0.00350196 
-0.0156951 -0.000909085 0.00350403 
-0.0156931 -0.000907067 0.0035045 
-0.0156894 -0.000903207 0.00350522 
-0.015686 -0.000900423 0.00350558 
-0.0156786 -0.000897202 0.00350553 
-0.0156742 -0.000895567 0.0035054 
-0.0156643 -0.000891017 0.00350509 
-0.0156605 -0.00088883 0.003505 
-0.0156528 -0.000884673 0.00350466 
-0.0156479 -0.000878321 0.00350482 
-0.0156498 -0.000871954 0.00350567 
-0.0156475 -0.000865451 0.00350586 
-0.0156525 -0.000858954 0.00350677 
-0.0156551 -0.000857987 0.00350711 
-0.0156709 -0.00085612 0.00350893 
-0.015688 -0.000857973 0.00351066 
-0.015696 -0.0008589 0.0035114 
-0.0157034 -0.000859738 0.00351202 
-0.0157159 -0.000859181 0.00351293 
-0.0157276 -0.00085976 0.00351355 
-0.015738 -0.00086066 0.00351383 
-0.0157418 -0.000857606 0.00351368 
-0.015743 -0.000855779 0.00351352 
-0.0157429 -0.00085047 0.00351289 
-0.0157419 -0.000846606 0.00351225 
-0.0157405 -0.00084323 0.00351156 
-0.0157367 -0.000837224 0.00351006 
-0.0157356 -0.000835894 0.00350968 
-0.0157283 -0.000828456 0.00350728 
-0.0157275 -0.000827746 0.003507 
-0.0157189 -0.000820703 0.00350397 
-0.0157057 -0.000812811 0.0034884 
-0.0157004 -0.000809822 0.00348554 
-0.0157045 -0.000811949 0.00348516 
-0.0157072 -0.000813626 0.00348467 
-0.0157127 -0.000817588 0.00348384 
-0.015714 -0.000818612 0.00348368 
-0.0157198 -0.000823579 0.0034832 
-0.0157224 -0.000826354 0.00348278 
-0.0157245 -0.000829455 0.00348204 
-0.0157298 -0.000835712 0.00348174 
-0.0157304 -0.000837074 0.00348142 
-0.0157316 -0.000841633 0.00348026 
-0.015734 -0.000847828 0.0034795 
-0.0157362 -0.000854147 0.00347896 
-0.0157361 -0.000854538 0.00347883 
-0.0157343 -0.00086005 0.00347705 
-0.015735 -0.000866437 0.00347648 
-0.0157332 -0.000872614 0.00347522 
-0.0157273 -0.000878363 0.00347256 
-0.0157229 -0.000884423 0.00347078 
-0.0157202 -0.000890855 0.00346996 
-0.0157159 -0.000897232 0.00346879 
-0.0157075 -0.00090311 0.00346625 
-0.0156995 -0.000909193 0.00346418 
-0.0156967 -0.000912016 0.00346364 
-0.0156924 -0.000915582 0.00346277 
-0.0156819 -0.000921575 0.00346028 
-0.0156748 -0.000926505 0.00345907 
-0.0156726 -0.000927943 0.0034587 
-0.0156609 -0.000934141 0.00345654 
-0.0156582 -0.000935912 0.00345625 
-0.01565 -0.000940869 0.00345548 
-0.0156482 -0.00094183 0.00345531 
-0.0156486 -0.000944044 0.00345716 
-0.0156502 -0.000945451 0.00345933 
-0.0156551 -0.000945395 0.00346243 
-0.0156589 -0.000944616 0.00346402 
-0.015666 -0.000943 0.00346717 
-0.0156706 -0.000941821 0.00347034 
-0.0156732 -0.000940935 0.00347167 
-0.0156775 -0.00093918 0.0034742 
-0.0156803 -0.000937135 0.00347705 
-0.0156811 -0.00093669 0.00347749 
-0.0156862 -0.000933057 0.00348083 
-0.0156873 -0.000931815 0.00348185 
-0.0156887 -0.000929161 0.00348383 
-0.0156898 -0.000926709 0.00348539 
-0.0156919 -0.000923577 0.00348716 
-0.0156932 -0.000921237 0.00348835 
-0.0156958 -0.000915616 0.00349085 
-0.0156958 -0.000915383 0.00349094 
-0.0156952 -0.000909881 0.00349279 
-0.0156941 -0.000907581 0.00349339 
-0.0156912 -0.000903988 0.00349413 
-0.0156897 -0.000897968 0.00349538 
-0.0156895 -0.000897719 0.00349542 
-0.0156829 -0.000891849 0.00349588 
-0.0156788 -0.000888726 0.00349594 
-0.0156733 -0.000885572 0.0034958 
-0.0156649 -0.000879223 0.00349562 
-0.0156632 -0.000877289 0.00349562 
-0.0156589 -0.000872801 0.00349553 
-0.0156567 -0.000866294 0.00349572 
-0.0156585 -0.00086306 0.0034961 
-0.0156666 -0.000859788 0.00349715 
-0.0156729 -0.00085881 0.00349788 
-0.0156886 -0.00085876 0.00349947 
-0.0156939 -0.000859713 0.00349995 
-0.0157048 -0.000861641 0.00350087 
-0.0157186 -0.000863314 0.00350184 
-0.0157308 -0.000865101 0.00350243 
-0.0157327 -0.000865614 0.00350249 
-0.0157417 -0.000867864 0.00350264 
-0.0157468 -0.000864942 0.00350261 
-0.0157482 -0.000863812 0.00350255 
-0.0157502 -0.000857798 0.00350206 
-0.0157499 -0.000855566 0.00350182 
-0.0157483 -0.000850758 0.00350116 
-0.0157432 -0.000843734 0.0035 
-0.0157416 -0.000841437 0.00349947 
-0.0157373 -0.000836487 0.00349819 
-0.0157289 -0.000829241 0.00349609 
-0.0157282 -0.000828531 0.00349582 
-0.0157195 -0.000821488 0.00349279 
-0.0157184 -0.000820724 0.00349243 
-0.015707 -0.000813547 0.0034888 
-0.0156925 -0.000807526 0.00347278 
-0.0156898 -0.000806484 0.00347028 
-0.0156949 -0.000809944 0.00346908 
-0.0156962 -0.00081082 0.00346898 
-0.0157052 -0.000817021 0.00346894 
-0.0157064 -0.000818059 0.00346882 
-0.0157117 -0.000823054 0.00346833 
-0.0157156 -0.000827365 0.0034679 
-0.0157167 -0.000829092 0.00346755 
-0.0157229 -0.000835531 0.00346773 
-0.0157273 -0.000841895 0.00346747 
-0.0157281 -0.000845298 0.0034668 
-0.0157283 -0.00084789 0.00346614 
-0.0157301 -0.000854163 0.00346547 
-0.0157298 -0.000860308 0.00346423 
-0.0157278 -0.000866331 0.00346264 
-0.0157271 -0.000872647 0.00346178 
-0.0157248 -0.000878911 0.00346058 
-0.015721 -0.000885055 0.00345905 
-0.0157156 -0.000891112 0.00345718 
-0.0157087 -0.000897109 0.00345496 
-0.015701 -0.000903077 0.00345268 
-0.015695 -0.000909429 0.00345138 
-0.015691 -0.000914546 0.00345085 
-0.0156896 -0.000916069 0.00345066 
-0.0156801 -0.00092221 0.00344859 
-0.015676 -0.000925989 0.0034482 
-0.0156724 -0.000928874 0.00344776 
-0.0156637 -0.00093419 0.0034465 
-0.0156617 -0.00093531 0.00344621 
-0.0156517 -0.000940926 0.00344499 
-0.0156504 -0.000942086 0.00344522 
-0.0156472 -0.000944569 0.00344556 
-0.0156483 -0.000946084 0.00344764 
-0.0156532 -0.000946029 0.00345073 
-0.015657 -0.000945249 0.00345231 
-0.0156641 -0.000943635 0.00345546 
-0.0156706 -0.000941854 0.00345911 
-0.015672 -0.000941419 0.00345969 
-0.0156787 -0.00093879 0.00346327 
-0.0156821 -0.000937018 0.00346541 
-0.0156847 -0.000935502 0.00346698 
-0.0156866 -0.000932816 0.0034697 
-0.0156871 -0.000932353 0.00347007 
-0.0156881 -0.000929256 0.00347242 
-0.0156864 -0.000927401 0.00347361 
-0.0156857 -0.000926315 0.0034742 
-0.0156819 -0.000922961 0.00347568 
-0.0156816 -0.000922085 0.00347604 
-0.015678 -0.000918234 0.00347731 
-0.0156768 -0.000916483 0.00347782 
-0.0156739 -0.000911636 0.00347907 
-0.0156727 -0.000910672 0.00347924 
-0.0156731 -0.000904689 0.00348082 
-0.0156696 -0.000901218 0.00348124 
-0.0156662 -0.000898617 0.00348141 
-0.015663 -0.000892452 0.00348215 
-0.0156592 -0.000890265 0.00348207 
-0.0156519 -0.000886112 0.00348179 
-0.0156426 -0.000881443 0.00348121 
-0.0156386 -0.000879683 0.00348091 
-0.015626 -0.000873168 0.0034799 
-0.0156291 -0.000866732 0.0034808 
-0.015637 -0.000862072 0.00348206 
-0.0156549 -0.00086098 0.00348427 
-0.0156721 -0.000861017 0.00348622 
-0.0156898 -0.00086431 0.0034879 
-0.0157049 -0.000865896 0.00348917 
-0.0157091 -0.000866782 0.00348947 
-0.015719 -0.000868861 0.00349007 
-0.0157311 -0.000871328 0.00349054 
-0.0157409 -0.000871844 0.00349074 
-0.0157487 -0.000870579 0.00349066 
-0.015752 -0.000865043 0.00349046 
-0.0157524 -0.000862997 0.00349031 
-0.0157518 -0.000858066 0.00348988 
-0.0157494 -0.0008513 0.00348891 
-0.0157493 -0.000851004 0.00348886 
-0.0157436 -0.000844009 0.0034877 
-0.015737 -0.000836783 0.00348586 
-0.0157362 -0.000835937 0.00348559 
-0.0157286 -0.000829342 0.00348337 
-0.0157232 -0.000825277 0.0034818 
-0.0157181 -0.00082175 0.00348029 
-0.0157075 -0.00081538 0.00347731 
-0.015705 -0.000813967 0.00347657 
-0.0156764 -0.000802806 0.00345644 
-0.0156767 -0.000803777 0.00345444 
-0.0156777 -0.000804328 0.00345441 
-0.0156878 -0.000810495 0.00345452 
-0.0156893 -0.000811581 0.00345446 
-0.0156959 -0.000816632 0.00345425 
-0.0157009 -0.000820994 0.00345405 
-0.0157024 -0.000822741 0.0034538 
-0.0157084 -0.000828992 0.00345358 
-0.0157154 -0.000835576 0.00345415 
-0.0157173 -0.000838686 0.00345384 
-0.0157185 -0.000841761 0.00345338 
-0.0157219 -0.000848111 0.00345305 
-0.0157231 -0.000854302 0.00345216 
-0.0157227 -0.000860439 0.0034509 
-0.0157235 -0.000866835 0.00345038 
-0.0157227 -0.00087315 0.00344952 
-0.0157204 -0.000879412 0.00344831 
-0.0157166 -0.000885554 0.00344678 
-0.0157113 -0.000891608 0.00344492 
-0.015705 -0.000897697 0.00344297 
-0.0157006 -0.000904147 0.00344203 
-0.0156934 -0.00091032 0.00344022 
-0.0156919 -0.000912442 0.00344007 
-0.0156877 -0.000916944 0.00343945 
-0.0156789 -0.000923233 0.00343775 
-0.0156781 -0.000923987 0.00343767 
-0.0156696 -0.000929649 0.00343627 
-0.0156636 -0.000933295 0.00343536 
-0.0156588 -0.000936097 0.00343472 
-0.0156522 -0.000939976 0.00343402 
-0.0156472 -0.000942879 0.00343373 
-0.0156428 -0.000945051 0.00343332 
-0.015644 -0.000946565 0.00343539 
-0.0156488 -0.00094651 0.00343848 
-0.0156527 -0.000945731 0.00344006 
-0.0156598 -0.000944119 0.0034432 
-0.0156663 -0.000942339 0.00344685 
-0.0156676 -0.000941904 0.00344742 
-0.0156743 -0.000939277 0.003451 
-0.0156778 -0.000937506 0.00345312 
-0.0156804 -0.000935991 0.0034547 
-0.0156806 -0.000933929 0.00345697 
-0.0156813 -0.00093293 0.00345781 
-0.0156817 -0.000930608 0.00345957 
-0.0156825 -0.000927878 0.00346131 
-0.0156825 -0.000926256 0.00346222 
-0.0156805 -0.00092252 0.00346394 
-0.0156802 -0.000922044 0.00346414 
-0.0156769 -0.000916938 0.00346589 
-0.0156768 -0.000916764 0.00346594 
-0.0156695 -0.000912071 0.0034668 
-0.0156683 -0.00091117 0.00346694 
-0.015661 -0.000906135 0.00346749 
-0.0156594 -0.000905175 0.00346753 
-0.0156555 -0.000899091 0.0034684 
-0.0156522 -0.000895989 0.00346859 
-0.0156484 -0.000892891 0.00346866 
-0.0156372 -0.000887586 0.00346809 
-0.0156344 -0.000886497 0.00346788 
-0.0156248 -0.000880083 0.00346742 
-0.0156179 -0.000876806 0.00346684 
-0.0156111 -0.000873542 0.00346625 
-0.0156161 -0.000869657 0.00346723 
-0.0156216 -0.000867208 0.00346812 
-0.0156339 -0.000864769 0.00346985 
-0.0156509 -0.000867457 0.00347177 
-0.0156542 -0.000868106 0.00347212 
-0.0156718 -0.000868951 0.00347403 
-0.0156874 -0.000868909 0.00347561 
-0.0157021 -0.000870017 0.00347683 
-0.0157154 -0.000871667 0.00347767 
-0.0157217 -0.000873521 0.00347791 
-0.0157275 -0.000875443 0.00347801 
-0.0157373 -0.000876744 0.00347811 
-0.0157433 -0.00087261 0.00347831 
-0.0157445 -0.000871555 0.00347831 
-0.0157481 -0.000865513 0.00347808 
-0.0157484 -0.000864283 0.00347799 
-0.0157483 -0.000858463 0.00347741 
-0.0157472 -0.000854351 0.00347681 
-0.015746 -0.000851314 0.00347624 
-0.0157407 -0.000844198 0.00347487 
-0.015739 -0.000842058 0.0034743 
-0.015734 -0.000836856 0.00347278 
-0.0157286 -0.000832049 0.00347105 
-0.0157251 -0.00082924 0.00346988 
-0.0157138 -0.000821781 0.003467 
-0.0157123 -0.000820869 0.00346658 
-0.0157002 -0.000814066 0.00346338 
-0.015692 -0.000809905 0.0034612 
-0.0156839 -0.000806079 0.00345878 
-0.0156539 -0.000796437 0.00344089 
-0.0156536 -0.000796986 0.00343879 
-0.0156548 -0.000797579 0.00343881 
-0.0156641 -0.000802979 0.00343853 
-0.0156649 -0.000803515 0.00343845 
-0.015676 -0.000809972 0.00343928 
-0.0156817 -0.000814211 0.00343928 
-0.0156841 -0.000816192 0.00343919 
-0.0156916 -0.000822511 0.0034393 
-0.0156986 -0.000828938 0.00343957 
-0.0156989 -0.000829315 0.00343952 
-0.0157026 -0.000835087 0.00343891 
-0.0157097 -0.000841847 0.00343977 
-0.0157124 -0.000848116 0.0034392 
-0.0157135 -0.000854296 0.00343829 
-0.0157158 -0.000860806 0.00343809 
-0.0157166 -0.000867201 0.00343758 
-0.0157158 -0.000873513 0.00343672 
-0.0157136 -0.00087977 0.00343551 
-0.0157097 -0.000885911 0.00343398 
-0.0157044 -0.000891962 0.00343212 
-0.0156982 -0.000898049 0.00343018 
-0.0156938 -0.000904495 0.00342923 
-0.0156865 -0.000910666 0.00342744 
-0.0156853 -0.00091264 0.00342735 
-0.0156809 -0.000917301 0.00342669 
-0.0156753 -0.000922706 0.00342596 
-0.015674 -0.000923908 0.00342584 
-0.0156646 -0.000930339 0.00342439 
-0.0156632 -0.000931412 0.00342428 
-0.0156546 -0.000937006 0.00342337 
-0.0156527 -0.00093805 0.00342315 
-0.0156425 -0.000943531 0.00342222 
-0.0156422 -0.000943766 0.00342225 
-0.0156373 -0.00094684 0.00342266 
-0.015642 -0.000946841 0.00342568 
-0.0156458 -0.000946062 0.00342727 
-0.0156529 -0.000944452 0.00343039 
-0.0156594 -0.000942672 0.00343404 
-0.0156607 -0.000942237 0.00343461 
-0.0156675 -0.000939612 0.00343817 
-0.0156709 -0.000937843 0.00344029 
-0.0156735 -0.000936328 0.00344187 
-0.0156753 -0.000933645 0.00344457 
-0.0156757 -0.000933187 0.00344494 
-0.015677 -0.000930003 0.00344734 
-0.0156782 -0.000928122 0.00344853 
-0.0156815 -0.000923652 0.00345103 
-0.0156818 -0.000922671 0.00345153 
-0.015684 -0.000917077 0.00345401 
-0.0156839 -0.000916063 0.00345439 
-0.0156835 -0.000911354 0.00345598 
-0.0156831 -0.000907179 0.00345717 
-0.0156821 -0.000905454 0.00345756 
-0.0156822 -0.000899442 0.00345898 
-0.0156789 -0.000895295 0.00345952 
-0.0156768 -0.000893345 0.00345967 
-0.0156762 -0.000887095 0.0034606 
-0.0156829 -0.000882354 0.00346186 
-0.0156863 -0.000880739 0.00346236 
-0.015697 -0.000877629 0.00346358 
-0.0157097 -0.00087808 0.00346442 
-0.0157208 -0.000877786 0.00346499 
-0.0157304 -0.000877111 0.00346523 
-0.0157369 -0.000872948 0.00346541 
-0.0157376 -0.000872257 0.00346541 
-0.0157425 -0.000866837 0.00346511 
-0.0157429 -0.000865708 0.00346504 
-0.0157436 -0.000859189 0.00346422 
-0.0157436 -0.000858514 0.00346409 
-0.01574 -0.000851523 0.00346311 
-0.0157375 -0.0008473 0.00346214 
-0.0157352 -0.000844168 0.00346131 
-0.0157278 -0.000836886 0.00345928 
-0.0157268 -0.000836029 0.00345897 
-0.0157183 -0.000829422 0.00345663 
-0.0157096 -0.000823658 0.00345445 
-0.0157068 -0.000821945 0.0034537 
-0.0156934 -0.00081453 0.00345074 
-0.0156816 -0.000808587 0.00344779 
-0.0156779 -0.000806833 0.00344685 
-0.0156606 -0.000799159 0.00344276 
-0.0156731 -0.000809514 0.0034326 
-0.0156662 -0.000807092 0.00342933 
-0.0156579 -0.000804699 0.00342577 
-0.0156662 -0.000810159 0.00342577 
-0.0156791 -0.000817176 0.00342786 
-0.0156896 -0.000823941 0.00342923 
-0.0156997 -0.000830843 0.00343081 
-0.0157027 -0.000834351 0.0034306 
-0.0157045 -0.000837025 0.00343031 
-0.0157081 -0.000843254 0.00342969 
-0.0157081 -0.000847204 0.00342843 
-0.0157077 -0.000849011 0.00342773 
-0.0157088 -0.000855185 0.00342681 
-0.0157071 -0.000861129 0.00342502 
-0.0157072 -0.000867427 0.00342424 
-0.0157058 -0.000873641 0.00342311 
-0.0157054 -0.000874012 0.00342291 
-0.0156987 -0.000879236 0.00342006 
-0.0156947 -0.000885346 0.00341846 
-0.0156897 -0.00089143 0.00341672 
-0.0156848 -0.000897698 0.0034153 
-0.0156837 -0.000900586 0.00341513 
-0.0156815 -0.00090427 0.00341474 
-0.0156754 -0.000910594 0.00341339 
-0.0156736 -0.000914034 0.00341337 
-0.0156712 -0.000917436 0.00341321 
-0.0156681 -0.000921984 0.00341323 
-0.0156662 -0.000924371 0.00341323 
-0.0156614 -0.000928859 0.00341296 
-0.0156584 -0.000931177 0.00341271 
-0.0156534 -0.000934991 0.00341243 
-0.0156494 -0.000938298 0.00341271 
-0.0156477 -0.000939347 0.00341266 
-0.015647 -0.000941495 0.00341423 
-0.015647 -0.000942811 0.00341607 
-0.0156501 -0.000942646 0.00341874 
-0.015653 -0.000941892 0.00342035 
-0.0156558 -0.000941017 0.00342219 
-0.0156574 -0.000940046 0.00342462 
-0.0156615 -0.000938029 0.00342693 
-0.0156641 -0.000936516 0.00342851 
-0.0156659 -0.000933835 0.00343121 
-0.0156665 -0.000933369 0.00343157 
-0.015671 -0.000928699 0.00343488 
-0.0156713 -0.000928216 0.00343519 
-0.0156782 -0.000922684 0.00343834 
-0.015681 -0.00091889 0.0034402 
-0.0156818 -0.000917104 0.00344099 
-0.0156805 -0.000912017 0.00344283 
-0.0156801 -0.000911464 0.003443 
-0.0156797 -0.000905584 0.00344471 
-0.0156779 -0.000903102 0.00344522 
-0.0156748 -0.000899641 0.00344576 
-0.0156735 -0.000893536 0.00344685 
-0.0156759 -0.000887278 0.00344807 
-0.0156865 -0.00088088 0.00344978 
-0.0156877 -0.000880277 0.00344995 
-0.0157003 -0.00087847 0.003451 
-0.0157114 -0.000878013 0.00345157 
-0.015721 -0.000877535 0.0034518 
-0.015729 -0.000876875 0.00345171 
-0.0157342 -0.000872636 0.00345159 
-0.0157348 -0.000871932 0.00345155 
-0.015737 -0.000865493 0.00345106 
-0.0157372 -0.000864453 0.00345092 
-0.0157368 -0.000858202 0.00344984 
-0.0157362 -0.000856597 0.00344958 
-0.0157329 -0.000851083 0.00344856 
-0.0157267 -0.000843994 0.00344714 
-0.0157251 -0.00084233 0.00344666 
-0.0157189 -0.000836644 0.00344494 
-0.015709 -0.000829429 0.00344276 
-0.0157064 -0.00082769 0.00344207 
-0.0156971 -0.000821896 0.00343968 
-0.0156888 -0.000817212 0.00343727 
-0.0156823 -0.000813883 0.00343532 
-0.0156449 -0.000802099 0.00341593 
-0.0156478 -0.000804166 0.00341436 
-0.0156489 -0.000804961 0.00341408 
-0.0156507 -0.000807047 0.00341274 
-0.0156534 -0.000810123 0.00341149 
-0.0156653 -0.000816967 0.00341312 
-0.015669 -0.000819447 0.0034135 
-0.0156748 -0.00082358 0.00341406 
-0.0156834 -0.000830221 0.00341494 
-0.0156919 -0.000835296 0.00341686 
-0.0156954 -0.000837602 0.0034177 
-0.0156974 -0.000840242 0.00341756 
-0.0156995 -0.00084388 0.00341724 
-0.0157016 -0.000849991 0.00341629 
-0.0157006 -0.000853883 0.0034148 
-0.0156996 -0.000855662 0.00341399 
-0.0156993 -0.000861784 0.00341273 
-0.0156961 -0.000867607 0.00341062 
-0.015694 -0.000873721 0.00340924 
-0.0156935 -0.000874094 0.00340904 
-0.0156868 -0.000879312 0.0034062 
-0.0156828 -0.000885418 0.00340461 
-0.0156775 -0.000891457 0.00340276 
-0.0156708 -0.000897462 0.00340063 
-0.0156675 -0.000903582 0.00339999 
-0.0156673 -0.000903986 0.00339995 
-0.0156587 -0.000909944 0.00339764 
-0.0156544 -0.000916704 0.00339729 
-0.0156539 -0.000917788 0.00339737 
-0.0156504 -0.000923721 0.00339758 
-0.0156496 -0.000924756 0.00339759 
-0.0156438 -0.000930643 0.00339744 
-0.0156431 -0.000931273 0.00339739 
-0.0156358 -0.000936923 0.00339708 
-0.0156348 -0.000937559 0.00339703 
-0.0156274 -0.000941985 0.00339661 
-0.0156264 -0.000944151 0.00339812 
-0.0156273 -0.000945192 0.00340018 
-0.0156304 -0.000945065 0.00340285 
-0.0156333 -0.000944411 0.00340556 
-0.0156382 -0.000942761 0.00340789 
-0.0156417 -0.000941349 0.00340975 
-0.0156443 -0.000939428 0.0034125 
-0.0156457 -0.00093848 0.00341349 
-0.0156479 -0.000936275 0.00341565 
-0.0156508 -0.000933636 0.00341775 
-0.0156536 -0.000931213 0.00341945 
-0.0156562 -0.000928391 0.00342124 
-0.0156647 -0.00092279 0.00342438 
-0.0156673 -0.00092001 0.00342576 
-0.0156695 -0.000917172 0.00342705 
-0.0156711 -0.000911466 0.00342924 
-0.0156711 -0.000910133 0.00342968 
-0.0156705 -0.000905611 0.00343098 
-0.0156712 -0.000899627 0.00343252 
-0.0156759 -0.000893478 0.00343412 
-0.0156872 -0.000889111 0.00343562 
-0.0156986 -0.000887704 0.00343636 
-0.0157081 -0.00088762 0.00343653 
-0.0157127 -0.000886177 0.00343672 
-0.0157168 -0.000884646 0.00343682 
-0.0157237 -0.000881114 0.0034368 
-0.0157256 -0.000878864 0.00343681 
-0.0157283 -0.000873171 0.00343671 
-0.0157286 -0.000871911 0.00343663 
-0.0157289 -0.000864836 0.00343597 
-0.0157288 -0.000864028 0.00343585 
-0.0157267 -0.00085771 0.00343487 
-0.0157244 -0.000853538 0.00343402 
-0.0157222 -0.000850453 0.00343323 
-0.0157154 -0.000843395 0.00343183 
-0.015707 -0.000836309 0.0034301 
-0.0157064 -0.00083586 0.00342995 
-0.0156968 -0.000829016 0.00342772 
-0.0156851 -0.00082191 0.00342555 
-0.0156723 -0.000814888 0.00342263 
-0.0156714 -0.000814423 0.00342242 
-0.015656 -0.000806964 0.00341905 
-0.0156304 -0.000801997 0.00340152 
-0.0156298 -0.000802494 0.00339937 
-0.0156326 -0.000804535 0.00339861 
-0.015634 -0.000805925 0.00339798 
-0.0156333 -0.000807832 0.00339563 
-0.0156349 -0.000809442 0.00339526 
-0.0156463 -0.000816214 0.0033967 
-0.0156596 -0.000823431 0.00339931 
-0.0156682 -0.000828159 0.00340118 
-0.0156727 -0.000830805 0.0034022 
-0.0156827 -0.000837847 0.00340402 
-0.015688 -0.000844324 0.00340412 
-0.0156882 -0.000845627 0.00340372 
-0.0156883 -0.000850111 0.00340232 
-0.0156896 -0.000856273 0.00340139 
-0.0156887 -0.000859575 0.00340034 
-0.0156876 -0.00086212 0.00339941 
-0.0156863 -0.000868211 0.00339806 
-0.015683 -0.000874137 0.00339617 
-0.015678 -0.000880002 0.00339392 
-0.0156742 -0.000886127 0.0033924 
-0.0156689 -0.000892163 0.00339055 
-0.0156626 -0.000898236 0.00338862 
-0.0156607 -0.000905037 0.00338867 
-0.0156601 -0.000907056 0.00338875 
-0.0156573 -0.00091181 0.00338852 
-0.0156547 -0.000916171 0.00338848 
-0.015653 -0.000918732 0.00338851 
-0.0156492 -0.000923275 0.00338846 
-0.0156467 -0.000925622 0.00338832 
-0.0156416 -0.000929821 0.003388 
-0.015638 -0.000932475 0.00338781 
-0.0156339 -0.000935223 0.00338765 
-0.0156265 -0.00093943 0.00338726 
-0.0156251 -0.00094007 0.00338711 
-0.0156198 -0.000943044 0.00338756 
-0.0156139 -0.000945589 0.00338791 
-0.0156107 -0.000946774 0.00338903 
-0.0156107 -0.000946463 0.00339104 
-0.01561 -0.000945812 0.0033929 
-0.0156124 -0.000943987 0.00339513 
-0.015613 -0.000943344 0.00339582 
-0.0156117 -0.000941554 0.0033977 
-0.0156137 -0.000939367 0.00339943 
-0.0156147 -0.000937425 0.00340081 
-0.0156175 -0.000934201 0.00340287 
-0.0156218 -0.000930345 0.00340513 
-0.0156228 -0.000928778 0.00340595 
-0.0156318 -0.00092312 0.00340899 
-0.0156385 -0.000917401 0.00341162 
-0.0156428 -0.000911593 0.00341385 
-0.0156429 -0.000911205 0.00341397 
-0.0156439 -0.000905666 0.00341558 
-0.0156497 -0.000899624 0.0034175 
-0.0156567 -0.000896507 0.00341871 
-0.0156704 -0.000894452 0.00342003 
-0.0156768 -0.000893119 0.00342062 
-0.0156828 -0.000891664 0.00342113 
-0.0156927 -0.000890434 0.00342152 
-0.0157009 -0.00088959 0.00342148 
-0.015708 -0.000887378 0.00342133 
-0.0157109 -0.000885066 0.00342141 
-0.0157141 -0.000882203 0.00342129 
-0.0157173 -0.000877779 0.00342088 
-0.0157178 -0.000876504 0.00342077 
-0.0157184 -0.000870785 0.00342038 
-0.0157172 -0.000864914 0.00341992 
-0.0157168 -0.000863833 0.00341978 
-0.015713 -0.000857214 0.00341954 
-0.0157078 -0.000850443 0.00341883 
-0.015701 -0.000843338 0.00341732 
-0.0156966 -0.000839336 0.00341616 
-0.0156924 -0.00083601 0.00341507 
-0.0156821 -0.000828803 0.00341286 
-0.0156743 -0.00082392 0.00341089 
-0.0156697 -0.00082128 0.00340974 
-0.0156559 -0.000813908 0.00340683 
-0.0156409 -0.000806669 0.00340396 
-0.0155715 -0.000785518 0.00338301 
-0.015569 -0.000784046 0.00338064 
-0.0155651 -0.000782569 0.00337796 
-0.0155697 -0.000784319 0.00337825 
-0.0155812 -0.000789098 0.0033789 
-0.0155843 -0.000790509 0.003379 
-0.0156009 -0.000797511 0.00338155 
-0.0156154 -0.000804329 0.00338353 
-0.0156283 -0.000811077 0.00338516 
-0.0156409 -0.000818024 0.00338708 
-0.0156414 -0.000818413 0.0033871 
-0.0156494 -0.000824406 0.00338745 
-0.0156586 -0.000831113 0.00338852 
-0.0156644 -0.00083744 0.00338845 
-0.0156708 -0.00084409 0.00338902 
-0.0156756 -0.000850624 0.00338925 
-0.0156756 -0.000850987 0.00338915 
-0.0156759 -0.000856587 0.00338782 
-0.0156783 -0.000863104 0.00338767 
-0.0156781 -0.000869321 0.0033867 
-0.0156747 -0.000875199 0.00338471 
-0.0156713 -0.000881278 0.00338307 
-0.0156681 -0.000887498 0.00338182 
-0.0156661 -0.000894061 0.00338136 
-0.0156643 -0.000899787 0.00338126 
-0.015664 -0.000900829 0.00338125 
-0.0156588 -0.000907267 0.00338024 
-0.0156538 -0.000912807 0.00337945 
-0.0156528 -0.000913778 0.0033793 
-0.0156457 -0.000920428 0.00337847 
-0.0156445 -0.000921471 0.00337839 
-0.0156371 -0.000927174 0.00337777 
-0.0156356 -0.000928168 0.00337762 
-0.0156257 -0.000933806 0.00337657 
-0.0156245 -0.000934407 0.00337642 
-0.0156164 -0.000938543 0.00337612 
-0.0156111 -0.000940691 0.00337559 
-0.0156041 -0.000943206 0.00337482 
-0.0155985 -0.000945124 0.00337533 
-0.0155973 -0.000945186 0.00337699 
-0.0155987 -0.000943826 0.00337942 
-0.0155997 -0.000943374 0.00337992 
-0.0156036 -0.0009406 0.00338285 
-0.0156057 -0.000938712 0.00338456 
-0.0156087 -0.000936366 0.0033864 
-0.0156126 -0.000933585 0.00338836 
-0.0156174 -0.000929196 0.00339112 
-0.015618 -0.000928264 0.00339165 
-0.0156228 -0.000922732 0.00339453 
-0.0156257 -0.000919554 0.00339601 
-0.0156273 -0.000917078 0.00339706 
-0.015634 -0.000911252 0.00339947 
-0.0156407 -0.00090528 0.00340166 
-0.0156475 -0.000902612 0.00340278 
-0.0156584 -0.000898975 0.00340422 
-0.0156624 -0.000897635 0.00340468 
-0.0156725 -0.000896419 0.00340511 
-0.0156807 -0.000895712 0.00340505 
-0.0156883 -0.000893495 0.00340501 
-0.0156913 -0.000891168 0.00340527 
-0.015696 -0.00088689 0.00340549 
-0.0156982 -0.000884218 0.00340553 
-0.0157008 -0.00087963 0.0034054 
-0.0157018 -0.000877178 0.0034052 
-0.0157015 -0.00087059 0.00340539 
-0.0157005 -0.000865365 0.00340493 
-0.0157 -0.000863606 0.00340471 
-0.0156964 -0.000856704 0.00340391 
-0.0156911 -0.000849831 0.00340296 
-0.0156872 -0.000845725 0.00340215 
-0.0156841 -0.000842754 0.00340148 
-0.0156757 -0.000836078 0.0034006 
-0.0156734 -0.000834389 0.00340032 
-0.0156658 -0.000829326 0.00339937 
-0.0156544 -0.000822456 0.00339771 
-0.0156414 -0.00081548 0.00339571 
-0.015627 -0.000808469 0.00339339 
-0.015611 -0.000801393 0.00339073 
-0.0155935 -0.000794218 0.00338773 
-0.0155745 -0.000786774 0.00338391 
-0.0156108 -0.000809258 0.00337407 
-0.0156031 -0.00080648 0.00337073 
-0.0156108 -0.000811182 0.00337074 
-0.0156174 -0.000815468 0.00337095 
-0.01562 -0.000817453 0.00337089 
-0.0156296 -0.00082403 0.00337178 
-0.0156374 -0.000830503 0.00337225 
-0.0156403 -0.000833995 0.00337202 
-0.0156421 -0.00083666 0.00337172 
-0.0156473 -0.00084311 0.00337178 
-0.0156519 -0.000849594 0.00337188 
-0.0156526 -0.000855647 0.00337071 
-0.0156543 -0.000862038 0.00337023 
-0.015655 -0.000868408 0.00336971 
-0.0156543 -0.000874696 0.00336884 
-0.0156525 -0.00088101 0.00336787 
-0.0156505 -0.000887407 0.00336709 
-0.01565 -0.000894225 0.00336734 
-0.0156501 -0.000894936 0.00336747 
-0.0156502 -0.000901469 0.00336843 
-0.0156499 -0.000902567 0.00336855 
-0.0156477 -0.000908567 0.00336902 
-0.015647 -0.000909652 0.00336908 
-0.0156422 -0.000915508 0.00336901 
-0.0156412 -0.00091653 0.00336896 
-0.0156338 -0.000922355 0.00336846 
-0.0156328 -0.000922974 0.00336837 
-0.0156234 -0.000928501 0.00336762 
-0.0156222 -0.000929096 0.00336746 
-0.0156096 -0.000934568 0.00336582 
-0.0156069 -0.000935636 0.00336572 
-0.0156004 -0.000937928 0.00336538 
-0.0155954 -0.000939166 0.00336609 
-0.0155984 -0.00093737 0.0033684 
-0.0155992 -0.000936712 0.00336915 
-0.0156059 -0.000932512 0.0033728 
-0.0156073 -0.000931594 0.00337349 
-0.0156134 -0.000927287 0.00337645 
-0.0156181 -0.00092344 0.00337875 
-0.0156194 -0.000921855 0.00337963 
-0.0156278 -0.000916158 0.00338245 
-0.0156387 -0.000910202 0.003385 
-0.0156402 -0.000909591 0.00338523 
-0.0156523 -0.000905668 0.0033864 
-0.0156573 -0.000903518 0.00338692 
-0.0156633 -0.000900693 0.00338743 
-0.0156701 -0.000896688 0.00338791 
-0.0156725 -0.000894737 0.00338817 
-0.0156767 -0.000890093 0.00338878 
-0.0156805 -0.000884541 0.00338911 
-0.0156812 -0.000883302 0.00338911 
-0.0156828 -0.000876692 0.00338943 
-0.0156821 -0.00087026 0.0033899 
-0.0156806 -0.000863839 0.00338945 
-0.0156805 -0.000863381 0.0033894 
-0.0156769 -0.000856557 0.00338875 
-0.0156717 -0.000849687 0.00338782 
-0.0156648 -0.000842785 0.0033867 
-0.0156613 -0.000839649 0.00338587 
-0.0156562 -0.000835581 0.0033847 
-0.0156461 -0.000828465 0.00338268 
-0.0156366 -0.000822647 0.0033803 
-0.0156336 -0.00082093 0.00337954 
-0.0156196 -0.00081348 0.00337644 
-0.0156047 -0.000816955 0.00336075 
-0.0156008 -0.000815981 0.00335804 
-0.015603 -0.000817998 0.00335746 
-0.0156078 -0.000822203 0.00335696 
-0.0156096 -0.000823951 0.00335675 
-0.0156177 -0.000830448 0.0033573 
-0.015624 -0.000836838 0.00335743 
-0.0156261 -0.000840284 0.00335703 
-0.0156272 -0.000842946 0.00335659 
-0.0156309 -0.000849276 0.0033563 
-0.0156339 -0.000855674 0.00335607 
-0.0156331 -0.000861669 0.00335457 
-0.0156332 -0.000867936 0.00335378 
-0.0156325 -0.000874215 0.00335292 
-0.0156307 -0.000880522 0.00335194 
-0.0156287 -0.000886907 0.00335117 
-0.0156282 -0.000893719 0.00335141 
-0.0156284 -0.000894427 0.00335154 
-0.0156287 -0.000901019 0.00335266 
-0.0156286 -0.000901687 0.00335276 
-0.0156295 -0.000906355 0.00335439 
-0.0156288 -0.000908778 0.00335485 
-0.0156272 -0.000911616 0.00335525 
-0.0156279 -0.000913844 0.00335712 
-0.0156246 -0.000916967 0.0033575 
-0.0156232 -0.000918053 0.00335754 
-0.0156206 -0.000920056 0.00335872 
-0.0156179 -0.000921242 0.00335995 
-0.0156148 -0.000921811 0.00336114 
-0.0156129 -0.000920804 0.0033628 
-0.0156134 -0.000920303 0.00336315 
-0.0156233 -0.00091455 0.00336598 
-0.0156247 -0.00091396 0.00336616 
-0.0156368 -0.000908084 0.00336773 
-0.015638 -0.000907415 0.00336789 
-0.0156469 -0.000901484 0.00336898 
-0.0156494 -0.000899423 0.00336935 
-0.0156538 -0.000894968 0.00337001 
-0.015658 -0.000888713 0.00337129 
-0.0156608 -0.000882537 0.00337178 
-0.0156609 -0.000882093 0.0033718 
-0.0156618 -0.000875647 0.00337237 
-0.0156613 -0.000868979 0.00337235 
-0.015659 -0.000862395 0.00337239 
-0.0156552 -0.000855893 0.00337234 
-0.0156502 -0.000849305 0.00337116 
-0.0156498 -0.000848866 0.00337106 
-0.0156428 -0.000841972 0.00336993 
-0.0156341 -0.000834888 0.00336816 
-0.0156239 -0.00082779 0.00336617 
-0.0156204 -0.000825574 0.00336523 
-0.0156108 -0.000820094 0.00336261 
-0.0155793 -0.000816946 0.00334207 
-0.0155803 -0.000817803 0.00334192 
-0.0155877 -0.000823848 0.0033415 
-0.0155894 -0.00082539 0.00334142 
-0.0155938 -0.00082996 0.00334106 
-0.0156018 -0.000836644 0.00334199 
-0.0156059 -0.00084286 0.00334147 
-0.0156102 -0.000849285 0.00334146 
-0.0156102 -0.000849648 0.00334136 
-0.0156103 -0.000855196 0.00333996 
-0.0156127 -0.000861678 0.00333979 
-0.0156113 -0.000867681 0.00333831 
-0.0156088 -0.000873675 0.00333672 
-0.0156066 -0.000879907 0.00333556 
-0.0156063 -0.00088657 0.00333555 
-0.0156077 -0.000889998 0.00333634 
-0.0156104 -0.000894228 0.00333797 
-0.015611 -0.000895414 0.00333842 
-0.0156156 -0.000897692 0.00334111 
-0.0156205 -0.000898143 0.0033441 
-0.0156226 -0.000897179 0.00334512 
-0.0156297 -0.000891937 0.00334871 
-0.01563 -0.000891595 0.00334889 
-0.0156342 -0.000886273 0.00335121 
-0.0156364 -0.000879971 0.00335225 
-0.0156372 -0.000873685 0.00335311 
-0.0156364 -0.000867316 0.00335365 
-0.0156341 -0.000860831 0.00335388 
-0.0156303 -0.0008543 0.00335375 
-0.015625 -0.000847742 0.00335342 
-0.015618 -0.000841079 0.00335185 
-0.0156175 -0.0008406 0.00335171 
-0.0156088 -0.000833701 0.0033503 
-0.015598 -0.000826463 0.00334795 
-0.0155911 -0.000822535 0.003346 
-0.0155823 -0.000818266 0.00334307 
