0.444593 -0.0547531 -0.109004 
-0.466959 -0.271183 0.201196 
-0.315196 0.30576 0.10995 
-0.280719 0.539126 0.0174622 
0.0705296 0.779915 -0.326635 
-0.0732568 0.759843 -0.211056 
-0.399694 0.668339 -0.0128109 
0.150753 -0.572042 0.0560837 
-0.141536 0.873749 -0.268417 
0.3823 0.100297 -0.141168 
-0.124521 0.758745 -0.1749 
-0.119763 0.730545 -0.160508 
0.354571 0.22093 -0.175718 
0.186761 0.196216 -0.111235 
0.702782 -0.847736 0.0318874 
-0.0894742 0.7864 -0.217132 
0.0864123 0.884014 -0.408273 
0.300073 0.402704 -0.235548 
0.700756 -0.165845 -0.0972473 
-0.483748 -0.0925621 0.230559 
-0.467274 0.0981484 0.209197 
0.925473 -0.359359 -0.0418987 
0.234398 -0.241084 -0.0377723 
0.579544 -0.34332 -0.0597623 
-0.09701 0.723757 -0.172829 
-0.347545 0.287346 0.137041 
-0.00649561 0.820474 -0.29979 
0.608339 -0.734067 0.0159661 
0.80568 -0.346654 -0.0477876 
-0.0865883 0.546689 -0.0994932 
-0.113547 0.816988 -0.252621 
-0.501948 0.853018 -0.0269859 
-0.475446 -0.225739 0.212001 
-0.0522856 0.612174 -0.147707 
-0.218458 0.829495 -0.201389 
-0.329695 0.59018 -0.0210425 
-0.170377 -0.0964677 0.0750233 
-0.537905 0.877701 -0.0111129 
-0.331032 -0.349413 0.13941 
0.289933 0.2591 -0.169557 
-0.357049 -0.0596496 0.146767 
-0.441943 -0.187954 0.199097 
0.000774832 0.440229 -0.109327 
0.595802 -0.129364 -0.106292 
0.583593 -1.11748 0.041367 
-0.170958 0.152331 0.0579619 
-0.415302 0.0533671 0.180416 
-0.489329 -0.294171 0.212688 
0.343733 0.18538 -0.159438 
-0.460687 -0.520537 0.166326 
-0.130731 0.633315 -0.109275 
-0.193082 0.328932 0.0354688 
-0.635747 -0.193214 0.299527 
-0.494154 0.679938 0.0516948 
0.518263 0.695421 -0.470203 
-0.212549 0.270983 0.0610325 
-0.34102 -0.138035 0.149523 
0.224689 0.257202 -0.14531 
-0.0230962 0.606258 -0.164132 
0.285766 0.223297 -0.154776 
-0.313308 0.83753 -0.145088 
-0.07043 0.756046 -0.242967 
0.442098 -0.089875 -0.100294 
-0.190926 0.594047 -0.0527078 
-0.129018 0.598646 -0.0940377 
-0.676447 0.0903296 0.36335 
-0.0805727 0.835737 -0.256781 
-0.362313 0.219079 0.136775 
0.262451 -0.313403 -0.0339147 
0.303754 0.249418 -0.170557 
-0.202444 0.968594 -0.249129 
-0.123204 0.889257 -0.258368 
-0.298784 0.595065 -0.0435507 
-0.287987 0.2698 0.0514227 
-0.0472482 0.527526 -0.115494 
0.0080676 0.933797 -0.387068 
-0.30438 0.039114 0.137988 
-0.233246 0.322159 0.053851 
-0.496704 -0.126249 0.234757 
0.201158 0.710416 -0.363667 
-0.0560414 0.793273 -0.246596 
0.211921 -0.404409 -0.00678199 
0.447151 -0.792504 0.0201225 
-0.0519923 0.83687 -0.277569 
0.26838 0.440245 -0.24094 
0.873129 -0.264774 -0.0667006 
-0.601163 -0.100082 0.298078 
-0.0793491 0.640207 -0.142242 
0.793118 -1.04949 0.0550917 
0.790581 -0.248543 -0.0738854 
-0.045545 0.110512 0.00379435 
-0.166889 0.83658 -0.191936 
-0.156575 0.565062 -0.0629908 
-0.362963 0.297084 0.142752 
-0.382537 0.914402 -0.140115 
-0.364473 0.785714 -0.0877396 
-0.117476 0.611818 -0.10784 
0.0511877 0.796221 -0.32419 
0.218563 0.165753 -0.113378 
-0.28316 0.221243 0.0609777 
0.879596 -1.19979 0.0749805 
0.258795 -0.491693 0.0342558 
-0.296729 0.817662 -0.145596 
-0.151493 -0.229942 0.0752427 
-0.272961 0.246821 0.100851 
-0.504034 0.711419 0.0433434 
0.962449 0.168874 -0.25118 
0.0492232 0.754896 -0.297473 
0.26691 0.747305 -0.420813 
0.62296 -0.151855 -0.0994502 
0.423086 0.668224 -0.426768 
0.409524 -0.845016 0.0238362 
0.0745074 0.855393 -0.376334 
-0.0568414 0.205857 -0.0086807 
0.347021 0.0858245 -0.128331 
-0.475473 0.269489 0.219322 
0.109742 0.612859 -0.250998 
-0.283324 0.510076 0.0224351 
-0.0494515 0.151124 -0.000455191 
0.356793 0.0153901 -0.111295 
-0.399564 -0.0407355 0.189545 
-0.534316 -0.386119 0.217368 
-0.410925 -0.0124317 0.197308 
0.471422 -0.145765 -0.089514 
-0.183775 0.325413 0.031984 
-0.117504 0.984109 -0.345659 
0.790523 -0.642079 0.0121479 
-0.0681693 0.123325 0.0127498 
0.356122 0.187593 -0.16377 
-0.231068 0.392457 0.0322961 
0.0902777 -0.190812 -0.00455003 
0.75671 -0.64106 0.00884604 
-0.154161 0.269771 0.0322236 
0.171552 0.67935 -0.324387 
0.0379618 0.514671 -0.160647 
-0.0629727 0.701577 -0.222134 
0.230149 0.00671052 -0.07733 
-0.353199 -0.458491 0.132802 
0.282536 -0.0356004 -0.0822163 
0.111936 0.630539 -0.262139 
0.449442 -0.39413 -0.0465436 
0.398285 0.0401965 -0.126547 
-0.275802 0.718825 -0.0520033 
-0.130231 0.865294 -0.23754 
0.100571 0.60884 -0.256704 
-0.277121 0.881697 -0.139783 
-0.0165539 0.762758 -0.254481 
-0.192802 0.220431 0.0596547 
0.676096 -0.621005 0.00103512 
0.632183 -0.277679 -0.0723629 
-0.316334 0.636356 -0.0510769 
0.0832154 0.593052 -0.224858 
0.605632 0.592614 -0.437019 
-0.464946 0.668883 0.03316 
0.425454 -0.870498 0.0229312 
-0.302633 -0.302573 0.121725 
-0.118953 0.987389 -0.326079 
-0.0422616 -0.0609001 0.0228672 
0.373974 -0.767999 0.0187964 
-0.319072 0.6229 -0.0439326 
-0.358761 0.171138 0.135895 
0.415028 -0.194669 -0.0728788 
0.191144 0.128736 -0.0938347 
-0.0960644 1.00655 -0.36066 
-0.0603675 0.763465 -0.254068 
0.657995 -0.610233 0.0103741 
0.833709 -1.06458 0.0618293 
-0.0486961 0.169168 -0.00406524 
-0.31299 0.896416 -0.175909 
0.583063 -0.267557 -0.0744854 
-0.360844 0.272352 0.110568 
-0.00683414 0.763359 -0.262927 
-0.204045 0.75098 -0.170649 
0.278647 0.723705 -0.414658 
-0.375379 0.132827 0.147804 
-0.30859 -0.0363387 0.140528 
0.45678 0.411186 -0.29677 
0.301456 0.219693 -0.158666 
-0.219105 -0.237988 0.104003 
0.390799 -0.681556 0.0112729 
-0.204405 0.778411 -0.181856 
0.30987 -0.391933 -0.0275973 
-0.281548 0.36961 0.0580933 
-0.234642 -0.305139 0.11583 
0.43838 -0.179477 -0.0809019 
0.308022 0.371544 -0.223759 
0.608512 -0.306708 -0.0668445 
-0.529702 0.694451 0.0698034 
0.448997 -0.372881 -0.0499506 
0.501628 -0.7558 0.019566 
0.631542 -0.191439 -0.0896339 
0.298728 0.282305 -0.181678 
-0.144977 1.01106 -0.344758 
0.404751 -0.841402 0.0214677 
0.125205 0.847554 -0.39887 
0.138851 0.205384 -0.0957312 
-0.184185 0.72074 -0.113993 
0.61097 -0.103225 -0.113789 
0.460724 0.389912 -0.285354 
0.107167 0.779975 -0.349467 
0.437349 -0.14209 -0.088234 
0.450989 -0.744802 0.0168391 
0.707119 0.551762 -0.434827 
-0.063214 0.212034 -0.00576661 
-0.382547 0.620856 -0.00367941 
-0.0344724 -0.0824631 0.0227523 
0.52608 -0.79718 0.0222103 
-0.0370806 0.159687 -0.00808505 
-0.254203 0.422885 0.0338892 
0.43554 0.108674 -0.15582 
-0.289265 0.480006 -0.0107978 
-0.159802 -0.228064 0.0805294 
0.486509 -0.87439 0.0300236 
-0.137777 0.885031 -0.244501 
0.48212 -0.781525 0.0204479 
0.377597 0.0381929 -0.121784 
-0.130302 0.974845 -0.332444 
0.228262 0.625005 -0.322156 
0.243101 0.56929 -0.297037 
-0.0117877 0.530267 -0.138527 
-0.0169666 0.442796 -0.100235 
0.0234337 0.655488 -0.219781 
0.5344 0.305236 -0.261143 
-0.210018 0.959665 -0.245547 
-0.222489 0.782824 -0.17347 
-0.10084 0.992703 -0.360783 
0.322239 -0.0314316 -0.0923505 
-0.301843 -0.143031 0.134746 
0.17324 0.205577 -0.108969 
0.641237 -0.674243 0.00831366 
0.407636 0.369938 -0.257801 
0.4634 -0.0504936 -0.113087 
-0.0798308 0.572613 -0.114803 
0.646647 -0.308893 -0.0618221 
0.251583 0.576413 -0.306427 
0.510702 -0.0227746 -0.126122 
0.285837 -0.742481 0.0204877 
-0.51512 -0.0590738 0.251967 
-0.13863 -0.241123 0.066019 
0.0988509 0.579364 -0.226768 
-0.166843 -0.23003 0.0817296 
0.102771 0.69712 -0.29559 
-0.238782 0.35011 0.0431624 
-0.232021 0.40441 -0.0164584 
-0.512174 0.911959 -0.0464245 
0.925534 -0.997408 0.0714184 
-0.53191 -0.144654 0.245295 
0.248538 0.359119 -0.194664 
-0.409158 0.604509 0.0196866 
-0.0167125 0.708235 -0.221413 
0.660757 -0.581229 0.00666722 
0.238334 0.147525 -0.11469 
-0.0899541 0.765372 -0.20217 
-0.0810254 0.630503 -0.137177 
0.152577 -0.550213 0.0262662 
-0.182004 0.203583 0.0567849 
0.177328 0.0578352 -0.0723229 
0.531362 0.282911 -0.249155 
-0.398393 -0.0933582 0.171411 
0.0384395 0.455261 -0.160574 
-0.668492 -0.0901342 0.336004 
-0.0911452 0.748521 -0.191215 
0.249572 -0.068106 -0.0677714 
0.141334 0.597387 -0.260266 
0.467311 -0.573551 -0.0135764 
0.173469 0.1765 -0.10053 
0.256228 0.0819872 -0.102625 
-0.459372 -0.320789 0.190102 
-0.413992 0.698444 -0.0209833 
0.0356766 -0.202545 0.0134674 
0.197494 0.662328 -0.328322 
0.376836 0.716952 -0.438516 
-0.0759278 0.928224 -0.319218 
-0.262718 0.624051 -0.073486 
-0.369605 0.0216222 0.174459 
-0.289098 0.265595 0.10688 
-0.53691 0.607875 0.103524 
0.684922 -0.375015 -0.046499 
-0.396974 0.177084 0.140033 
-0.543331 -0.334487 0.233087 
-0.261091 0.443341 -0.0139515 
0.086396 0.0794585 -0.0453675 
0.118586 0.682538 -0.296447 
0.110107 0.859062 -0.407315 
-0.16023 0.61008 -0.0791684 
0.482262 -0.736319 0.0172773 
0.462143 -0.653767 0.00402711 
0.283475 0.426964 -0.240581 
-0.509653 -0.102219 0.245517 
0.727993 0.475451 -0.392608 
-0.435802 -0.256323 0.187633 
-0.0528066 0.204981 -0.00985633 
-0.141235 0.728915 -0.190346 
0.0297918 0.647658 -0.220201 
-0.453936 -0.284335 0.192768 
-0.323405 0.153169 0.143064 
-0.0395828 0.418351 -0.0781808 
0.29346 -0.853282 0.0287317 
-0.240735 0.00706688 0.0872416 
0.643523 -0.152069 -0.096259 
0.655159 -0.992457 0.038207 
0.0839179 -0.573965 0.0586322 
-0.164401 0.785 -0.163909 
0.498828 -0.820906 0.0234075 
0.798453 -0.84782 0.0405853 
-0.27619 0.902219 -0.159556 
-0.312957 0.415343 0.0231913 
-0.127452 0.326056 0.0024542 
-0.510973 -0.0395161 0.252403 
0.0880059 0.640382 -0.253422 
0.631246 -1.16687 0.0358904 
-0.0327519 0.817935 -0.27938 
0.0808011 0.710067 -0.289622 
-0.110632 0.188766 0.0234631 
-0.215273 0.882448 -0.229899 
-0.453228 0.90462 -0.0859918 
-0.0507718 -0.0765749 0.027474 
0.676077 -0.931175 0.0360253 
0.158016 0.343093 -0.149872 
-0.250542 0.656172 -0.097347 
0.280071 0.414295 -0.232885 
-0.491485 0.0056798 0.244266 
0.808027 -1.11825 0.0564245 
-0.498474 0.848848 -0.0281489 
0.966014 -1.14553 0.0876049 
-0.385928 -0.185091 0.171146 
-0.415854 -0.16053 0.188335 
-0.175888 0.794434 -0.160248 
0.417674 0.314802 -0.233356 
-0.531179 -0.151669 0.252038 
0.520995 -0.814093 0.0231321 
0.513243 0.479521 -0.340892 
-0.330947 0.854657 -0.145248 
0.869656 -0.809666 0.0431758 
-0.399965 -0.170469 0.179569 
0.230596 0.10906 -0.101708 
0.845168 -0.785321 0.0370898 
0.0104103 0.628715 -0.197011 
0.894327 -1.06353 0.0680813 
0.0258006 -0.274096 0.0525412 
0.509432 -0.789099 0.0217503 
-0.529906 0.212734 0.249192 
0.813412 -0.879871 0.0454154 
0.779123 -0.901823 0.0431327 
-0.09354 -0.183453 0.0523895 
-0.0339428 0.123906 -0.00425705 
0.45009 -0.0182039 -0.11958 
-0.229292 -0.244661 0.105318 
-0.366091 0.246289 0.137488 
0.65317 -0.758143 0.0202476 
-0.179102 0.144216 0.063087 
-0.450213 0.889669 -0.082273 
0.173753 0.553429 -0.253735 
0.417095 0.314004 -0.231898 
-0.174762 0.280831 0.0409788 
0.334545 -0.132023 -0.073508 
0.238844 -0.0270591 -0.0729013 
-0.267552 0.637725 -0.0799764 
-0.0749739 0.112931 0.0172414 
-0.295653 0.173237 0.0779175 
0.267968 0.358254 -0.202097 
-0.0422805 -0.0965816 0.0268969 
0.975928 -1.09897 0.0899519 
0.303419 -0.0091939 -0.0931471 
-0.402665 0.0159725 0.16772 
-0.100841 0.589283 -0.108312 
-0.565651 -0.162043 0.262437 
-0.165341 -0.0557352 0.0707969 
0.0655571 0.869663 -0.383647 
0.640729 -0.0667616 -0.124649 
0.269814 0.225383 -0.150146 
-0.426471 -0.496421 0.149507 
-0.0229345 0.50759 -0.12353 
-0.126765 0.174653 0.0336928 
0.428384 0.108787 -0.154335 
-0.0360898 0.259611 -0.0323825 
0.54909 0.154454 -0.193922 
-0.396895 0.529126 0.0476173 
0.52166 0.224139 -0.219302 
0.255014 0.288231 -0.16874 
0.559384 -0.19634 -0.0884305 
0.411669 0.0270201 -0.125369 
-0.384527 0.622988 -0.0037591 
0.327857 -0.682007 0.0322145 
0.685314 -0.694328 0.0124333 
0.273222 -0.130787 -0.0612034 
0.578723 -0.119514 -0.107902 
0.772236 -0.85233 0.038237 
0.654217 0.609339 -0.456454 
-0.330292 0.272812 0.130362 
-0.0340138 0.853757 -0.318363 
0.212103 0.214278 -0.126247 
0.0579803 0.714812 -0.277976 
0.0255869 0.252592 -0.0602664 
0.917752 -0.231502 -0.0755855 
0.128572 0.129683 -0.0723328 
-0.0602709 0.805618 -0.273072 
0.277901 0.320372 -0.18973 
0.105442 0.273037 -0.102517 
0.210658 0.234696 -0.132338 
0.638926 -1.11544 0.0368478 
-0.540214 -0.210634 0.248436 
0.7022 -0.73077 0.0181525 
-0.555188 0.639215 0.100293 
0.621647 -0.87254 0.0289315 
-0.137444 -0.0130612 0.0574131 
-0.387255 -0.0284311 0.165864 
-0.469958 -0.171239 0.216181 
0.219651 -0.0840319 -0.0573328 
0.569759 -0.635137 0.0159425 
-0.0835669 0.562158 -0.107357 
-0.466717 0.669181 0.0352328 
0.575355 -0.438058 -0.0379662 
0.599907 -0.965778 0.0332141 
0.277977 0.412317 -0.2314 
0.32402 0.0301201 -0.107652 
0.422619 0.342531 -0.249917 
0.669322 -0.274573 -0.0689371 
0.891236 -0.452118 -0.0174475 
0.724874 -0.735707 0.0200624 
-0.0526208 0.617357 -0.149592 
0.357865 0.0629442 -0.124388 
-0.639805 0.123187 0.342635 
0.183608 0.184746 -0.106662 
-0.357293 0.0661293 0.167241 
-0.665824 0.0981005 0.338019 
0.176716 0.692639 -0.334935 
0.246158 -0.115598 -0.0585759 
0.039761 0.860605 -0.359917 
0.703291 -0.242096 -0.0765806 
-0.157834 1.02472 -0.323341 
-0.0429956 0.0764925 0.00701156 
-0.586092 -0.263752 0.263587 
0.337062 0.246369 -0.180213 
-0.238805 0.316139 0.0627921 
0.394123 -0.818367 0.0210209 
0.387863 0.0961744 -0.141132 
0.328952 0.291267 -0.195792 
0.273438 0.040324 -0.0972419 
0.473862 -0.158175 -0.0891875 
-0.444377 -0.185455 0.200499 
0.549815 0.232004 -0.229363 
-0.0404428 -0.105914 0.0274358 
-0.476343 0.561243 0.0846829 
0.0619862 0.425504 -0.13632 
-0.487453 0.629388 0.0686309 
-0.128143 0.315182 0.00391082 
0.62863 -0.768313 0.0208192 
0.0171973 0.933579 -0.393651 
0.182749 0.133547 -0.0921896 
0.50942 -0.655716 0.00414046 
-0.524064 0.766679 0.0306369 
-0.119311 -0.0761239 0.0532022 
-0.514696 -0.074947 0.250741 
0.67042 -0.239592 -0.07721 
-0.380128 -0.122271 0.173766 
-0.455954 0.912004 -0.0872712 
0.448586 -0.878737 0.0243181 
-0.128726 1.02646 -0.348402 
-0.324779 0.727848 -0.0854813 
-0.475022 0.942282 -0.0881215 
0.163348 0.674473 -0.31811 
-0.252254 0.283827 0.0808214 
0.250169 0.0737885 -0.0987775 
0.821375 -0.765365 0.0318377 
-0.46612 -0.191369 0.209351 
0.908497 0.0895508 -0.203609 
0.305364 -0.148511 -0.0647342 
0.122245 0.82987 -0.391793 
0.450485 0.341578 -0.258 
1.00558 0.0513108 -0.195498 
-0.497336 -0.389006 0.19814 
-0.0695081 0.0828334 0.0180347 
0.55209 0.0685606 -0.161438 
-0.449594 -0.140993 0.202984 
-0.155837 0.941279 -0.277452 
0.350954 0.0524131 -0.119851 
-0.32578 0.607682 -0.032277 
-0.379661 -0.18338 0.168905 
-0.548711 0.932425 -0.0320504 
-0.577873 0.0966475 0.302997 
0.633023 -1.20022 0.0387198 
0.744913 -0.24471 -0.0756553 
0.633078 -0.229592 -0.0830916 
0.00977807 0.848276 -0.329402 
1.0224 -1.05883 0.0959252 
0.598406 -0.0499951 -0.128403 
0.164119 0.588724 -0.26789 
-0.649196 0.1881 0.341264 
0.394625 0.269983 -0.207645 
0.00329231 0.74968 -0.261284 
-0.0381689 -0.508992 0.0739808 
0.381678 0.242498 -0.192265 
0.338116 0.183925 -0.157288 
-0.308485 0.324445 0.0802599 
-0.33806 0.258528 0.107438 
1.01391 -0.200276 -0.0890107 
-0.262703 0.793946 -0.154867 
-0.551952 -0.397684 0.226759 
0.440265 -0.893844 0.0231787 
-0.0484558 0.504387 -0.105711 
-0.0501236 0.539026 -0.119444 
0.607926 -0.75346 0.0187228 
-0.126047 -0.30109 0.0968518 
-0.386674 0.0372418 0.163113 
-0.121599 0.546251 -0.0777247 
-0.0223352 0.528002 -0.130896 
-0.116801 0.31854 -0.00190648 
-0.427917 0.000605059 0.190383 
0.405417 0.161217 -0.167373 
0.130679 0.601891 -0.256885 
-0.175505 0.308529 0.0355184 
0.441918 -0.936955 0.0206799 
0.0793792 0.68334 -0.272784 
0.385669 -0.110069 -0.0871864 
-0.10262 -0.193358 0.0570434 
-0.108811 0.822743 -0.252022 
0.285272 0.222908 -0.154446 
0.5753 -0.857977 0.0262695 
0.815584 -1.00103 0.054883 
-0.110435 -0.451695 0.0870426 
-0.438592 0.271132 0.186295 
0.43284 -0.079033 -0.101301 
0.000822229 0.514834 -0.139115 
0.598218 -0.865653 0.0274901 
-0.231276 0.322115 0.0504965 
-0.617984 0.00258117 0.320687 
0.990903 -0.0296219 -0.152928 
-0.0342705 0.16916 -0.0113975 
-0.392378 0.10117 0.156794 
0.0816248 0.550659 -0.202409 
0.461434 -0.14453 -0.0906606 
0.193683 0.199482 -0.114842 
-0.368664 0.623507 -0.0137188 
0.294557 -0.107558 -0.0708476 
-0.0133139 0.749718 -0.271091 
0.824649 -1.17126 0.0677296 
0.459238 -0.829857 0.0280043 
0.974341 -0.306144 -0.0553254 
-0.0589669 -0.11628 0.0473746 
0.980942 0.0443715 -0.186749 
-0.719255 0.0947597 0.378132 
-0.19087 0.133914 0.0704555 
0.452176 -0.922459 0.023501 
-0.377645 0.13358 0.128449 
0.253261 0.255903 -0.155427 
0.176505 0.703555 -0.339756 
0.493699 -0.796612 0.0220372 
-0.379053 0.243282 0.110833 
-0.587767 0.844172 0.0393607 
-0.276232 0.331501 0.0657392 
0.705287 -0.564674 -0.00805155 
-0.381726 0.506997 0.0540091 
-0.195296 0.243552 0.0571177 
0.83247 0.18455 -0.245012 
0.574866 -1.07248 0.0356535 
0.18093 0.0199287 -0.0652592 
0.414048 -0.845095 0.0245246 
0.719871 -0.943363 0.0402802 
-0.408815 0.43998 0.0737738 
-0.315781 0.251925 0.103448 
0.221073 0.14672 -0.108763 
-0.154868 0.674193 -0.111796 
0.289983 0.70455 -0.405274 
0.705137 -0.702952 0.0195113 
0.0244324 0.122394 -0.0290983 
-0.113987 0.861459 -0.247417 
-0.15854 0.323796 0.022448 
0.441894 -0.0347128 -0.113655 
-0.0160665 0.461483 -0.110735 
-0.301322 -0.343354 0.117636 
0.206175 0.240749 -0.13265 
0.256334 0.736831 -0.407316 
-0.163512 0.715899 -0.12688 
0.775973 -0.172081 -0.102563 
-0.375352 0.973204 -0.17368 
0.510612 -0.732764 0.0169725 
0.502965 0.282906 -0.242201 
0.194876 -0.0463409 -0.0571929 
1.01092 -0.999896 0.085086 
-0.187602 0.901049 -0.256435 
-0.342412 0.205665 0.124199 
0.0660075 0.706176 -0.27838 
0.502259 0.560133 -0.382269 
-0.0462803 0.0858236 0.00715714 
0.0762393 -0.170412 0.0199478 
-0.18199 0.258719 0.0483717 
0.598 -0.28923 -0.0703907 
0.863324 -0.480006 -0.0125727 
-0.673512 -0.0393271 0.346463 
-0.422965 0.451153 0.0815953 
-0.0820046 0.0811157 0.0238719 
0.43842 0.135095 -0.165428 
-0.353204 0.196126 0.132195 
-0.198362 0.897053 -0.205413 
0.235608 0.0430687 -0.0870033 
0.794266 -1.10932 0.0554408 
0.112119 0.336256 -0.126879 
-0.115472 0.770947 -0.188652 
0.169394 0.6188 -0.288031 
0.198954 0.170244 -0.107942 
-0.186908 -0.421781 0.119862 
-0.139011 0.890102 -0.279826 
-0.629 -0.114835 0.31134 
-0.0779024 -0.161334 0.0448773 
0.345403 0.1031 -0.133032 
-0.22955 -0.227506 0.107227 
0.20347 0.380684 -0.184885 
0.14993 0.0951643 -0.0714662 
0.747657 -0.162227 -0.0992736 
0.449392 -0.0542391 -0.109406 
0.679386 -0.72752 0.0166975 
-0.184324 0.746752 -0.131109 
-0.0577887 0.786596 -0.239698 
0.0633205 0.638944 -0.237769 
0.0158795 0.883852 -0.359027 
0.142679 0.370698 -0.153691 
0.387532 0.253829 -0.198669 
-0.234029 0.746212 -0.093116 
-0.37481 0.588833 0.0169281 
-0.0528336 0.624698 -0.152708 
-0.433784 -0.0380802 0.208387 
-0.0475294 0.534435 -0.118058 
0.75595 -0.456764 -0.0261008 
0.439178 0.338141 -0.250404 
-0.199195 0.686915 -0.137931 
0.432967 -0.838925 0.0243282 
0.178413 0.134789 -0.0910023 
0.421505 -0.0624264 -0.103305 
-0.168112 0.556049 -0.0576583 
-0.172597 -0.24734 0.0829395 
-0.165869 0.222909 0.0463166 
-0.107063 0.575812 -0.0984639 
-0.521268 -0.0786758 0.25559 
-0.379003 0.286972 0.145 
0.692226 -1.12171 0.0432713 
0.0633437 0.273733 -0.0839782 
0.714081 -0.679245 0.0116482 
0.0484692 0.747985 -0.291711 
0.565937 -0.143418 -0.101105 
0.127257 -0.591603 0.0457534 
-0.408881 0.209556 0.190178 
0.545617 -0.805098 0.022719 
0.499002 0.244659 -0.222411 
0.254802 0.196292 -0.13506 
-0.312588 0.668754 -0.0535383 
-0.0586643 0.00496214 0.0222344 
0.429649 -0.901753 0.0199999 
-0.288898 0.878982 -0.131434 
0.00609333 0.653697 -0.20699 
0.895481 0.0403014 -0.194301 
0.0804196 0.526973 -0.190292 
0.278008 0.691182 -0.392182 
-0.411016 -0.178864 0.184362 
0.573261 -0.79398 0.0221794 
0.712971 0.0158976 -0.159271 
-0.452511 0.828493 -0.0512531 
0.63147 0.080568 -0.176453 
-0.287665 0.595537 -0.0501697 
-0.0524135 0.674856 -0.177929 
-0.0928668 0.76464 -0.236121 
-0.518481 0.152478 0.265165 
0.655342 -0.737269 0.017303 
0.360335 0.719354 -0.426523 
-0.441596 -0.0137973 0.21426 
-0.335313 0.629937 -0.037046 
-0.190555 -0.298732 0.086058 
0.0140277 0.645711 -0.208124 
0.50539 -0.920635 0.026648 
0.500011 -0.106309 -0.103786 
-0.2584 0.656444 -0.0931833 
0.148212 0.669583 -0.306208 
-0.39859 0.575153 0.0284943 
-0.0341124 0.825975 -0.303244 
0.0439137 0.465542 -0.145254 
0.365467 -0.106544 -0.0845261 
0.131783 0.551773 -0.23058 
-0.491616 0.130634 0.248566 
-0.512267 -0.069088 0.249028 
-0.0520645 0.193249 -0.00719493 
0.693728 -1.12336 0.0452437 
0.29979 0.273163 -0.178409 
0.151445 0.522928 -0.228441 
-0.0981264 0.939769 -0.309954 
0.835172 -0.254796 -0.0709278 
-0.134516 0.128005 0.0431126 
-0.0116259 0.533197 -0.140193 
0.368811 -0.12312 -0.0819517 
0.790525 -0.99454 0.0510622 
-0.651998 -0.133704 0.32055 
0.890508 -0.974044 0.0646331 
-0.43497 0.628561 0.0266118 
-0.116738 0.483595 -0.0557379 
-0.141408 0.320334 0.0104207 
-0.210792 0.840211 -0.21008 
-0.403774 -0.178477 0.180816 
-0.435365 -0.186982 0.19573 
0.278672 0.062593 -0.104135 
-0.0424385 0.806083 -0.286926 
-0.113908 0.279674 0.00741585 
0.777109 -1.20908 0.0552963 
0.413358 0.107868 -0.150681 
-0.345876 0.93891 -0.176655 
0.079851 0.517899 -0.187302 
-0.564565 0.113211 0.29498 
-0.147509 0.792601 -0.220553 
0.570945 -0.32375 -0.0633984 
-0.546366 -0.279087 0.240954 
-0.253982 0.019186 0.111858 
0.0295226 0.699782 -0.249404 
-0.0907415 0.587635 -0.113814 
-0.204464 0.285312 0.0535233 
0.759517 -1.01799 0.0489892 
0.0568535 0.908059 -0.404148 
-0.0101981 0.514659 -0.132519 
0.222282 0.710103 -0.37574 
-0.0964971 0.0827901 0.0302576 
0.89411 -0.91716 0.0600081 
0.408786 -0.831607 0.0239763 
-0.056612 0.14487 0.00405208 
-0.138273 0.193323 0.0367758 
-0.179184 0.280279 0.0432361 
-0.497726 -0.456947 0.19387 
0.982803 -0.783529 0.0559879 
0.450099 -0.633253 -0.00171747 
-0.37138 0.615311 -0.00725676 
-0.0123276 0.112809 -0.0117949 
0.85354 -0.670702 0.0220894 
-0.487924 -0.149975 0.228303 
-0.475674 0.688307 0.030825 
-0.403599 -0.0265634 0.178239 
-0.28028 0.31073 0.0867623 
-0.318828 -0.187959 0.143627 
-0.38121 0.93388 -0.150216 
-0.196276 0.281118 0.0501409 
-0.475752 0.204624 0.211033 
0.7539 0.356095 -0.327748 
0.361191 -0.833596 0.0172317 
-0.337532 0.893952 -0.158781 
0.739106 -1.09103 0.0509099 
-0.403704 -0.0793717 0.189415 
-0.175719 0.309619 0.0334377 
0.585741 -0.18596 -0.0921292 
0.0411212 -0.179983 0.00912033 
-0.116176 0.315836 -0.00210874 
-0.234435 0.782049 -0.111531 
-0.193624 0.871197 -0.236962 
-0.236439 0.95083 -0.212837 
-0.0965844 0.271909 -0.00133819 
-0.431716 0.00310667 0.210003 
-0.103993 0.662782 -0.136663 
-0.247353 0.841857 -0.1595 
-0.442947 0.646387 0.0251731 
-0.643406 -0.186643 0.307222 
0.366565 0.0533805 -0.123688 
-0.0320705 0.167 -0.0122216 
-0.119585 0.944976 -0.321491 
-0.0874549 0.223811 0.00264057 
-0.431695 0.128439 0.21067 
0.322329 -0.785817 0.0181664 
-0.0437502 0.194054 -0.0120684 
0.154568 -0.0185229 -0.0492019 
-0.431182 -0.129867 0.198998 
-0.222307 0.632114 -0.0483312 
-0.181351 -0.0628183 0.0791091 
-0.202418 1.02097 -0.314553 
-0.458618 -0.178962 0.209227 
0.0022315 0.211237 -0.0385736 
0.0105424 0.797421 -0.298623 
-0.480411 -0.518409 0.174281 
-0.0723242 0.208886 3.45373e-05 
-0.036955 0.788111 -0.257234 
0.508727 -0.954832 0.0280874 
0.485723 -0.925089 0.0260539 
-0.166021 0.317058 0.025922 
0.708078 -0.82534 0.0302334 
-0.344004 0.871021 -0.142649 
0.463548 -0.0728678 -0.106446 
0.957456 -0.751488 0.0475955 
0.719601 -0.513483 -0.017151 
-0.42053 -0.123032 0.194113 
0.170126 0.142882 -0.0903047 
-0.349431 -0.158481 0.155392 
0.168098 0.0605848 -0.0697741 
-0.0187607 0.677341 -0.20272 
0.763051 0.422868 -0.367929 
-0.218146 0.94454 -0.261336 
0.425397 -0.853479 0.0246874 
0.582146 -0.761936 0.0195344 
0.420634 0.0772291 -0.142254 
0.535171 -0.879762 0.026248 
-0.491905 0.966495 -0.0914659 
0.776384 -0.967284 0.0474338 
-0.411521 0.0597311 0.164551 
0.483279 -0.986205 0.02439 
0.746286 0.102249 -0.19783 
-0.367571 0.319542 0.0995431 
0.407097 -0.171229 -0.07672 
0.849206 -0.160282 -0.100288 
-0.440087 -0.186496 0.19838 
-0.390317 0.0185208 0.152393 
-0.429475 0.632963 0.020922 
-0.096985 -0.0397783 0.0438846 
0.375731 0.106147 -0.141492 
0.591901 -0.700051 0.0191302 
-0.718867 0.0451788 0.374077 
-0.361118 0.569439 0.00794571 
-0.310987 0.698735 -0.0343376 
0.030826 0.574608 -0.209015 
0.356685 -0.0262771 -0.100778 
-0.673126 0.0214841 0.339407 
0.622551 -0.149587 -0.101962 
-0.517746 -0.00333676 0.26073 
-0.0251757 0.774589 -0.256397 
0.220849 -0.283161 -0.0291716 
-0.131714 0.760935 -0.171735 
0.275396 0.548742 -0.299988 
0.854497 -0.913613 0.0539943 
-0.116667 -0.290666 0.0710839 
0.076975 0.876746 -0.39494 
-0.269716 0.471763 0.0285585 
-0.0260561 0.146001 -0.0117343 
0.31129 -0.751446 0.0185875 
0.320294 -0.111631 -0.0753735 
-0.174697 0.789689 -0.204711 
0.436122 -0.746417 0.0168731 
0.674507 -1.04176 0.0422593 
0.239808 0.285398 -0.161365 
0.433298 0.287999 -0.226078 
0.466187 -0.808359 0.021878 
0.172502 0.241824 -0.121006 
0.275391 -0.803904 0.0299053 
-0.134305 0.613878 -0.097739 
0.192452 0.413538 -0.194225 
0.522816 -1.07717 0.0261925 
-0.562888 0.014933 0.268402 
-0.437124 0.616059 0.0379621 
0.10994 0.425261 -0.160251 
0.178352 0.760284 -0.372569 
0.498114 -1.02442 0.0247013 
-0.362642 0.486344 0.0545633 
0.245512 0.238543 -0.146375 
0.0868505 0.669925 -0.269561 
-0.310087 0.600049 -0.0389176 
0.286449 0.282293 -0.177602 
0.227552 0.637723 -0.331586 
-0.254208 0.952148 -0.242788 
0.21575 0.187773 -0.119027 
0.636934 -0.200483 -0.0895164 
-0.278676 -0.217756 0.125392 
0.160479 0.811589 -0.402988 
-0.555872 -0.0258554 0.263479 
0.303621 -0.35891 -0.03347 
-0.0293456 0.720619 -0.219596 
0.160268 0.730693 -0.348548 
-0.594306 -0.203506 0.278678 
0.783734 -0.802529 0.0338447 
0.0121183 -0.526954 0.0625107 
0.599544 -0.0936229 -0.115935 
0.295329 -0.770544 0.0317615 
-0.339833 0.966312 -0.196216 
0.701646 -1.19651 0.044353 
-0.0579963 -0.111624 0.0333619 
-0.0896304 -0.17792 0.0498356 
-0.573131 0.885306 0.00659879 
-0.122443 0.210116 0.0259757 
0.263933 0.156862 -0.125724 
0.232439 0.59423 -0.307653 
0.837371 -0.357778 -0.0432795 
-0.135445 0.836277 -0.25125 
0.26353 -0.737712 0.0231401 
-0.450031 -0.182261 0.204128 
0.292731 0.33499 -0.201526 
-0.308477 0.789946 -0.12478 
-0.483687 -0.188313 0.221424 
0.685634 0.0922727 -0.187483 
0.112045 0.543054 -0.21553 
-0.178374 0.720552 -0.119833 
-0.217068 0.402534 0.0236762 
-0.320007 -0.218351 0.145818 
-0.345225 0.627983 -0.0169511 
-0.419555 -0.181172 0.188279 
0.548456 0.289885 -0.256862 
0.0710271 0.776874 -0.325999 
-0.0745561 -0.051935 0.0339528 
0.704778 0.426163 -0.359733 
0.296684 0.163828 -0.13814 
-0.408544 0.753546 -0.0447564 
-0.0733417 0.882258 -0.312208 
0.661365 -0.692786 0.0113969 
0.647148 -0.20268 -0.0862583 
-0.0350762 0.752743 -0.23468 
0.326182 0.228154 -0.169759 
-0.219144 0.80142 -0.133191 
-0.224995 0.692175 -0.127619 
-0.0844195 0.770629 -0.241947 
0.37901 0.103433 -0.141404 
0.0017951 0.925917 -0.377294 
-0.103238 0.92286 -0.318356 
-0.325466 1.03074 -0.239343 
-0.138157 0.753996 -0.202488 
-0.155869 1.00214 -0.307713 
-0.0997695 0.960778 -0.322715 
-0.0413525 0.535175 -0.158163 
-0.175451 0.796388 -0.170644 
-0.512436 -0.0834476 0.249752 
0.573937 0.452268 -0.346105 
0.066531 0.491773 -0.16651 
-0.523408 -0.372871 0.213876 
0.0754209 0.757516 -0.31558 
0.370091 0.223632 -0.181342 
0.436191 0.102938 -0.153781 
-0.135356 0.682632 -0.127254 
-0.293812 0.727413 -0.0866197 
-0.296269 0.737651 -0.107409 
0.392751 0.395077 -0.266726 
-0.524048 -0.0409952 0.26114 
0.516748 0.1898 -0.203243 
-0.341321 0.943405 -0.181751 
-0.162984 -0.276168 0.0753986 
0.250186 0.699373 -0.379124 
0.317615 0.00218264 -0.0992615 
-0.199761 0.7811 -0.135747 
0.223431 0.184106 -0.120548 
0.12938 0.253026 -0.106337 
0.0230757 0.0933017 -0.0295711 
0.268545 0.64618 -0.355421 
-0.0473213 0.517837 -0.111675 
-0.372941 0.269331 0.14091 
0.48012 -0.650271 0.0217212 
-0.350581 -0.435328 0.136562 
-0.266701 0.188643 0.105986 
0.224654 0.127948 -0.104786 
0.215564 0.76455 -0.409241 
0.628236 -0.159778 -0.0971091 
0.142982 0.221899 -0.102251 
0.139887 0.51868 -0.218013 
0.355074 -0.971327 0.0280604 
0.00236247 0.794305 -0.290559 
0.594609 -0.458533 -0.033548 
0.546172 -0.158434 -0.0960701 
-0.170164 0.61751 -0.0782629 
-0.254887 -0.315819 0.111549 
0.401677 0.159086 -0.165668 
0.2236 0.801597 -0.434774 
0.405812 -0.165903 -0.0793251 
-0.204754 0.588478 -0.0416611 
-0.544704 -0.0702795 0.269947 
-0.0893472 0.259069 -0.00411487 
0.285889 0.225929 -0.15579 
0.56751 -0.875191 0.0269421 
-0.341101 0.110102 0.156359 
0.57095 0.16773 -0.205016 
-0.21984 0.665592 -0.0719259 
0.806728 -0.908529 0.050879 
0.233236 0.183328 -0.123593 
0.690713 -0.797945 0.0264216 
-0.411889 -0.491499 0.152456 
-0.265338 0.620322 -0.0730071 
0.373815 -0.579008 0.0264867 
0.313116 0.269166 -0.181379 
-0.678391 -0.106038 0.337094 
-0.613034 0.204771 0.319765 
0.439865 -0.0513534 -0.109035 
-0.579935 -0.0611702 0.291166 
-0.0153867 0.368459 -0.0747545 
0.161451 0.599192 -0.273601 
0.504539 -0.720327 0.0228639 
0.826451 -0.499345 -0.00875163 
0.223915 0.0678379 -0.0892878 
0.234313 0.19835 -0.128752 
-0.311573 0.937773 -0.198722 
-0.277153 0.81281 -0.155339 
0.507656 -0.681555 0.0089247 
0.5264 -0.0157673 -0.131655 
-0.235221 0.721849 -0.136174 
-0.222898 0.255717 0.0699073 
0.0232325 0.780566 -0.294823 
0.224418 0.167524 -0.11585 
0.48694 -0.675527 0.0224152 
0.352004 0.252817 -0.187471 
-0.415565 -0.181648 0.186325 
0.158473 0.140654 -0.0856424 
0.377315 0.085005 -0.135339 
0.186685 -0.602329 0.0461409 
-0.0904357 0.0967468 0.0260616 
-0.131722 0.751099 -0.207316 
0.534788 0.243048 -0.231427 
-0.356027 0.202632 0.157915 
-0.165763 0.782812 -0.205634 
0.283457 -0.191745 -0.0547342 
-0.401229 -0.218928 0.175122 
0.277373 0.259762 -0.165442 
-0.100882 0.285353 -0.00450163 
-0.501695 -0.0136419 0.247318 
0.312859 0.277944 -0.184813 
0.554025 0.360104 -0.291067 
0.0443129 0.501121 -0.158332 
-0.478412 0.0207723 0.237911 
0.962649 -0.762029 0.0503909 
-0.149676 0.653874 -0.105198 
0.901666 -0.476367 -0.0105524 
-0.0740486 -0.281314 0.0562071 
0.284487 0.284104 -0.17735 
0.388182 0.0505214 -0.127465 
-0.509868 0.760871 0.0204586 
-0.651262 0.0596448 0.346055 
-0.414676 0.229664 0.169686 
0.479596 -0.308996 -0.0620554 
-0.485231 0.0412219 0.243713 
-0.407444 0.439943 0.0787171 
-0.114124 -0.489538 0.0978271 
-0.350028 -0.117391 0.158634 
-0.0578529 0.885424 -0.322903 
-0.114884 0.158374 0.0300998 
0.506618 -0.725207 0.0158622 
0.498048 0.329879 -0.265402 
-0.283019 0.921907 -0.208784 
0.918186 -0.871517 0.0573148 
0.0546673 0.53939 -0.181515 
-0.0788529 -0.170118 0.0465549 
0.275899 0.051475 -0.100615 
-0.137213 0.82089 -0.241779 
0.692814 -1.12095 0.0442034 
0.698492 -0.753946 0.0214035 
0.611485 -1.0121 0.036258 
-0.0892565 0.226026 0.0031726 
0.210441 0.280085 -0.148083 
-0.0875305 -0.172719 0.0480185 
0.913365 -1.02859 0.071608 
-0.0565628 0.116295 0.008297 
-0.421421 0.819575 -0.0674027 
-0.169018 -0.259197 0.0752617 
-0.0957696 0.281811 -0.00462812 
0.583999 -0.46979 -0.00747099 
-0.50989 -0.0833132 0.246379 
0.265084 -0.0347611 -0.0778403 
0.186571 0.167524 -0.102797 
0.284496 0.667492 -0.37737 
0.585739 0.00751037 -0.145546 
-0.235087 0.125083 0.0951489 
0.956568 -0.358915 -0.0395222 
-0.0328708 0.829329 -0.286394 
-0.134609 0.84373 -0.220905 
-0.215073 0.0861184 0.0879217 
-0.0656908 0.0473157 0.0205296 
-0.711705 0.134579 0.380518 
0.521376 -0.923775 0.0330779 
0.175022 0.100811 -0.0813839 
-0.180523 0.303185 0.0383804 
0.0306414 0.752531 -0.282741 
-0.111414 0.748573 -0.22083 
0.840797 -0.459384 -0.0176755 
-0.439323 0.851682 -0.0710765 
0.00294341 0.176101 -0.0307382 
0.445056 0.0403247 -0.135702 
-0.284203 -0.207641 0.129495 
-0.348858 0.305019 0.128844 
0.638446 -0.215338 -0.0851509 
-0.108174 0.818371 -0.227816 
-0.444814 -0.136841 0.205499 
-0.280073 0.148977 0.118137 
-0.121684 0.694828 -0.140898 
-0.549993 0.128016 0.285824 
0.425606 0.139752 -0.164469 
0.0974941 0.849988 -0.392281 
-0.514589 -0.0590052 0.252188 
0.302565 0.00672548 -0.0967436 
0.433793 0.0760805 -0.144702 
-0.0440594 0.15759 -0.00423118 
0.38175 -0.972212 0.0305401 
-0.466801 0.00699646 0.228979 
-0.223764 0.986562 -0.281076 
0.385953 -0.791467 0.020194 
-0.364196 0.735158 -0.0643128 
0.744436 -0.755527 0.024185 
-0.159022 0.201131 0.0461339 
-0.0501284 -0.110039 0.0308727 
0.0827615 0.572848 -0.214151 
-0.171099 0.186324 0.0538995 
0.260878 0.256069 -0.158273 
0.243356 0.00393537 -0.0804724 
0.248055 -0.748723 0.0291614 
-0.667202 0.132259 0.359564 
-0.19261 0.0455072 0.0795539 
-0.089914 0.876611 -0.2995 
-0.568927 0.0463398 0.295092 
0.469372 -0.926788 0.0253486 
-0.70461 0.0488491 0.36312 
-0.710042 0.0680776 0.379814 
0.390067 -0.246413 -0.0634785 
-0.164213 0.8089 -0.177629 
0.913695 -0.716808 0.0358756 
-0.138713 0.122557 0.0456448 
0.696113 -1.13216 0.0471834 
-0.497656 0.846101 -0.0280774 
0.541031 -1.0631 0.027994 
-0.0475579 0.83691 -0.30105 
-0.315485 0.572456 0.0116816 
-0.127829 -0.043869 0.0550445 
0.297201 0.186466 -0.145706 
-0.069813 -0.390342 0.0660816 
-0.0418385 0.182733 -0.0102596 
0.363288 0.148703 -0.152211 
-0.519308 -0.115757 0.25015 
0.680005 -0.690334 0.0174746 
-0.366786 0.6216 -0.0136744 
0.441018 -0.224289 -0.0730309 
0.341127 -0.18161 -0.0650163 
-0.0963481 0.993341 -0.348454 
-0.377784 -0.447045 0.136132 
0.207309 0.751895 -0.384324 
0.287738 -0.734797 0.0327513 
0.696939 -0.869584 0.0332543 
0.028078 0.731743 -0.268131 
0.661466 0.534519 -0.412029 
0.396828 -0.836981 0.0187753 
0.383442 -0.879278 0.0178526 
-0.693245 -0.0633023 0.35083 
-0.057274 0.786816 -0.240604 
-0.0767016 -0.154144 0.0433216 
-0.153041 0.797177 -0.179898 
0.371717 -0.780755 0.0185891 
-0.352773 0.401202 0.0504661 
-0.469692 0.0476815 0.234476 
0.880443 -0.691474 0.0278724 
-0.242787 0.371373 0.0397243 
-0.155356 0.317765 0.0188132 
0.0644686 0.462212 -0.152614 
-0.248506 0.0861857 0.105624 
-0.178471 0.295797 0.0398419 
0.192416 0.176997 -0.107652 
0.394843 -0.929594 0.0190579 
0.736963 -0.719429 0.0229583 
0.0123579 0.360728 -0.0870279 
-0.103909 0.42472 -0.0421523 
0.0529479 0.328603 -0.0965934 
0.755972 -0.984136 0.046348 
-0.415574 0.601568 0.0249335 
0.187767 0.518056 -0.242446 
0.446469 0.0302569 -0.132571 
0.489339 0.375075 -0.285949 
0.463724 -0.743924 0.0170011 
-0.535649 -0.0342706 0.268599 
-0.413596 0.0423286 0.164756 
0.779642 -0.659367 0.0156059 
0.274957 -0.107597 -0.0659664 
0.290055 0.434104 -0.246966 
0.0128156 0.624386 -0.196594 
0.0748734 0.614467 -0.231583 
0.366959 -0.114153 -0.0833503 
0.19557 0.265209 -0.137879 
0.439833 -0.910111 0.0211976 
0.396796 0.154385 -0.162744 
0.223313 0.236769 -0.137766 
0.490233 -0.759916 0.0197142 
0.451573 -0.131486 -0.0922734 
-0.453678 0.893401 -0.081512 
-0.427379 -0.175379 0.192792 
0.318976 0.213514 -0.162051 
-0.210614 0.764459 -0.1712 
-0.592307 0.782775 0.0659586 
-0.277983 -0.24015 0.124475 
-0.00732768 -0.537149 0.0721789 
0.698263 -0.441167 -0.0325504 
-0.337344 -0.106368 0.152837 
0.160649 0.560234 -0.250389 
0.478183 0.684669 -0.448995 
0.155406 0.809157 -0.390415 
-0.526017 0.87095 -0.0166635 
0.407935 -0.0404578 -0.106633 
-0.540472 -0.33352 0.229025 
0.357798 0.260807 -0.192383 
0.331357 0.321544 -0.209661 
0.207614 0.220164 -0.126466 
-0.403139 0.77242 -0.0569773 
-0.524538 0.149294 0.243782 
0.2424 0.250957 -0.149702 
0.399116 -0.150974 -0.0812505 
-0.375063 0.96072 -0.167446 
0.0194407 0.732411 -0.262304 
-0.384552 0.929842 -0.146229 
0.696235 -1.16194 0.0423572 
-0.0719557 0.735398 -0.232902 
-0.0680754 0.90271 -0.316525 
-0.304304 0.316897 0.0475142 
0.382136 -0.098581 -0.0887124 
0.450608 0.531832 -0.356021 
-0.489984 -0.15191 0.228742 
0.157706 0.756824 -0.362356 
0.807564 -1.05706 0.0620146 
-0.0115766 -0.0692578 0.0131966 
-0.406736 0.280816 0.163952 
0.525981 -0.324469 -0.061969 
-0.279728 0.9296 -0.214957 
0.0619182 0.80814 -0.339189 
-0.223638 0.846794 -0.155856 
-0.376928 -0.321701 0.151358 
0.079471 0.626513 -0.241189 
-0.476922 -0.110862 0.225152 
-0.445023 -0.219748 0.197781 
-0.152091 0.32816 0.0162046 
-0.32546 0.808468 -0.126286 
-0.615635 -0.106688 0.305206 
-0.445908 -0.184254 0.201921 
-0.56617 0.843887 0.025501 
0.373697 0.202035 -0.174067 
-0.118458 0.0727664 0.0414285 
0.594645 -0.00426255 -0.141192 
0.348217 0.240446 -0.181366 
0.364224 -0.0998422 -0.0855577 
-0.225347 -0.343697 0.0945788 
-0.140796 0.322796 0.00884082 
0.610943 -0.139545 -0.10427 
-0.137802 0.161588 0.0409155 
0.70293 -1.08795 0.0469602 
0.224977 0.788807 -0.431602 
0.43504 -0.9584 0.032231 
0.366762 0.0276662 -0.116652 
0.560306 -0.418469 -0.0421893 
0.262752 0.699575 -0.390478 
0.694877 -0.506522 -0.0201061 
0.596088 -1.04099 0.0364909 
-0.0383683 0.182079 -0.0120015 
0.196696 0.252232 -0.132901 
-0.082991 0.224289 0.00128581 
-0.599425 0.0184129 0.311353 
-0.313022 0.254538 0.123616 
-0.148502 0.640557 -0.100218 
0.00298539 0.505961 -0.138013 
0.894928 -0.109513 -0.118223 
0.451615 -0.724412 0.015226 
0.694394 -0.779387 0.0245891 
0.25553 0.619303 -0.332555 
0.0886698 0.607453 -0.235708 
0.994874 -0.820611 0.0644887 
-0.0223791 0.855831 -0.311495 
0.0167341 0.773338 -0.2868 
0.436383 0.0145674 -0.126319 
-0.468801 0.666665 0.0387113 
0.0930908 0.669113 -0.272918 
-0.278752 1.02279 -0.266583 
-0.274205 -0.224397 0.134075 
-0.509616 0.117942 0.234655 
0.0383097 0.712079 -0.263188 
0.5019 -0.154867 -0.0928486 
-0.0709737 0.5845 -0.164814 
-0.0635032 0.982976 -0.367436 
-0.0965024 0.906041 -0.299651 
0.471663 -0.45967 -0.0328945 
0.173574 0.175833 -0.100598 
-0.0673849 0.962868 -0.362839 
0.26484 0.305141 -0.178561 
0.543952 -0.90332 0.0273809 
0.696783 -0.765389 0.0229422 
-0.171313 0.732842 -0.176151 
0.18397 -0.606336 0.0273275 
-0.326148 0.360415 0.0472699 
-0.308905 0.817199 -0.0873438 
-0.251179 0.36801 0.0443251 
0.358804 -0.741997 0.0175237 
0.512407 0.307202 -0.256533 
0.922831 -0.973753 0.0694722 
-0.430819 -0.337252 0.173964 
0.129133 0.621438 -0.268129 
-0.106148 0.976844 -0.334666 
0.600348 -0.0669069 -0.119089 
0.0371482 0.800464 -0.319269 
0.346791 0.294293 -0.203061 
-0.163091 0.675285 -0.105908 
-0.427877 0.00959981 0.208052 
-0.479859 0.52762 0.0940472 
0.512157 -0.773939 0.0208239 
0.572955 -1.18176 0.036171 
-0.484265 0.689612 0.0391106 
0.0818227 0.670015 -0.266546 
-0.330965 0.268774 0.0748987 
-0.218694 0.754332 -0.150676 
0.253328 0.57077 -0.30375 
-0.386156 -0.0673561 0.180719 
0.628523 -0.917822 0.0320919 
-0.645145 -0.02736 0.332661 
-0.0478355 0.47052 -0.0962129 
0.660287 -0.639378 0.00353335 
-0.105752 0.297782 -0.0022034 
0.100632 0.554166 -0.214857 
-0.39774 0.138013 0.150485 
0.837286 -0.965172 0.0554696 
0.627262 -0.980244 0.0356483 
-0.440308 0.0368911 0.216349 
-0.429496 -0.068292 0.203647 
-0.460317 -0.214028 0.205733 
-0.585597 -0.141087 0.28355 
0.0386773 0.658642 -0.232314 
0.14525 0.610354 -0.271018 
0.392058 0.116802 -0.148713 
-0.420332 0.94343 -0.127453 
-0.103223 0.870304 -0.261228 
-0.483693 -0.160299 0.21947 
0.52499 -0.206032 -0.0635904 
-0.0194626 0.484158 -0.116864 
-0.362916 -0.100251 0.160594 
0.39208 -0.755127 0.0181673 
0.733249 -0.702473 0.0158878 
-0.341905 -0.296487 0.138813 
-0.518848 -0.180287 0.236378 
0.63136 -0.167906 -0.0969857 
0.298002 0.0854525 -0.115422 
-0.356205 0.569916 0.00590137 
1.01995 -0.160169 -0.102041 
0.332154 0.178153 -0.153536 
0.40253 -0.411481 -0.0374052 
0.00442195 0.720795 -0.24374 
0.136318 0.489247 -0.204554 
-0.331249 -0.231738 0.146513 
0.26405 0.181146 -0.133285 
0.0190691 0.799187 -0.30593 
-0.0266099 0.170249 -0.016261 
0.597784 -0.0399333 -0.130605 
0.523056 0.533369 -0.379135 
0.882607 -1.06471 0.066759 
0.0618843 0.754538 -0.30577 
0.116164 0.790573 -0.363826 
0.139827 0.746337 -0.347292 
-0.489106 0.0111319 0.243807 
0.227314 0.103588 -0.0992304 
-0.234302 0.909313 -0.19976 
-0.452385 0.899168 -0.0843867 
-0.712874 0.030199 0.376306 
0.21595 0.301972 -0.158425 
0.387928 -0.11792 -0.0860343 
0.848155 -1.08332 0.0651906 
-0.37988 -0.0114534 0.163308 
-0.210103 0.979846 -0.251571 
0.190925 0.821388 -0.415481 
0.599126 -1.09069 0.0346263 
0.41337 -0.0967318 -0.0942985 
0.515688 -0.616083 -0.00570802 
-0.182918 0.277538 0.045444 
-0.189132 0.248793 0.0532044 
0.983953 -0.316111 -0.0501108 
0.0684063 0.586862 -0.213141 
-0.206307 0.121058 0.0800344 
-0.346848 0.608681 -0.0193362 
-0.0337475 0.164968 -0.0119612 
0.329445 0.434812 -0.26342 
-0.118804 0.351215 -0.0108016 
0.508503 -1.00209 0.0293334 
0.856255 -1.09043 0.0667087 
0.0956406 0.133759 -0.0602695 
-0.309757 0.129665 0.136883 
0.895567 -0.772919 0.0439625 
0.566721 -1.14082 0.0303015 
-0.14912 0.745625 -0.151495 
-0.352374 -0.165357 0.157178 
0.863252 -0.371338 -0.0383015 
0.102448 0.634632 -0.258822 
-0.0509794 0.581676 -0.136057 
-0.0448532 0.384104 -0.06341 
0.500883 0.153741 -0.185971 
0.527105 0.341904 -0.278826 
-0.287585 -0.395707 0.115176 
-0.549171 -0.0665932 0.25836 
0.371321 -0.0160467 -0.106171 
0.185154 -0.134477 -0.0158598 
0.50567 -0.845352 0.0245697 
-0.328904 0.222485 0.0845006 
0.31763 -0.887936 0.0225737 
-0.239759 0.309663 0.0548874 
-0.387918 0.0791719 0.161322 
0.0856802 0.419337 -0.165205 
-0.0360202 0.0432759 0.00840232 
0.111096 0.870355 -0.413648 
0.0292071 0.624809 -0.208008 
-0.284207 0.307952 0.0844959 
-0.067053 -0.138038 0.0389568 
-0.503727 0.0775604 0.256088 
0.22625 -0.0541608 -0.0643213 
-0.15077 0.329191 0.0157894 
0.222711 0.125574 -0.103514 
0.807883 -0.806489 0.0365396 
0.528581 -0.554396 -0.0176271 
-0.304607 0.607135 0.000345894 
-0.105558 0.528977 -0.0832427 
0.7418 -1.12025 0.0497942 
-0.14782 0.213669 0.0385416 
-0.44565 -0.202899 0.199563 
0.301286 0.0216293 -0.100016 
0.583859 -0.741137 0.0169625 
-0.49854 -0.1463 0.234854 
0.483407 -0.23896 -0.0744359 
0.239543 0.250181 -0.148436 
-0.300761 0.299425 0.104627 
-0.0393075 0.0628128 0.00726089 
-0.122198 -0.410208 0.085267 
-0.695263 0.150611 0.36913 
-0.286588 0.00779682 0.10592 
0.451608 -0.0409919 -0.113707 
0.514244 -0.740876 0.0179729 
0.726016 -0.646782 0.00773409 
0.844188 -0.20954 -0.0843312 
-0.390016 0.112688 0.160739 
-0.332688 1.02998 -0.234518 
-0.0582914 -0.123599 0.0348453 
-0.509535 -0.0985483 0.246449 
0.354002 0.219747 -0.175082 
0.745781 -0.862225 0.0366102 
-0.499135 -0.503814 0.184451 
-0.415549 -0.172407 0.187082 
-0.0242163 0.867178 -0.324502 
0.268406 -0.295814 -0.0375681 
-0.623877 -0.0521001 0.303679 
0.948405 0.0699201 -0.196669 
-0.329527 0.548857 0.0238574 
-0.0215284 0.537201 -0.136198 
0.016505 0.539812 -0.160016 
-0.0366151 0.601719 -0.153516 
-0.55025 0.0152638 0.281609 
0.35297 -0.94916 0.0225588 
-0.107908 0.845018 -0.242072 
0.449879 -0.867181 0.0248022 
0.446994 -0.104709 -0.0964912 
0.71308 0.502528 -0.406378 
-0.571004 -0.360267 0.240842 
0.378903 0.210081 -0.178608 
0.542887 0.637268 -0.440864 
-0.406045 -0.325136 0.172594 
0.14556 -0.461686 0.0508905 
0.308201 0.716954 -0.410219 
-0.109013 0.700546 -0.151817 
0.466427 -0.836663 0.0240638 
-0.388242 0.00692287 0.184876 
0.146824 -0.54698 0.0566423 
0.0337539 -0.104005 0.00173907 
-0.545662 0.728897 0.0651226 
0.497691 -0.051062 -0.117672 
-0.174227 0.996542 -0.318185 
-0.06489 -0.0373443 0.0289223 
0.402603 -0.108526 -0.0901919 
-0.0828062 0.844201 -0.260144 
-0.514663 -0.0741133 0.250332 
0.859175 -0.456741 -0.0182298 
0.772324 -0.586719 0.00351238 
-0.397943 -0.411648 0.159835 
-0.146418 0.750354 -0.198788 
0.232287 0.426322 -0.218033 
-0.104227 0.145176 0.0267319 
-0.0642247 0.433282 -0.0689916 
0.36631 0.129101 -0.146513 
0.247518 0.466124 -0.244954 
-0.126542 0.744706 -0.16476 
-0.13314 0.318275 0.00907253 
0.10821 -0.141953 -0.0176901 
-0.0057496 0.723139 -0.26183 
0.0814409 0.627266 -0.242299 
-0.320667 0.691029 -0.0715462 
-0.588504 0.221015 0.297772 
-0.495657 -0.141354 0.233836 
-0.197546 0.716808 -0.157799 
0.38518 0.748595 -0.455322 
-0.481669 0.00306529 0.236908 
-0.581763 0.144475 0.30604 
0.817439 -0.655056 0.0158282 
-0.0954971 0.951933 -0.327 
-0.115869 0.639657 -0.119897 
0.284484 0.244234 -0.162073 
-0.073145 0.0158848 0.0271354 
0.371698 0.459877 -0.287273 
0.212158 0.631385 -0.317211 
-0.146171 -0.198386 0.0669748 
-0.174659 0.214376 0.051878 
0.552964 -0.719017 0.0139133 
0.141004 0.458821 -0.190106 
-0.395536 -0.33102 0.158539 
0.474283 -1.03381 0.0231038 
0.437709 0.423639 -0.289829 
-0.340671 -0.137783 0.151276 
0.394419 -0.697974 0.0132767 
0.796662 -0.105433 -0.11873 
0.487327 -0.742225 0.0181647 
-0.355944 -0.139286 0.158244 
-0.0121677 0.764293 -0.259031 
0.177334 0.218022 -0.114336 
0.21501 0.506512 -0.250291 
0.529426 -0.725972 0.0154632 
0.28337 0.445151 -0.249415 
0.346491 -0.67345 0.0113585 
0.533614 -1.04026 0.0314185 
-0.229809 0.818705 -0.166526 
0.459589 0.217649 -0.201913 
-0.296298 0.233663 0.117114 
0.999663 -0.800596 0.0619625 
0.359209 0.0402061 -0.118413 
0.648941 -0.656201 0.00587499 
-0.110737 0.0454429 0.0406816 
0.247122 0.269211 -0.158035 
-0.0303772 0.838202 -0.307297 
-0.269605 0.780021 -0.143828 
-0.142801 -0.432654 0.110352 
0.0589803 0.686056 -0.261698 
0.384509 0.372693 -0.252359 
0.649671 -1.11798 0.0415198 
-0.42754 0.0529838 0.208946 
-0.553098 0.840827 0.0176026 
-0.381977 0.119085 0.154955 
0.162071 0.228072 -0.111638 
-0.0300021 0.816228 -0.299717 
-0.0526619 -0.0504769 0.0255466 
-0.28301 0.604177 -0.0543926 
-0.0504613 0.784345 -0.270644 
0.545674 -0.395104 -0.0480639 
-0.0155749 0.905436 -0.352152 
-0.295629 0.559044 0.0128629 
0.394986 0.151925 -0.161403 
0.417004 -0.719934 0.0148564 
-0.369545 0.383928 0.0841982 
0.821771 -0.712153 0.0273604 
-0.174183 0.295395 0.0378717 
0.300372 0.0370886 -0.103544 
0.264756 0.515506 -0.277686 
0.390741 -0.127109 -0.084683 
0.265546 0.0655001 -0.101185 
-0.250466 0.316109 0.0572415 
0.24956 0.301647 -0.171379 
-0.544613 -0.396072 0.221231 
-0.299019 -0.157023 0.131235 
-0.370708 -0.188913 0.163217 
-0.416405 -0.0552667 0.198 
-0.630908 -0.236049 0.29226 
0.321123 0.532489 -0.309919 
-0.091889 0.250561 0.000234151 
-0.0174959 -0.013587 0.0117099 
-0.378521 -0.158684 0.169921 
-0.328715 -0.199699 0.146225 
0.064709 0.548918 -0.191857 
-0.101669 0.286467 -0.00172943 
0.75853 -1.01516 0.0540746 
0.252974 -0.0579368 -0.0705555 
0.182223 0.171044 -0.102204 
0.238594 0.13083 -0.110092 
0.338369 0.25556 -0.18426 
-0.252808 0.311446 0.0721659 
-0.453074 0.647541 0.0346751 
-0.177987 0.262028 0.045915 
-0.4057 -0.111085 0.187661 
0.521733 -0.890219 0.0262425 
-0.191036 0.719923 -0.109132 
-0.332935 0.712354 -0.0734729 
0.556211 0.0951007 -0.172365 
-0.225175 0.281577 0.0658192 
0.507016 -0.425592 -0.040844 
0.00567508 0.854145 -0.334956 
-0.338244 -0.272821 0.147701 
-0.0129907 -0.364023 0.0461516 
0.306127 -0.340568 -0.0380347 
0.732271 -1.22386 0.053219 
0.21856 0.122726 -0.101396 
0.851339 -1.00469 0.0605352 
-0.0377491 0.860648 -0.314161 
0.175155 0.832311 -0.4152 
-0.490324 0.00113996 0.241933 
0.240589 0.53558 -0.277967 
-0.185836 0.273201 0.0474129 
0.169452 -0.522247 0.0182045 
-0.123288 0.108397 0.0398802 
-0.317649 0.823821 -0.135561 
-0.410569 -0.424171 0.152402 
0.648749 0.177633 -0.220045 
0.23523 0.296071 -0.163705 
-0.624976 0.0720199 0.33114 
-0.0316218 0.143515 -0.00880684 
-0.402866 -0.0405962 0.166963 
-0.067977 -0.106596 0.0361172 
0.44439 0.0111338 -0.126878 
0.0167072 -0.109655 0.00864108 
0.427283 0.0754161 -0.142963 
-0.294495 0.350474 0.0682475 
-0.594922 -0.176164 0.277534 
-0.0806735 0.0564115 0.0260557 
0.0445595 0.766157 -0.31004 
-0.386534 0.079667 0.141703 
0.827754 -0.838124 0.0427303 
0.00399313 0.83487 -0.316633 
0.851376 -0.95221 0.0601483 
-0.173303 0.670694 -0.0968292 
0.417122 -0.989979 0.0208924 
0.321714 -0.858767 0.0301701 
-0.339262 -0.151382 0.15092 
-0.0609057 0.55937 -0.121343 
0.201541 0.246616 -0.132849 
-0.437166 0.589881 0.049427 
-0.37989 -0.0597469 0.167353 
0.28165 -0.0512901 -0.0784809 
0.416949 0.166295 -0.172074 
0.360393 0.338757 -0.226995 
-0.311966 -0.289313 0.148126 
0.134248 0.665748 -0.295705 
-0.0143464 0.809105 -0.286616 
0.461447 -0.0260403 -0.119315 
0.258906 0.78043 -0.443354 
-0.501107 0.671743 0.0603603 
-0.487808 -0.364886 0.197269 
-0.15583 0.793171 -0.177839 
-0.178825 0.765372 -0.189441 
-0.144559 0.918121 -0.260299 
0.0735391 0.722839 -0.29275 
-0.581043 -0.31137 0.253877 
-0.0905982 -0.0371752 0.0391231 
-0.403715 -0.251624 0.172473 
0.281317 0.744282 -0.429029 
0.389953 0.07263 -0.134358 
-0.055035 0.108589 0.00858545 
-0.51955 0.701969 0.0594624 
0.192878 0.28103 -0.141513 
0.755908 -0.821387 0.0335854 
-0.233198 0.655598 -0.103265 
-0.472776 -0.172484 0.216934 
-0.051196 0.0430955 0.0148138 
0.847351 -0.690024 0.0257034 
0.407334 0.638506 -0.395801 
-0.0772262 0.906514 -0.324007 
0.704633 -1.21314 0.0461582 
0.345487 -0.79577 0.0173502 
0.424166 -0.0888607 -0.097713 
0.239024 0.257245 -0.15069 
-0.202921 0.0654123 0.0602839 
-0.244922 0.953924 -0.209914 
0.17027 0.777285 -0.385468 
-0.516343 0.738243 0.038994 
0.354577 -0.690032 0.0135588 
0.455353 -0.0216016 -0.119548 
0.22324 0.0376733 -0.0819507 
-0.0867441 0.93128 -0.332909 
0.781259 -0.71962 0.0216517 
-0.506248 -0.0583835 0.246248 
0.236405 0.480647 -0.247325 
-0.248098 0.921542 -0.230604 
0.374625 -0.798872 0.0181882 
0.92186 -0.719377 0.037678 
0.4201 0.171256 -0.174481 
0.666662 -0.958209 0.0370349 
0.579775 -0.214746 -0.0854243 
-0.0538749 -0.173851 0.0389693 
-0.102796 0.586377 -0.105555 
-0.170061 0.789941 -0.162184 
-0.0235409 -0.0831152 0.0191894 
0.644117 -1.15879 0.0462015 
0.452307 0.408615 -0.293209 
0.214777 -0.0726144 -0.0572373 
0.251077 -0.70265 0.0238138 
-0.414341 0.717973 -0.0246617 
-0.16923 -0.00536178 0.0714038 
0.357381 -0.780871 0.0175699 
0.603388 -1.09333 0.0360085 
0.545693 -0.221826 -0.0822066 
-0.0850891 0.815702 -0.263326 
-0.18574 0.852855 -0.23184 
-0.529793 -0.118607 0.255639 
-0.187566 0.664095 -0.0848692 
0.557229 -0.757416 0.0191401 
-0.301868 -0.174793 0.135153 
0.0025029 0.614697 -0.184982 
-0.615974 0.147909 0.306301 
0.880878 0.0256017 -0.172655 
0.383786 -0.103114 -0.0882102 
-0.525751 -0.0956043 0.256209 
0.963363 -0.833488 0.0592335 
-0.184919 0.78963 -0.198918 
0.0957761 0.317849 -0.11301 
-0.684434 -0.0478889 0.350677 
0.337359 0.248913 -0.181299 
0.205377 0.489277 -0.236627 
-0.377044 0.703451 -0.042046 
-0.425576 0.527906 0.0638711 
0.886269 -0.852271 0.053814 
0.212947 0.412583 -0.203039 
-0.00615607 -0.104871 0.0158736 
-0.185339 -0.292784 0.0954303 
-0.0405217 0.187253 -0.0133501 
-0.0862402 0.220698 0.00293535 
-0.45363 0.999779 -0.134155 
0.417252 -0.83117 0.023874 
-0.0928756 0.900096 -0.288355 
-0.311561 0.718286 -0.0529976 
0.465527 -0.761178 0.0182101 
0.024801 0.751713 -0.278477 
-0.385642 0.638468 -0.00966586 
-0.114759 0.557869 -0.0866791 
-0.368799 0.18177 0.135122 
-0.118701 -0.217906 0.0612811 
-0.438692 0.28323 0.19238 
-0.138913 0.851333 -0.222177 
-0.565124 0.158461 0.295031 
-0.269088 1.03044 -0.277125 
-0.0941765 0.23413 0.0062581 
0.563105 -0.97524 0.0370856 
-0.513679 -0.0730773 0.250824 
0.841263 -1.09013 0.0614709 
0.217002 -0.102878 -0.0535765 
0.61263 -0.105238 -0.111762 
0.103127 -0.553663 0.0636721 
0.213652 0.352045 -0.177287 
-0.119472 0.00515104 0.0481591 
0.074886 0.0241515 -0.0269465 
0.265329 0.0929207 -0.108132 
0.440908 -0.0131391 -0.119299 
0.0813453 0.559811 -0.207892 
-0.151056 0.672702 -0.114202 
-0.296335 0.308241 0.0973869 
-0.200949 0.892737 -0.244089 
-0.392456 0.247251 0.17424 
0.373175 0.2288 -0.184274 
-0.139109 0.0580089 0.0526172 
-0.0893454 0.233339 0.00314636 
-0.479927 0.5433 0.0914282 
0.227065 0.523693 -0.265278 
-0.148766 0.846528 -0.249455 
-0.104853 0.504008 -0.0711214 
-0.0762906 -0.143299 0.0419105 
-0.48603 0.00707399 0.223045 
0.179669 -0.625025 0.0326506 
0.508596 0.0249416 -0.140561 
-0.0758871 0.0985316 0.0193283 
-0.294996 0.595617 -0.0447935 
-0.37394 0.213149 0.128988 
-0.0761117 1.00038 -0.371016 
0.27571 -0.069616 -0.0738158 
-0.262728 0.675999 -0.099305 
-0.356938 0.616522 -0.0167165 
-0.421871 0.639152 0.0132991 
0.342183 -0.0869903 -0.0840346 
-0.306679 0.521162 0.0251431 
0.497948 -0.402804 -0.0472131 
-0.0681379 0.0888496 0.0167768 
0.495145 -0.699017 0.0227433 
-0.222532 0.357405 0.0367555 
-0.172731 0.881277 -0.25454 
-0.124469 0.731089 -0.15772 
-0.259672 0.917414 -0.174501 
0.467226 -0.216642 -0.0770671 
0.337343 -0.6885 0.0141322 
-0.251403 0.837515 -0.183772 
-0.313337 0.266917 0.10252 
0.544797 0.257389 -0.238216 
-0.240641 0.311038 0.0539899 
-0.144687 0.96395 -0.317364 
0.32223 0.190619 -0.154879 
-0.349154 -0.389978 0.131456 
0.460231 -0.979536 0.0219168 
0.988936 0.0900914 -0.211545 
0.993658 -0.788942 0.0588605 
0.802789 -0.832066 0.0393517 
0.00532555 -0.104516 0.0119082 
0.22625 -0.566218 0.0119303 
0.0704217 0.53658 -0.209445 
-0.272132 -0.345762 0.140704 
0.313852 0.625179 -0.353542 
0.234893 0.406526 -0.209946 
-0.331485 0.960369 -0.196753 
-0.17445 0.69744 -0.108806 
0.665953 -0.677226 0.0161165 
-0.513788 -0.0672174 0.252233 
-0.107656 0.307986 -0.00449669 
0.26118 0.424635 -0.230425 
-0.378435 -0.162791 0.167865 
-0.280536 -0.265476 0.131792 
0.382954 0.0305355 -0.120744 
0.849845 -0.717125 0.0278005 
0.0900236 -0.34617 0.0154214 
-0.432177 -0.518094 0.149863 
0.248298 -0.161312 -0.0519304 
0.543736 -0.384388 -0.0515885 
-0.368247 0.844652 -0.113838 
0.19864 -0.0187959 -0.0628984 
0.306902 0.392675 -0.233335 
0.358442 0.166162 -0.156853 
0.589161 -0.819315 0.0242366 
0.986618 -0.162891 -0.098898 
-0.155689 0.926997 -0.290251 
-0.500948 -0.127628 0.237832 
0.375064 0.197114 -0.172558 
-0.0287017 0.838784 -0.295788 
0.0758036 0.695678 -0.277832 
0.752039 -0.909097 0.0408542 
0.261896 0.380264 -0.209418 
-0.619112 0.0779656 0.305175 
-0.264421 -0.382884 0.103676 
0.642335 -0.422364 -0.0386018 
0.320712 -0.0773419 -0.0817617 
0.947883 -0.747369 0.0452496 
-0.264908 0.621394 -0.073182 
0.399471 -0.582643 -0.00885437 
-0.216183 0.975049 -0.248613 
0.012896 0.721882 -0.250428 
-0.41132 -0.50821 0.147765 
-0.404458 0.29406 0.167624 
-0.341087 0.83243 -0.125053 
-0.415976 0.613162 0.0193343 
-0.641164 -0.124011 0.316462 
0.400042 -0.830394 0.0221934 
0.374583 -0.14678 -0.078337 
0.394672 -0.810753 0.021573 
-0.275095 0.731802 -0.117424 
-0.398718 -0.0703008 0.171138 
-0.312298 0.65217 -0.0600166 
-0.211801 0.624063 -0.0589608 
-0.13843 0.744473 -0.157561 
0.916281 -1.03494 0.0707351 
0.641516 -0.949738 0.0348106 
-0.49398 -0.0577657 0.239194 
0.732913 -0.901198 0.0385334 
0.432669 0.203257 -0.18975 
0.311541 -0.322983 -0.0415232 
-0.39956 0.636038 1.40692e-05 
0.282787 0.294272 -0.180807 
-0.512961 -0.0422869 0.251712 
0.325752 0.248888 -0.17757 
-0.244407 0.707148 -0.123979 
-0.00430827 0.0143289 -0.000457629 
0.284107 0.376276 -0.216581 
0.216858 0.602704 -0.304605 
-0.703349 0.109331 0.366874 
0.463844 0.125395 -0.167701 
-0.269786 0.711869 -0.0990398 
0.246853 -0.1872 -0.0478339 
0.451964 0.096412 -0.154712 
0.381657 0.187935 -0.170981 
-0.215434 0.913705 -0.246524 
-0.426575 -0.186026 0.191373 
-0.294573 0.590563 0.00830743 
0.972991 -0.85113 0.0655855 
-0.0674562 0.605683 -0.13568 
-0.430853 -0.187285 0.19348 
-0.0970399 0.592717 -0.11304 
-0.417885 0.126602 0.177426 
0.0529879 0.483815 -0.155658 
-0.486503 0.886687 -0.0534496 
-0.0976042 0.148429 0.0231272 
0.254268 0.437349 -0.233592 
0.428082 -0.883401 0.0211526 
0.285313 0.233548 -0.158384 
-0.183898 0.0835788 0.0721329 
-0.498477 0.713419 0.0376727 
0.455306 -0.249133 -0.0701525 
0.366395 0.379063 -0.247693 
0.493841 -0.369595 -0.0530627 
0.256176 0.276115 -0.164295 
-0.406653 -0.0467043 0.193191 
0.0943581 0.638143 -0.255955 
0.0828597 0.854618 -0.383433 
0.0963694 0.642876 -0.26071 
1.01431 -0.824055 0.0670961 
0.43982 -0.0681069 -0.104968 
0.14434 0.573347 -0.250477 
-0.144662 0.115983 0.0492014 
0.582262 -1.10077 0.0309772 
0.370236 0.109014 -0.14107 
-0.145563 0.323264 0.0151143 
0.22958 0.309984 -0.166911 
-0.152239 0.767842 -0.1629 
0.326158 0.112627 -0.130824 
0.42709 0.337175 -0.24757 
0.096327 0.723673 -0.308579 
-0.452992 -0.185753 0.205049 
0.797903 -0.316221 -0.0568534 
-0.225777 0.313027 0.0576013 
0.16603 0.0980367 -0.077675 
-0.14737 -0.0677969 0.0644622 
-0.0423626 0.825812 -0.281406 
0.171798 -0.00184726 -0.0585562 
0.206069 0.255661 -0.138181 
-0.596629 0.0595614 0.312926 
0.861655 -0.515021 -0.00415278 
0.0420409 -0.553905 0.0616509 
-0.727032 0.0757415 0.383243 
-0.337266 0.302354 0.12492 
0.350481 -0.383375 -0.0368278 
-0.696888 0.015424 0.355805 
-0.0900834 0.135536 0.0213193 
0.373753 0.368941 -0.245989 
-0.263927 0.763825 -0.0813623 
0.414728 -0.107343 -0.0916503 
0.984191 0.0801226 -0.212536 
0.738596 -0.684519 0.0137062 
0.508572 0.147449 -0.184023 
0.235543 0.198765 -0.129277 
-0.392486 0.39033 0.0834393 
0.207828 -0.0219937 -0.0652849 
-0.18768 -0.231496 0.0901757 
-0.342093 0.584175 -0.00688004 
0.197107 -0.633524 0.039996 
-0.0898456 0.226902 0.00390584 
-0.279415 0.641068 -0.0746522 
-0.611951 -0.158818 0.295305 
0.565153 -0.244238 -0.0786001 
0.861833 -0.105632 -0.13189 
0.63094 -0.755775 0.0193734 
-0.165424 0.158851 0.0544683 
-0.1309 0.20131 0.0317813 
0.102636 0.526805 -0.20239 
0.52724 -1.06846 0.0375934 
0.700111 -0.743066 0.0198548 
-0.588146 -0.258211 0.266422 
-0.253514 0.4158 0.0342609 
0.24638 0.188106 -0.129574 
-0.452248 0.153819 0.222533 
-0.098378 0.284926 -0.0035243 
-0.13157 0.827851 -0.239698 
-0.545043 0.17613 0.258034 
0.191443 0.818311 -0.427226 
0.890305 -0.6998 0.0311847 
0.584858 -0.155123 -0.0993706 
-0.474332 -0.520877 0.168184 
0.356063 0.357672 -0.234985 
0.319039 -0.216022 -0.0576407 
1.02023 -0.0225887 -0.160362 
0.613113 -0.317429 -0.064355 
0.712936 -0.65599 0.0132202 
-0.277892 0.766144 -0.132066 
0.926102 -0.728353 0.0400885 
0.934171 -0.953468 0.0686763 
-0.44223 0.0278988 0.2172 
0.169606 0.724613 -0.351149 
0.383664 0.417005 -0.274273 
0.552446 -0.0696216 -0.119128 
0.435316 0.226839 -0.200651 
0.330228 0.200238 -0.160718 
-0.214171 0.307877 0.0531148 
0.429208 0.0771853 -0.144117 
-0.47975 -0.253566 0.210272 
-0.0695462 0.846725 -0.271189 
-0.0977829 0.736582 -0.179491 
0.558306 -0.298842 -0.0677303 
-0.385145 -0.206665 0.168533 
-0.269794 0.619079 -0.070716 
-0.20105 0.940606 -0.242539 
-0.0825487 0.0710588 0.025231 
0.160657 0.647913 -0.300334 
-0.110185 0.718961 -0.206619 
-0.253363 0.258923 0.0869394 
-0.392586 0.534444 0.0460945 
0.486754 -0.0450398 -0.117803 
0.486132 -0.142891 -0.0937976 
0.432388 0.0449627 -0.134636 
-0.19575 0.809073 -0.154424 
0.505432 -0.805198 0.0226167 
0.422855 -0.859265 0.023938 
0.420514 -0.748666 0.0171276 
0.65061 -0.270059 -0.0703506 
0.793282 0.402872 -0.363478 
-0.111079 0.690125 -0.192051 
0.386342 -0.67157 0.00966913 
0.96307 -1.03547 0.0781736 
0.509854 -0.0558169 -0.118024 
-0.481797 0.730413 0.0138241 
0.55024 0.0767545 -0.164368 
-0.119175 0.759064 -0.177783 
0.0671667 0.70571 -0.278371 
0.596502 0.665495 -0.477688 
-0.308103 0.744289 -0.0579554 
-0.0826674 0.220044 0.000892488 
-0.373986 -0.124491 0.170438 
0.260154 -0.33228 -0.0294474 
-0.550286 0.883733 -0.00510469 
-0.0434524 0.925759 -0.346409 
-0.236953 -0.272587 0.107126 
0.589371 -0.659791 0.00515315 
0.243305 0.736677 -0.405693 
0.253444 0.290354 -0.168419 
0.545346 -0.865898 0.0259163 
0.246694 -0.0837959 -0.0636466 
-0.0259693 0.617651 -0.16725 
0.805335 -0.732415 0.0255652 
0.557878 0.249604 -0.239137 
-0.0903445 0.200527 0.0111286 
0.504716 -0.0681541 -0.112506 
-0.109557 0.649147 -0.127914 
-0.574898 -0.361918 0.242988 
0.266885 0.80254 -0.440099 
-0.484851 -0.487 0.177034 
-0.472483 -0.202426 0.213625 
0.330103 0.405065 -0.247617 
-0.327976 0.0861449 0.149781 
-0.12412 -0.167366 0.0586199 
0.946446 -0.844328 0.0579614 
-0.0551331 0.800197 -0.25225 
-0.150951 1.01537 -0.324597 
0.31267 0.42482 -0.251589 
0.712605 -0.804043 0.0284063 
0.906083 -1.14594 0.0734306 
0.207128 0.810402 -0.436044 
0.265449 0.611444 -0.33403 
-0.0448763 0.194024 -0.0112641 
0.344306 -0.205938 -0.0609926 
-0.128798 0.738428 -0.202324 
-0.0585165 0.0881931 0.0123988 
-0.157867 1.00073 -0.330714 
0.646617 -0.788865 0.0234516 
0.115279 0.1406 -0.0741431 
-0.233881 0.322768 0.0485573 
-0.0248655 -0.0719486 0.0182219 
0.148532 0.567037 -0.247567 
-0.133302 0.273175 0.0200093 
-0.0796616 0.218099 2.28104e-05 
-0.461456 0.599885 0.0499073 
0.57093 -1.12532 0.0300135 
0.437202 -0.0839184 -0.1009 
0.693693 -0.11758 -0.11156 
0.198337 0.0238581 -0.0716587 
0.992561 -0.994945 0.0810114 
-0.508694 -0.046811 0.248579 
-0.172777 0.772249 -0.153478 
-0.408024 -0.082396 0.191426 
-0.39502 0.606534 0.0108617 
0.0643563 -0.556044 0.0691399 
0.726187 -0.920563 0.0392974 
-0.51253 0.0385912 0.260209 
-0.273771 0.844285 -0.118811 
0.34348 0.252749 -0.184751 
-0.49626 -0.14077 0.233452 
0.0277188 0.782413 -0.299191 
-0.371813 -0.0563876 0.162959 
1.03596 -0.938225 0.0872076 
0.83781 -0.800809 0.0385245 
-0.0571537 0.0721354 0.0137857 
0.525696 -0.913385 0.0271155 
0.952729 -0.788447 0.0515653 
-0.165447 0.722691 -0.128684 
-0.475716 -0.437024 0.188211 
-0.318055 -0.166509 0.142289 
-0.330871 0.658281 -0.0514106 
-0.0494004 0.822501 -0.270771 
0.224744 0.809211 -0.445029 
0.337284 0.407944 -0.252792 
-0.0491345 0.737331 -0.215172 
0.347446 0.365269 -0.23453 
0.336351 -0.764318 0.0176049 
-0.327065 0.858447 -0.146986 
-0.0588421 0.194226 -0.00388352 
0.742106 -0.518378 -0.0144822 
-0.45745 -0.466368 0.176017 
0.110303 0.382001 -0.143067 
-0.115941 0.310512 -0.00145322 
-0.233901 0.903275 -0.182887 
0.668278 -0.884036 0.0323437 
0.117395 0.501113 -0.213297 
-0.391771 0.720145 -0.0400736 
-0.0698136 0.0745234 0.0191233 
-0.0396107 0.113477 0.000257396 
-0.0897569 0.0292732 0.0329354 
-0.0686844 0.746213 -0.240443 
-0.298981 0.278163 0.0900569 
-0.296622 0.469181 0.0368192 
0.885926 -0.853532 0.0509622 
-0.355741 -0.210999 0.153857 
0.351413 -0.0794668 -0.0875607 
0.544325 -0.390319 -0.0498209 
-0.383688 -0.485623 0.140662 
-0.380338 0.350134 0.0944788 
-0.253879 0.341676 0.0523769 
-0.455379 -0.528919 0.159196 
-0.194914 0.715409 -0.154564 
0.388575 0.308355 -0.222847 
0.362897 0.434837 -0.2765 
0.497097 -0.391401 -0.0495393 
-0.421191 0.930474 -0.123606 
0.370856 -0.687333 0.012736 
-0.307424 0.749539 -0.0475923 
-0.0521662 0.209403 -0.0124991 
-0.220581 -0.310653 0.0979208 
0.30537 0.239038 -0.167146 
-0.395365 -0.168204 0.177517 
-0.383981 0.318711 0.10013 
-0.0886788 -0.483096 0.098268 
-0.254945 0.166739 0.101873 
0.091695 0.513008 -0.189863 
0.957079 -0.780996 0.0528819 
-0.0731293 0.136626 0.0131972 
-0.156812 0.809446 -0.224983 
0.310476 0.260259 -0.177047 
-0.499182 -0.188131 0.229712 
0.0943563 0.806655 -0.358765 
-0.138133 0.328277 0.00884976 
0.0341441 -0.115225 0.00322276 
-0.123546 0.952533 -0.307448 
-0.0778065 0.507865 -0.0918963 
-0.233943 0.816984 -0.18393 
0.236235 0.085317 -0.0974091 
-0.0242764 0.928889 -0.361304 
0.892811 -0.778605 0.0416833 
-0.38048 0.999874 -0.18442 
0.416598 -0.102966 -0.0935243 
0.255604 0.665131 -0.363775 
0.220904 -0.0537911 -0.0625104 
-0.510143 0.0139453 0.2574 
-0.27203 0.696045 -0.102826 
0.863031 -1.08303 0.0665142 
-0.470962 -0.169406 0.216825 
0.440241 0.0130023 -0.126626 
0.343379 -0.0987559 -0.0821259 
0.700034 -0.279224 -0.0674763 
0.380925 0.233805 -0.188345 
-0.115234 0.999053 -0.341828 
0.459592 -0.784523 0.0196578 
-0.185988 0.653634 -0.134882 
0.660503 0.575312 -0.439416 
0.0354624 0.640929 -0.220559 
-0.328671 -0.406553 0.122133 
-0.626399 0.0509155 0.330434 
0.0451087 0.556095 -0.184182 
-0.311627 0.666402 -0.0156264 
0.0520809 0.567061 -0.193806 
1.0643 -1.00275 0.0986187 
0.195272 0.229413 -0.125056 
-0.153539 0.832142 -0.226861 
0.358693 -0.414135 -0.0311132 
0.924863 0.0135102 -0.169062 
-0.401322 0.542605 0.0439878 
0.821236 -0.929225 0.0504398 
0.233444 0.552404 -0.284067 
-0.385336 0.652765 -0.015631 
0.975629 -0.920242 0.0714681 
0.279273 0.722003 -0.410299 
0.0852993 0.837117 -0.374808 
0.459115 0.266963 -0.224464 
-0.398961 0.412045 0.0783074 
0.363679 -0.939607 0.0206965 
0.307251 -0.722856 0.01845 
0.183061 0.247319 -0.125987 
-0.0419209 -0.0830393 0.0251699 
0.405034 0.112944 -0.15042 
0.604276 0.268142 -0.255259 
0.283888 0.125307 -0.119168 
0.202137 -0.176261 -0.0389884 
-0.168245 0.990036 -0.318007 
-0.293236 -0.180879 0.131828 
-0.119487 0.253593 0.0163502 
0.000868807 0.751057 -0.260127 
-0.112244 0.825162 -0.227378 
-0.282204 0.72074 -0.0933558 
0.588245 -1.09397 0.0320018 
-0.519793 0.0656143 0.265728 
0.399916 -0.806661 0.0216847 
0.270529 0.222483 -0.149303 
0.0749474 0.642621 -0.247042 
-0.181904 0.915624 -0.229744 
-0.117371 0.758981 -0.178653 
0.259041 0.049958 -0.0955322 
0.191714 0.147074 -0.0989404 
-0.0530246 0.950145 -0.355258 
-0.369012 0.550496 0.036357 
0.592694 0.165781 -0.206105 
0.350417 0.257366 -0.188747 
-0.0538221 0.20533 -0.00973371 
0.381128 -0.0364912 -0.102959 
0.299448 -0.779607 0.0197491 
0.186246 0.173369 -0.104387 
0.758479 -0.603614 0.006912 
0.294267 0.389283 -0.226849 
-0.06667 -0.126558 0.0375021 
-0.0566271 -0.473608 0.0730561 
-0.110937 0.853337 -0.244735 
0.35801 0.269511 -0.196206 
0.315568 0.78145 -0.449901 
0.235872 0.438847 -0.225716 
0.243429 0.444738 -0.232097 
0.787901 -0.043802 -0.140795 
0.468666 -0.0318657 -0.118814 
0.572429 -0.356145 -0.0305026 
0.945357 -0.112993 -0.129756 
0.345843 0.659941 -0.385451 
0.501106 -0.717393 0.0146578 
0.664459 -0.92253 0.039766 
1.01713 -1.02029 0.0920962 
-0.406365 0.119638 0.154001 
0.567874 0.530616 -0.384806 
-0.504748 -0.016824 0.249406 
0.273222 0.438301 -0.242001 
0.285305 0.6954 -0.39585 
-0.345487 0.680167 -0.0517141 
-0.136183 0.903834 -0.288232 
0.274392 -0.141747 -0.060598 
-0.158885 0.133163 0.0542166 
-0.113063 0.490988 -0.066892 
-0.14242 -0.235398 0.0710169 
-0.158982 0.561564 -0.110578 
0.68755 0.587664 -0.451985 
0.400744 -0.903525 0.0307207 
-0.327273 0.612981 -0.0253357 
-0.25172 0.316918 0.0680427 
0.280237 0.6402 -0.358553 
-0.461963 0.861176 -0.0605547 
0.0658597 0.75354 -0.306797 
0.74714 -0.624223 0.0074062 
-0.158593 0.803112 -0.178789 
-0.307565 0.308722 0.101499 
0.279305 -0.165714 -0.0578325 
-0.0339988 0.0163686 0.0109214 
0.398639 -0.200996 -0.0720072 
-0.0535735 0.182096 -0.0041083 
0.51749 -1.02707 0.0274026 
0.419955 -0.148994 -0.0845462 
0.0704242 0.737239 -0.299613 
-0.326292 -0.139552 0.145361 
-0.0819798 0.26244 -0.00940179 
-0.453303 0.071898 0.224887 
0.183668 0.828961 -0.434444 
0.368386 -0.661911 0.00794558 
0.461345 -0.0695593 -0.107939 
-0.133019 0.726932 -0.151003 
0.255138 0.292955 -0.170723 
0.226541 0.129706 -0.105877 
0.27213 0.0291257 -0.0941804 
-0.40158 -0.184435 0.179097 
0.2845 0.0847014 -0.111472 
-0.215326 0.930253 -0.213875 
0.466156 -0.868165 0.0250419 
-0.105164 0.253638 0.00829152 
0.212051 0.824033 -0.446466 
-0.0331736 0.156088 -0.00940193 
0.0715482 0.681289 -0.266788 
0.0414854 0.739172 -0.281859 
0.874167 -1.02326 0.0655746 
0.744979 -0.927863 0.0414772 
-0.0923746 -0.117253 0.0452287 
-0.141447 0.273623 -0.0188259 
0.449141 0.0086559 -0.12703 
-0.0445732 0.885157 -0.33036 
0.219182 0.243075 -0.138354 
-0.414359 0.607834 0.0205593 
0.403017 0.131305 -0.156185 
-0.149769 0.180208 0.0444222 
-0.0670011 0.213286 -0.00511226 
-0.0381913 0.612548 -0.156895 
-0.432877 -0.187512 0.194452 
0.51578 0.327975 -0.268967 
-0.429657 0.888673 -0.0974811 
-0.431467 -0.205888 0.191894 
-0.0971965 0.122615 0.0262704 
-0.480922 -0.134807 0.225087 
0.379236 0.0613558 -0.128742 
-0.115998 0.267004 0.0115382 
0.0211783 0.303082 -0.0730369 
-0.180988 0.304937 0.036312 
0.169567 0.468182 -0.219238 
-0.386863 0.926567 -0.143272 
-0.549833 0.674596 0.0904399 
-0.419705 0.604811 0.0252116 
0.10881 0.570642 -0.227868 
-0.248877 0.769321 -0.135176 
-0.338656 0.78065 -0.101541 
0.0681092 -0.344923 0.0531333 
-0.642804 0.0303017 0.31939 
-0.439546 0.478587 0.0811674 
0.310266 -0.629563 0.00698152 
-0.434742 -0.00292975 0.211385 
0.855977 0.315906 -0.319524 
-0.0948621 0.639202 -0.132494 
0.115872 0.761574 -0.344327 
-0.195903 0.632785 -0.065802 
-0.020583 0.00394527 0.0071914 
-0.373404 0.155604 0.147424 
0.462753 0.0173023 -0.131367 
0.866483 -1.07512 0.0660139 
-0.187535 -0.238135 0.0917262 
-0.166911 0.0970907 0.0622546 
0.0673566 -0.123121 -0.00717515 
0.107719 0.665062 -0.28039 
-0.36323 0.62005 -0.0147494 
0.582653 0.433884 -0.335315 
0.981113 0.127948 -0.233461 
-0.320855 -0.428091 0.124273 
-0.330668 0.693725 -0.0399315 
0.312972 0.287718 -0.18884 
-0.131188 0.133248 0.0410248 
0.473615 -0.744709 0.0174014 
-0.370383 0.571113 0.0165368 
-0.0295122 0.870531 -0.330661 
0.735798 -0.978356 0.0439798 
1.03962 -1.01924 0.0932047 
0.763296 -0.936989 0.043912 
-0.433045 0.0394331 0.191588 
-0.506021 -0.014098 0.25257 
-0.105354 0.659306 -0.134473 
0.330373 0.00783353 -0.103596 
0.476107 0.312983 -0.249815 
-0.225272 0.221124 0.0773811 
-0.37054 -0.406179 0.13809 
-0.0803543 0.77128 -0.212839 
0.224759 0.585323 -0.29748 
0.490005 -0.728104 0.0165047 
-0.144165 0.599329 -0.0861261 
0.446733 0.512256 -0.338414 
0.0863279 0.202424 -0.0734943 
-0.000558487 0.52175 -0.141245 
-0.186965 0.695359 -0.14825 
0.976041 -0.220812 -0.078396 
0.908247 -0.885428 0.0577472 
-0.141422 0.806612 -0.231579 
-0.493209 0.731212 0.0215809 
-0.0897614 0.85634 -0.288049 
-0.551893 -0.345157 0.233065 
-0.331107 0.235275 0.115669 
-0.275537 0.934687 -0.220248 
-0.182775 0.544833 -0.0382907 
-0.180243 0.97798 -0.303582 
0.489428 -0.0737473 -0.110597 
0.541559 -0.373006 -0.0539632 
0.868918 -1.18163 0.0743013 
-0.400973 0.0350048 0.192821 
-0.161337 0.830288 -0.192337 
-0.185693 0.30716 0.0381059 
-0.0908716 1.00191 -0.359394 
0.241131 0.382953 -0.201997 
-0.382326 -0.464997 0.144938 
-0.167601 0.313824 0.026992 
-0.204248 0.713841 -0.148816 
-0.30374 0.701781 -0.0280677 
-0.509827 -0.47194 0.191883 
-0.507417 -0.408952 0.199997 
0.147951 0.137504 -0.0811346 
-0.122777 1.01633 -0.346932 
-0.33585 1.02273 -0.228606 
-0.00138591 0.526908 -0.143108 
0.0433072 0.742347 -0.284917 
-0.206619 -0.236659 0.0969985 
0.949638 -0.893313 0.0644032 
-0.00324315 0.469049 -0.118258 
0.394781 0.141607 -0.157715 
0.237086 0.764223 -0.421385 
-0.315793 -0.296235 0.137196 
0.169006 0.177982 -0.0993203 
-0.0297571 0.123417 -0.00601969 
-0.659919 -0.142583 0.322907 
1.01325 -1.09458 0.0940032 
0.00862305 0.529111 -0.150029 
0.162661 0.179492 -0.0974172 
0.171885 0.317716 -0.146293 
-0.420568 -0.182805 0.188902 
0.0464674 -0.147036 0.00355915 
-0.309755 0.653348 -0.0151682 
0.392261 -0.0597241 -0.0993008 
-0.104035 0.607234 -0.15794 
-0.0172855 -0.196143 0.0504196 
0.569362 0.153097 -0.197951 
-0.679125 0.122171 0.349879 
-0.545516 0.103855 0.257613 
-0.639981 0.167176 0.341993 
0.277669 -0.0631696 -0.075478 
0.175953 -0.292805 -0.0144147 
0.125015 0.531314 -0.216554 
0.373971 0.125658 -0.147301 
-0.0873965 0.784259 -0.216325 
0.951286 -1.09475 0.0793236 
-0.429774 0.797711 -0.0516606 
0.853316 -1.09336 0.069885 
0.342753 -0.0926334 -0.0831203 
-0.112937 0.219532 0.0193662 
0.050434 0.840478 -0.354355 
0.437663 -0.815279 0.0219788 
-0.105521 0.268779 0.0050319 
0.112693 0.600036 -0.246896 
0.891892 -0.167335 -0.0975123 
0.26416 -0.364797 -0.0236461 
0.257962 0.267413 -0.161546 
0.0616022 0.575232 -0.203243 
0.267088 -0.781943 0.0246626 
0.228577 0.184458 -0.122372 
-0.463331 -0.180299 0.21106 
0.789791 -0.64743 0.0136334 
0.486646 -0.788681 0.0212789 
-0.320106 -0.0892109 0.144933 
0.489126 0.331005 -0.262417 
0.473284 -0.130514 -0.0950857 
0.200892 -0.386654 0.0311143 
0.137096 0.573942 -0.24514 
-0.359035 0.26153 0.1506 
-0.0796489 0.758124 -0.240248 
0.267775 0.771239 -0.44036 
0.261332 -0.0403432 -0.0759655 
0.464738 0.38809 -0.286747 
-0.0976873 0.785086 -0.244177 
-0.081613 0.135311 0.0173741 
0.705735 -0.91444 0.0371754 
0.25929 0.213752 -0.142394 
-0.303145 -0.221737 0.135131 
-0.217921 -0.203297 0.0937581 
