# XYZ point cloud file
-0.035732638237929382 0.1202642589302152 0.004625212106698029
-0.046050737353597548 0.12423109163185619 0.0042418720266839127
-0.076204008925491284 0.1304579809925912 0.014829934658272648
-0.023602759340628332 0.12154325660159482 0.0089074000653363017
-0.026685485457072888 0.12115816471537033 0.0047383435280817232
0.0033574871525341998 0.10058698073956618 0.016029883656110078
0.013119070341754357 0.10106172306540251 0.011353425810421147
-0.041738403027349269 0.099535763279551936 0.01796937067043608
0.0032542977126229222 0.11162328763474361 0.010639919240299056
-0.058070792712611619 0.15001805920236388 -0.0058962044248892509
0.022782370731408597 0.092777499886520065 0.0082927862849569989
-0.041879204624166166 0.15704366728964003 -0.0028171863782382456
-0.08685990819393935 0.12126334164813379 0.01738649939945075
-0.074966414259530934 0.11085798217566656 0.020160270135843206
-0.015637621511345789 0.12193685254613906 0.0089863061987560111
0.016841158961882652 0.1024996440597985 0.0076867857190358602
0.019802048605145339 0.10164720800608107 0.0041921921513847216
-0.081879009883498555 0.12546696790346523 0.0072348042787795941
-0.074009083930780983 0.10193777099640655 0.014221062127740602
-0.070487062403346679 0.14270385591466206 0.0060287883026932665
-0.081930996388487165 0.13855708934470956 0.010186186704272571
-0.019111755560051069 0.1128355771268239 0.015327285415323688
-0.057749196945377113 0.13356585471098548 0.0073325019832065075
-0.083256383221577301 0.11938387920339455 0.019055817054490054
-0.02603142574163797 0.11826649715536464 0.012324776350131905
-0.054544536283916423 0.11983422876068273 0.011504843677666465
-0.059744476576550076 0.095488910276872119 0.003073199920440195
-0.0073876713358416723 0.11906952917652602 0.0096426477857475823
-0.075098215436677329 0.11584322341487996 0.0048586451517699802
-0.041716722219284186 0.16412484141598815 -0.0040012021110906182
-0.084155480745846167 0.1295348972332635 0.015215729426249658
-0.034621083518869389 0.10081247275104022 0.018476729090137367
-0.032825500991250645 0.16771357617285465 -0.007624920312906458
-0.043321020121933562 0.15609495807752694 -0.0049498438431359038
-0.018274223690636193 0.11819298197467731 0.012613672740345527
-0.048763027271052195 0.12165141623450137 0.008331386617643155
-0.0091222969016067634 0.11090426573875733 0.014961568289769633
-0.052228697382440015 0.15329475977449492 0.00021152011155517458
-0.077224540515435092 0.12544031611520257 0.0040177220032060479
-0.065730443224831625 0.1318277962015082 0.011645390679400902
0.018370701194279859 0.09159322388886626 0.012459764857701339
0.01315057606276393 0.089107164204582645 0.016196717889015277
-0.062515784248016626 0.14146718764060862 0.0059579692457319977
-0.031863689681999208 0.14856858131209383 -0.0020922214675243578
-0.055021603019596355 0.070432817655747826 0.013378107607149026
-0.066600534970774894 0.14363973279831999 0.0020387043589422116
-0.085509479385504794 0.1097634520054922 0.016613938184745713
-0.0018129474109697119 0.10982624423032095 0.013949317884013268
0.024502604034509989 0.093343780370532814 0.0047691974213899813
-0.062673432456221145 0.15514743076493043 -0.0073136527696562315
-0.027414807155615561 0.11311144662869177 0.015206126175979218
0.0010405367547428046 0.088239731718962156 0.020532566156278464
-0.027945111532033828 0.15142603245281472 -0.0047228059046180992
-0.061303843413799908 0.16294870784749449 -0.015155358114949224
-0.067298715762873218 0.10433048742121609 0.005029020721648958
0.0088700607910955909 0.10480667532941046 0.012027787965623704
-0.0143444628508414 0.047581544519379348 0.025763410158137157
-0.005738797530766393 0.0482467766708361 0.025814325212227429
-0.059592877521228937 0.14530170471498249 0.0022489718773289202
-0.082406000473779606 0.11148938203137559 0.012764350838041782
-0.066281760900506748 0.11741084524489465 0.015803920995863974
-0.030872862513291854 0.11942116555020321 0.0089961994085419605
-0.073694646638479633 0.13906615194283289 0.010591591383901977
-0.050025193693275238 0.15627988488492406 -0.002608893778137833
-0.04740200149545748 0.049042728581399908 0.023696685440111442
-0.06591681218195039 0.14840216393176409 -0.0058722101210656463
-0.050700417254621544 0.14399372861123472 0.002399167614822395
-0.03728064700288336 0.048062155101068149 0.023917497974875135
-0.038016802687188433 0.083965963889506945 0.022960973446182698
-0.031002667926465388 0.11713071300059297 0.012076765258226319
-0.067008567109221373 0.091480568739796597 0.0074496464056622025
-0.064127093137726077 0.14739988868332299 -0.0024521958746638872
-0.060096074952876832 0.1355942095477265 -0.0014704790764707432
-0.0091500945767755693 0.098801207193087937 0.019181373059802997
-0.047486351460089948 0.15680957323323852 -0.0006272314303995552
-0.052818550561452626 0.11539166382742749 -0.0001442374576823835
-0.05479448300964046 0.16251206502702598 -0.015851735504082143
-0.084694760740650965 0.13470896801757026 0.0069283086009017669
-0.018442900624033032 0.10693592436806565 0.017283362100306843
0.02069990415666928 0.09626534278589538 0.00039980395224348264
-0.018538876087270117 0.098352764344952881 0.019670163653199568
-0.077547345816061986 0.11793026084925129 0.018935846430514158
-0.011787654209981069 0.12345019235917454 0.004953577162247258
0.0040546103030104641 0.047621336104341716 0.024618546465591251
-0.011536250326059483 0.085341700111829955 0.023488592091587823
-0.027416405400761845 0.1065242358982279 0.017622812911065322
-0.064895646816749641 0.11529358219036023 0.001714814913896634
-0.068813010809896991 0.13630956902395519 -0.00048230373030627716
0.0018328594732180958 0.10743807937511463 -0.002032353482670779
-0.035014758093192544 0.11121352283293584 0.014603799799724537
-0.019742607796318146 0.12303083632705203 0.0049055938005621025
-0.086066287168310107 0.13068734531203496 0.010577949459811997
-0.014413463136057236 0.11966262275216433 0.00014155465836568348
-0.053937308238210191 0.17077376585422221 -0.020110938282586005
-0.039380005413148844 0.11644847041369066 0.010129059435371179
-0.085544376747194673 0.13511575752250271 0.011387805423307251
-0.071101965341770434 0.090870942443363134 0.011031371456338701
-0.030826851983782655 0.11870285250361168 0.001080332370593351
-0.041653168424058362 0.11013618041758511 0.013870602447196845
-0.080772416358986077 0.1098794207649334 0.02003468571420336
0.015635129197717756 0.10714283562344018 0.0026667598150111327
-0.046243598210501391 0.096957537998002219 -0.00055108778212858978
-0.052256115162097216 0.095233806842634716 0.00055588409742490796
-0.071813404168137529 0.092309600462870622 0.015213753949699871
-0.073790944490493282 0.1296975028505456 0.0019788110474746046
-0.030871112060436967 0.046430551925090158 0.02704737533518059
-0.023291884314289912 0.046767376459378562 0.027243394902780882
-0.049105052691079121 0.16474459158027399 -0.020221842877909624
-0.037531283771467638 0.15883021887884252 -0.0062692896146829546
-0.063324837775169063 0.12364360042971445 0.012980290002119144
-0.073580524278924142 0.12055867383032637 0.016929290915791373
-0.045643080018332782 0.14536666875701765 -0.0021314995612205512
-0.05061248829057996 0.071976295388796241 0.020386060242567949
-0.026137194254289675 0.095725763903163008 -0.0019519784251669781
-0.034301447377389882 0.086250327939358717 0.023870602232199556
-0.02726499840377461 0.087532218805771778 0.024082754566698672
0.01895064942131075 0.069063407788561459 0.018571182381355522
0.0095445190260429191 0.11342289168772579 0.0031073765923846919
-0.032230258427287994 0.049962407366569428 0.024616939039314223
-0.058966000589030565 0.11017168976369773 0.015124176333425443
0.027416925377933388 0.083723351935747536 0.0056762711533105414
0.015426866919932281 0.049335795818071682 0.020716350160390751
-0.020330361678502329 0.099964571925066581 -0.0026176626976547879
0.0088950698792554794 0.09972952765589993 0.014481818297029825
-0.015383062454343566 0.096330318237707657 -0.0039557858876713703
-0.020656835944619645 0.04903862424258143 0.024304580395065722
-0.0094540276562607994 0.05104726597973952 0.026588290525741132
0.024713376735063242 0.052187648114402907 0.019726760396508281
-0.037012522080999533 0.16629605666749259 -0.0052485184287026088
-0.018841214397785355 0.057620077730192065 0.026996114738738364
-0.011099718879609533 0.056937325771381442 0.027004002035151631
-0.07372954043036628 0.10275245564375746 0.0096380045750798504
-0.043901787837874906 0.053731123536643111 0.019268596441740782
-0.03016468480459733 0.058022641256550433 0.022158983186356895
-0.026587930731644005 0.098401143832471893 0.019692531464588214
-0.026197947038390013 0.057595910510473636 0.023830550502211278
-0.025209473239315272 0.058874342400251578 0.025783330229258383
-0.054886585006284849 0.1376172030121996 4.8171416659970046e-05
-0.08006850156109746 0.1133305148065511 0.0087326965695931347
-0.052446311549636748 0.15091452160762875 -0.0099570807474537726
-0.073513701767839834 0.1029842873980914 0.01107588148608446
0.014165624729204851 0.057854613176323344 0.021378684006417514
0.02100568094391958 0.059829867389238234 0.020150166197425323
-0.050431030233302587 0.10947395736768684 0.014136738496805912
-0.052086760016474054 0.15144290139268213 -0.014378628768722757
-0.0021850643651159518 0.096486724402932822 0.018875969709840124
-0.039494027232004014 0.16464389259439272 -0.0062067653991661476
-0.069113870280999357 0.088153489486036962 0.018047686209492431
-0.034411116867333724 0.092480318804693096 0.020652250756492796
-0.043220566063531307 0.061620436048347993 0.018129035165604601
-0.039348265711880936 0.059270702631044947 0.02160912887255495
-0.081794246723800146 0.10655604637401916 0.018834790232659604
-0.01173863443173484 0.11754726245238623 0.012264287259372397
-0.046631899518261521 0.11559532704669695 0.011401401792781318
-0.064420334210110064 0.11066434687674609 0.01649296311160392
-0.056596540000158346 0.14794376590765579 -0.010380449020499893
-0.066455370717195039 0.13830592763783611 0.0099978870829344757
-0.041874071764453735 0.060332223889092651 0.020535668865832635
-0.022958318231946551 0.16716638101622772 -0.010493838831808266
-0.070943409322673623 0.10420655091292019 0.0066439741345595826
-0.07438423679134587 0.14264040552571655 0.0022291055795416459
-0.037561850049629586 0.11876521880847402 0.0078554284797419105
-0.079866620392739118 0.14145673929676528 0.0059328851414232608
-0.060041126593952665 0.10463495170882586 0.0019731659823812309
-0.036834235255619963 0.11484148805242145 0.011504761046149947
-0.048266748592215081 0.15548187838933702 -0.018236270998342186
-0.059563912045305756 0.074510608291985858 0.012665959096150425
-0.021258281761400211 0.16184556509946313 -0.0095378738937540453
-0.038237560816321292 0.063031951856721724 0.010865202759420822
-0.022118780639401592 0.11864337601276775 0.00078215388204172509
-0.058651820322935089 0.13986296662637698 -0.0052943225315185694
-0.037186794572390769 0.11989584039962986 -0.0002070505495145869
-0.054914325556696508 0.14273820631199619 -0.0090212806179547633
-0.039905879929025334 0.062264624481617403 0.014302821314665815
-0.028756438737215784 0.067181480917103409 0.025656212016437474
-0.022361964867424922 0.066219994469968735 0.026947174113636563
-0.013037170658944608 0.065934331125335865 0.026773955320931297
-0.032634871416653777 0.10817616349865278 0.016592798898311167
0.030137712145976159 0.060173114095685598 0.018656602089974494
-0.019328151247576753 0.086832080413791202 0.024068389074860586
-0.04236706439799115 0.068508264236807781 0.021218702920531018
-0.033259612186391507 0.068847546544355098 0.021426810029197885
-0.042269692295182293 0.15124837053811657 -0.0043850732560127836
-0.048649080880149798 0.067932988888700585 0.01900143274248528
-0.06888336877577228 0.14557345049381509 -0.0020480832718198783
-0.046509959809424961 0.11946483838070487 -0.00029235949979239395
0.0091894801419916128 0.10681626911481867 -0.0010915535317539971
0.027781524626345533 0.068093722745849572 0.017786896508839245
-0.065803437097435136 0.09564977549303566 0.0057417848254359694
-0.062849559570773761 0.15374424941138698 -0.010562313565033066
-0.042013795944629451 0.12245986653405394 0.0015314043701992186
-0.037909488945470693 0.077913963542968756 0.021283219915787133
-0.03997949116226257 0.10780671841453682 -0.0020409766706339094
-0.05543451080537809 0.10968804793677345 0.00050482216835828764
-0.036351126698373815 0.096699783249063587 -0.001763511772451376
-0.044847622622010253 0.067887316697017086 0.020124417835125807
-0.051198655223832434 0.13523428565073237 0.0034755200897377825
-0.066552931405049087 0.12474807948516586 0.00040943099903367752
-0.030599279457233231 0.10752723537427178 -0.0022774310065650782
0.00022733119358847587 0.098770027015266271 -0.0051668963278549418
-0.005692459664646321 0.10766460474529183 -0.0026251419224227468
-0.037847589315662344 0.14733874991042839 -0.0017563771732126976
-0.013855469928095276 0.1078383957962481 -0.0026381868608822967
-0.087741944056215659 0.12534452694624287 0.014471292089463239
-0.056329307059950873 0.12416980892789931 -0.00064789733488612722
0.023233602504450945 0.073504469415699436 0.015619472497573228
-0.034112524980864478 0.11576441619329336 -0.0013970888107613377
-0.022791937562174847 0.15641506051368281 -0.0068730217670771587
-0.054792438549277733 0.14643994613342282 -0.00086054617278080725
0.007197231034524465 0.098404337554065746 -0.0041178901441767946
-0.062171694318211235 0.074991377434801776 0.015600393628394937
-0.055569207570774215 0.14219552737708452 -0.0044788880904716999
-0.056776535032867448 0.07104640409838292 0.017395346035085524
-0.033709114312727606 0.087663653192369351 -0.00051248142790338846
-0.045887216880822479 0.077388024789824539 0.020992650605503704
-0.033001322888423112 0.075429236796580756 0.025634077321633864
-0.025263209679456 0.075411202881560335 0.02645178254859798
-0.016184496330386267 0.076942128984954339 0.025813064946115072
-0.076543386132414126 0.13644211226507108 0.002573058553278107
0.014567290301098546 0.10724273540372575 0.0059533008231994478
-0.062143825929340146 0.079055171903340771 0.019828890429161528
-0.054418850725490853 0.077692312291240295 0.021025168121368398
0.025342356271709054 0.091695049680053264 0.0022156083319789244
-0.050339283845822203 0.046678764269431516 0.022808641579171451
-0.059388677116449906 0.15934883231279962 -0.011561959758144114
-0.054515480050524145 0.14761294654527513 -0.0068772151594971853
-0.050316709742758481 0.15547955159525095 -0.013754876382999159
-0.065455532262360172 0.088467004653079329 0.019349705968553288
-0.053820384786556486 0.12949474122054827 0.0065840953226671828
-0.075714915332389388 0.10279339211527994 0.017649380658665115
-0.0071825867238146102 0.075843984963045008 0.024785860322189379
-0.0056977010816894325 0.1198677976267094 0.00022495618002421613
-0.057549398470620683 0.088984001288305858 0.020100198194501762
-0.048517053297117307 0.087869090472218137 0.020059484131451644
-0.040302652016329599 0.089088282651198503 0.020485393654381623
-0.0062354497536907805 0.082439324048424689 0.023293087048199379
-0.0033000247100016811 0.1208817370987969 0.0051321357999530304
-0.021850595766015335 0.10814988922853119 -0.0024715271788530724
-0.0088094899060222054 0.088807019317220015 0.022147830854737482
-0.0098545080221653092 0.11518251488322395 -0.0013794538106017273
-0.057441889673578495 0.14979001938223102 0.00067088191645225947
0.021517581319147661 0.097657282326842898 0.0021749491505095864
-0.08505543960400308 0.12159171342664576 0.011638342933753099
-0.067462935421254644 0.1003505533945207 0.017566007901653136
-0.050944933757301747 0.098523868126849101 0.017968583265498106
-0.017370457365857683 0.091593790356764959 0.022077686471784486
-0.058687747717974914 0.097686969847331051 0.018231205908156967
-0.070894929256201 0.10638461332935367 0.019215233253165098
-0.050724569575027911 0.13199361602884219 0.0023846426217135619
-0.050253809652066272 0.12675147648763996 0.00045290066309428001
-0.026622213504887804 0.16878892074664553 -0.010232536891702948
-0.036075264252742156 0.15124016902341375 -0.0047790905172254705
-0.059547958342614338 0.10410063929690305 0.016357273642469028
-0.049021664895447625 0.10336812764186998 0.016521397598924181
-0.042936325581013457 0.10326458289214879 0.016624533794081353
-0.0043931326573620755 0.1028517001669188 0.017281832037723321
-0.048592644445436928 0.13829636656007516 0.00023115019016045624
-0.021885568337016437 0.041186519527635967 0.027514842509463844
-0.02883579288740129 0.15858996578098061 -0.006602754982124398
-0.045241469845425097 0.042478839101157573 0.024207934455360458
-0.0027781258225086369 0.042039610828586982 0.024910072247228687
-0.035516278806618173 0.04260738467563685 0.02414270200888341
-0.048592499153709279 0.10615749127459673 -0.000816452669422707
0.0096063946622022556 0.051017096401572259 0.022956021666218462
0.02667039207777655 0.086635492390277902 0.0026335503325320975
-0.065936508038428709 0.081785449893578055 0.012240527143103364
0.034122986104773934 0.054814864452282785 0.016472351847496014
0.00059808794435262103 0.056117728176134585 0.024965245400279168
-0.0015000164691517104 0.11625200903319088 -0.0011035362723137432
-0.041191612539095201 0.14539752650392868 0.00072853650660748004
0.0083594587596286241 0.059379299284506137 0.022995505659083981
0.035898645672243323 0.060707018237551535 0.015880327546560713
0.01469356894815399 0.095147083137721911 -0.0025939596555202282
-0.004465516285197535 0.059586899355004719 0.02584019929521586
0.0076326335110320498 0.087764393017102815 0.018879730109337134
-0.031499304832633135 0.15441582625727035 -0.003996725465690576
-0.0067277950900633821 0.066635003776679858 0.025743083404759282
-0.001593223165146207 0.067377188283191503 0.024568232514579458
0.0064538644237952525 0.068085437878693478 0.022499871828432993
0.012852294590859403 0.068624678191661292 0.020826660652517759
0.032874926392456205 0.071389260491130369 0.014504508662599003
0.024726636460996432 0.084826630171117134 0.0011127509763415588
-0.058971318506560344 0.16778078253630557 -0.018733872919711847
-0.048763726830968301 0.066591634538912037 0.013663270103807135
-0.067510519475577624 0.081441616625820501 0.016196566235758214
0.003028897803210473 0.11760063132286769 0.0015930146025299186
0.0041268725878799151 0.077132123150736254 0.021990090675328144
0.010593402177647038 0.077701063152423977 0.019959948867738719
0.016002667482609922 0.078914069540483966 0.017570869713080806
0.022551688041210993 0.080314776189335912 0.013665468147716187
-0.056477164493675958 0.076161425478961653 0.0090798881037584822
-0.025996371511202432 0.11467050411210622 -0.0011889768043966131
-0.070330368794846387 0.11074113628920201 0.0045891387207050993
-0.024661960643403091 0.16244856774225114 -0.009487504623234444
0.020237720161039363 0.048581143467457677 0.0089003664005385397
0.022495823763243772 0.050507180107742022 0.0053735077066584536
0.0095829580236261314 0.043960710360295696 0.021402734314771743
0.032880019252578108 0.051431041915579456 0.012704044349435673
0.023185225823258715 0.053110737559197929 0.0078552211186810883
0.023925586271010435 0.056425103421809841 0.0038420860699953652
0.033448390211600176 0.056338672339478979 0.0091682859810000017
0.029188435742470875 0.04986788202271053 0.016708339335066213
0.036966147721605391 0.055575200863222318 0.012378005925647195
0.015327322266598775 0.10547149640694486 0.00058543847436781649
0.027233005893348317 0.055911685914508125 0.008233362756638829
-0.0089719827890836767 0.099903332110710785 -0.0047325042338327572
-0.0055845722079176374 0.051406353919098757 0.00078066966684947614
0.026724969030572254 0.059837011143598184 0.0044265889906445754
0.034950187767202212 0.07328016262418513 0.010661765958891567
0.038226705809281447 0.063629463131596564 0.0088980983299745131
0.039181493047796778 0.061863844288971848 0.011585977405117576
0.033061432863228657 0.064411100723084647 0.0075590864107410449
-0.047079542011683961 0.1613090898900007 -0.018562992212770496
0.028522573229431913 0.064046871219502144 0.0063842737620357082
0.027575313175248251 0.066700344573121462 0.0034471630074578985
-0.017811806621906567 0.11470031143850679 -0.0014010687835759317
-0.013443218232072618 0.052396423126335412 0.0012024601295354542
0.010003636341887723 0.05798389333825249 0.00077449911292448714
-0.03680415372981799 0.04847818534245818 0.0084794927278285526
0.029222511872663115 0.075480584325301914 0.010193125727373131
0.020991601525324421 0.088828111382193042 -0.001108404345864511
-0.0062845987727879749 0.058005229218795695 0.00016037036042731989
0.025245173930926179 0.064035981902572092 0.0016706956119996175
-0.027864845854830345 0.041193741475129775 0.027451967049486881
0.0047623800101492808 0.11397695156859422 -0.00052428657483694074
0.026751184454527621 0.07631777446817134 0.0022516683847247365
0.029610493402329074 0.074081460947455824 0.0067383773321577078
0.035763684746245084 0.070444313394465663 0.0084372269493385166
-0.087313705369522876 0.11727775546283492 0.016377848707117892
0.026215134888294578 0.082162573825913965 0.0096159717603976902
-0.05350123878770574 0.14548685016732255 -0.012550978486836895
-0.018574139692225433 0.057005733402411329 0.0035530915538908858
-0.057711228938605308 0.16901063884066492 -0.017767521772182548
-0.060528006631956677 0.16885006087980636 -0.017698448891513729
0.0073983158197675203 0.11334999060988904 0.0062505053887315642
-0.064583989092522054 0.15855824984035449 -0.011100233875481813
0.015360821058551133 0.097015765723220904 -0.0017192817773590829
-0.036381502455445358 0.076854918027340902 0.023897817505570684
-0.042539450002914425 0.046442274702915842 0.01527739579378451
-0.046470970026385228 0.044433088349564054 0.019749081354352271
-0.04792718694044551 0.049386587408974947 0.019573257312524517
-0.049151992026559677 0.043267568814085555 0.022885555992815998
-0.040720805743948429 0.046844272175598389 0.011878754082126464
-0.042887711719408916 0.052991528185126535 0.011502555457309604
-0.040217215955782371 0.052098066342334937 0.016020962083412638
-0.04213899085279188 0.051578133227363709 0.01412477647560223
-0.038126784125135982 0.057178058408978494 0.011051371743327321
-0.030025154871959225 0.06629011987998723 0.023072880471983304
-0.056185802557565112 0.072467872906719077 0.019662036070175137
-0.0041818995624224864 0.089951790550800492 -0.0062135719261540989
-0.016074444743882865 0.050288003437240381 0.0037528272364103499
0.0084042790931014855 0.050315592226754746 0.0038263044630629239
-0.037749640997909506 0.053614954652235092 0.0080153490243091152
-0.012477062137290496 0.057281910843269057 0.0007497902846066995
-0.03037975948223065 0.055964794088017022 0.0067451506109537651
-0.019904369599346161 0.055153323396628151 0.0062173218743326597
-0.011953077849681748 0.058086588436171316 0.0038548037376213706
-0.012895249521973129 0.067632166960522322 0.0023349922962519476
-0.023360961370667177 0.066650897266859466 0.0046154625307950337
-0.033545168615541465 0.066321108966169495 0.0064362319458310946
-0.0068574481668536302 0.069363744393357796 -0.00093122465274542154
-0.044191381597206592 0.1159718874342065 -0.0011989839447690276
-0.00043609761743873543 0.068018784480417982 -0.0018693964927489759
-0.045014039682038931 0.0762152907512057 0.0048710457704795873
-0.051028081462320019 0.072010074457826923 0.0091411481323074306
-0.0027838954741927213 0.078743902907726149 -0.0044883676931886107
-0.010829828544662246 0.077915836081720813 -0.0020851002401339191
-0.016151452861051074 0.07587974508051154 0.001150311154488215
0.0029351322570405625 0.050954715763407155 0.0017949633268297682
-0.052587789438703181 0.079626173748588158 0.005213334859347607
-0.0018877297465338394 0.12072282214963936 0.0026117991148879027
-0.061854790746971589 0.083837947461443796 0.0077338902263675569
-0.054616025816909941 0.085229641967931147 0.0038773692813532934
-0.014003135362645081 0.087850527007315771 -0.0038228088334673616
-0.020275961232166739 0.088584437065916566 -0.0011913131870175397
-0.043933767268083679 0.086705001667420234 0.00062946335900820882
-0.023805806686178599 0.049416333757877684 0.0057477351486723838
0.01700044076430679 0.087919816335637391 -0.0026132137457907656
-0.0025142914267758942 0.09536999492255438 -0.0065753271469042862
0.0020668156172665153 0.058409476525862036 0.00027816055512958071
-0.012144561059151182 0.10158821109429361 -0.0029951043311793879
-0.028683115598382602 0.048103980038784688 0.0079942843737724756
0.0056209145356709289 0.1012399780229184 -0.0025855912173435858
-0.022225422312416532 0.12096662153166782 0.0022750455624923061
0.022712976367604609 0.067467962682896454 0.00010219927188831468
0.0026194458513284502 0.088516512322083463 -0.0058078980503397659
0.016189779913843683 0.054021867439758564 0.0030374174152211775
0.020535148419814075 0.07785253031477668 -0.0014863790288375811
-0.016406551923635104 0.12252729865480938 0.0021188816061436522
-0.0081547875318371821 0.12242984485894759 0.0021694044969461923
0.016123510551407982 0.049897663494594457 0.0047545910753054588
0.025008336577175716 0.047540638159960347 0.012641580950540299
0.016804321625414231 0.060070364788169517 0.0010072942300321519
0.021572713029660684 0.060930621762834702 0.0014119211930535558
0.015891469789287349 0.068247557905589229 -0.0011312758725930405
0.0085500013534973163 0.067972719475111409 -0.0019590796067587846
-0.017939578180168891 0.0673429888315632 0.004581811745949349
0.0062483712928591006 0.079079996502910976 -0.0041595893411635054
0.013814300444648431 0.078265364309880514 -0.00295394670776844
-0.035338144895839363 0.07371600914668619 0.0042869075246755317
-0.02437637225295719 0.07832889151489475 0.0018775485306144479
-0.00082851790611265796 0.081551323527119135 -0.0052749695360793658
-0.033868010937966542 0.080294213846342166 0.0015276602536435369
-0.039904686554089741 0.079242395978825875 0.0022680395181864932
0.011694075839215945 0.08752808310815019 -0.0042148085037815863
0.0061528314668900519 0.089114735164423697 -0.0053878505486321671
-0.0084847035834297313 0.090214275318379 -0.0058798910840055507
-0.024499894232920705 0.086115261494905448 -6.9624601401307995e-05
-0.048424291264374253 0.08424757100029201 0.0021763902044530936
0.00051788814278380668 0.050828607053745256 0.0038596618520864157
-0.0092348720897118541 0.051212588938015502 0.0041670059568041373
0.0064511924129934117 0.052308658651863849 0.0054724652863625822
-0.0012272654518167281 0.052654977004815473 0.0049967063148861346
0.013625778053847515 0.049032742746756064 0.0085516245570550486
0.011046298175687475 0.051425528578427304 0.008052956359575425
0.0036126916959900446 0.051789680909948843 0.0082983966320854252
-0.0042245213505630597 0.051619186181347976 0.0082011607642079598
-0.020493272240847293 0.048275029360342891 0.0082971317637812736
0.017782966809926803 0.046987863158263643 0.012602555776646318
-0.012492468584612615 0.051565185538641201 0.0080659983723813111
0.0083315611818745028 0.04682779511462265 0.012643705109403269
0.0064441671883965768 0.049698497537475572 0.010810058799527233
6.7935897673787604e-05 0.049686234205237878 0.012327415287330445
-0.023800749939543842 0.046826894827536547 0.01218037738959632
-0.0080778735282144298 0.049771079098919757 0.012203474563543038
0.019860225324173975 0.045597166339484407 0.017294241501748575
-0.032117534537228709 0.046404177759601484 0.012051661321572871
-0.014704747867489432 0.049955860662551643 0.011550157362686109
0.0025353483682951095 0.046951865405959969 0.014094442093295467
0.013404651100399179 0.045036460310356352 0.01753388819854601
-0.018523028185515988 0.046129825472561281 0.012758394818125629
0.0046276092393772172 0.044933578125435414 0.016838002178322764
0.0020716206597061193 0.046054057294327655 0.01518222726784324
0.021973597960750546 0.046660533527776549 0.017971395667424506
-0.0036586405834524438 0.04794173151764336 0.016308287923096632
-0.022850443751593341 0.04571872679182809 0.016222551463500656
-0.011741267059633576 0.048057452992453675 0.016188595932093264
-0.017275891631025664 0.047804655289453102 0.016079832478477107
-0.0366996042417852 0.044862043394851669 0.015961743562469211
-0.00025675932518659517 0.046826124972527028 0.018000004849210938
0.0038974389620911598 0.044015973959873333 0.020749561021039031
0.00018389839315269274 0.046496510780327016 0.02044575795112441
-0.0077188559908602516 0.046842475782877369 0.020359281004389607
-0.025085321702421004 0.044509079327387902 0.020046572553191144
-0.023058329838560876 0.046221655514900095 0.020923866958901083
-0.015624063400903776 0.046757690630182203 0.020126085186146891
-0.031061863978144255 0.043573873169363342 0.020275434163964989
0.003729890262942237 0.042463054951499157 0.024714123253096743
-0.040095834135495945 0.043637196577175463 0.020052929020445032
-0.045478285544039876 0.068459802464928887 0.0096898734817207899
-0.012171791799570397 0.041651562313560264 0.025867492796065761
-0.027819232670138305 0.041952861069029845 0.024871010840334884
-0.020067770338419444 0.041519823420471225 0.025898648158086957
