# XYZ point cloud file
46.332648355483741 2.9647875219582143 1.9424591471497994
47.649498293458009 3.4321345760741209 0.89364808885951064
49.084055149361603 3.9271778517752423 0.027916495830227817
44.13295341140865 2.1421098249561759 4.5205309635694455
52.214293917727176 4.9688106212083305 -1.1027987347758641
42.158547301239771 1.2799164829724656 9.2684639717103092
42.309549677766782 2.1109036725199299 -6.138745452173314
55.526679063788393 6.024235869199547 -1.3786401098169243
42.003579202505776 0.9666468851376111 14.470615702691591
43.689814364394522 1.2462990389395983 19.396357733545393
65.599229257112796 8.9097999832501493 4.1508839296835163
67.858716573081352 9.3824296042719197 8.8259105972576712
66.093386225187416 8.2345331106564963 20.484568298617233
66.941539149978567 8.5768891114087999 18.99596580974427
72.072189042228018 9.8471860610293955 25.73598027273394
76.844097350503489 11.528238699419679 22.180916067570109
68.222759683892235 9.409995821539372 10.534483423360895
71.748641908493809 9.6368012903965727 27.872761803150304
71.891516154676538 9.6267227172943883 28.954248422616729
58.012045008211288 5.4078321111796175 26.107897599693921
56.36572892345167 4.8776697485929761 26.355050537958718
94.227768766401141 17.95463042696781 3.2825592097000271
82.298177980475117 12.911995914043947 28.68937936514974
80.95366889360136 12.342721722365324 31.571514931518514
78.294704802819169 11.425903252923836 33.161433346571961
82.216310697458653 12.996516231107066 26.521216436597236
89.21126446289027 14.692675684572592 36.412736007376914
37.520222416904957 -1.2086490792949229 29.528542663119801
75.217517274851019 10.470563818537638 32.923234267961142
74.280917110390845 10.201027735898995 32.433074066106528
54.69965978306918 4.3524068117664809 26.383739497003837
53.04011130324249 3.8403265302981708 26.193514133824131
94.231770829344526 17.969294346661485 3.1879513511809421
42.323821862084579 2.1361965967883485 -6.2599304275233836
94.215317450379061 17.994423744593377 3.0941213269568077
42.329018835853773 2.1868105082644851 -6.3736864989606978
94.178886423579485 18.02927705936299 3.0038295152222805
42.324880009330442 2.2602074108081736 -6.4743095018610397
42.311612912943104 2.3527068916550435 -6.5567537609562381
93.827181383706147 18.262826748769562 2.7139028644027228
42.260779364190782 2.5757349973710055 -6.6516884941434054
93.725651817184684 18.320748640485672 2.6839047163302876
42.225761912762501 2.6950800844447569 -6.6594185524014575
81.458286026495614 38.932634863447788 38.373137877817349
36.08242807939726 -1.8979185346466805 34.362580987513994
35.821658096154017 -1.8481246099257618 34.20801355915772
35.682850207609533 -1.7326788267041682 34.052007473199033
35.615923248652258 -1.6261977464185122 33.934659365528994
35.58440184278939 -1.5436133097453073 33.852505247570228
35.565083363050455 -1.4550222357389213 33.770671883606013
37.277558997946358 -1.5421768693397757 34.58689373128157
80.549715968173388 37.952854210225546 45.027706278307669
28.004503143970908 24.103413327478069 35.707818324973253
36.17329758349549 -1.8791610036794264 34.386509677388432
58.718212951170443 7.1043459503931405 -0.79743848636749082
58.530417263013405 7.4622870936521837 -0.79063170313452336
58.40602527014569 7.6220531780087262 -0.79373652299801734
60.381587467674862 7.4889600078177665 -0.16662581572471868
58.813082717320391 7.0271377869731246 -0.78227508410292224
58.63498885318208 7.2888753348210065 -0.79187158414244152
59.933707110898794 8.1860322156584058 -0.19915567968756154
58.263624245115622 7.7658431514750283 -0.80114122145551647
58.105291869180903 7.8915604277471552 -0.81273762741709454
59.440664952418715 8.8192787743597663 -0.21146248073653329
61.602901973912978 8.148710060765147 0.55781638254632071
60.120474291097437 7.8300514227204863 -0.20592518393361381
59.705996887655793 8.5173852986668379 -0.20101050088880523
57.558753192350764 8.1434186689844914 -0.87069576786603964
59.141579460470275 9.0873102441995606 -0.23035936550552272
61.867006360014514 7.9144998428237798 0.64882422781055382
62.763714534514421 8.9702588696514454 1.5151347574092551
57.933336541794972 7.9973717970040283 -0.82835670319977073
57.750267951995653 8.0817347806429076 -0.84777030723606384
60.265552628532973 10.094756974908158 0.54692293672839032
57.161641484176343 8.1954953213456356 -0.92569821838184385
61.358063940172983 8.6915732186426418 0.57419311381774474
62.401034318722779 9.6615321750403265 1.5282803369256897
61.958848467072698 10.304981450200458 1.524678641290814
61.050429003129999 9.2017312389174215 0.57784115918610901
57.700935952385301 9.7511933937312136 -0.38313360516720518
57.361586465944043 8.1815241650278097 -0.89679853614523797
58.813102191155352 9.3175714189073471 -0.2574255085500452
58.460022675530723 9.5067042202357293 -0.29226632085315973
61.443603997685742 10.891223481057681 1.50438200570688
60.684478530842675 9.6717433892816729 0.56870647336522229
57.305998932465819 9.8029848820851537 -0.43783484567242059
63.718209514269162 9.8906752647867933 2.6334910922609573
64.496561252480731 8.6305659799812169 2.8247365360664531
64.110430224571644 9.0210267906016526 2.6072558841383309
63.245913688037845 8.2970463787222783 1.6512143295389539
58.7553207762993 11.024074590646606 0.40974610818521651
56.765079384714596 8.1505749511677745 -0.99016765077076929
56.574245001942515 8.0923385965880303 -1.0247972835204386
56.908435990636526 9.8065693098215263 -0.49768010335570256
57.186227583155521 6.5363161763788176 -1.1884150077716438
58.19190578699434 11.205540751716828 0.34230187667781564
58.087489793589441 9.651950984099102 -0.33437368550066271
60.862814338311679 11.411709112548436 1.4676863593443752
59.799758619983649 10.464603171956913 0.51280793339111597
59.293889528324314 10.775888950305319 0.466859058330928
56.961834655548699 8.1851285351717813 -0.95697326437185648
56.392114241910797 8.0112686702041493 -1.0603571955465334
64.962333354622842 9.8906740391467736 3.8747436407130778
60.224949481386531 11.858849478527766 1.4151270212782183
59.539310068740392 12.226123610845733 1.3474702297008303
56.514045951648924 9.7618951536306131 -0.56179640483108528
56.12857987313761 9.6696137377681577 -0.62924880804233752
62.639149785382898 11.460874092727824 2.6247018164845013
61.968044761309088 12.138527370601059 2.5898053254402136
63.225387834276319 10.707930211662953 2.639334905662361
64.444816240065379 10.87706505279038 3.8935010417462124
63.813853363744123 11.795215792504555 3.8883618652843239
66.53652544318669 9.1303439215630462 5.6087420962881929
55.923639500958245 7.6444359420413219 -1.1674105726845578
55.801047332267331 7.4868969871818472 -1.2014843142653673
63.078640305757979 12.63173573533378 3.8594000737241831
56.22134323314431 7.9085473324016533 -1.0963288072484527
57.611862602149792 11.31764226640062 0.26551028328913429
57.02364855042039 11.358744158726633 0.18049094196496185
55.295597379814225 11.055269681390198 -0.11104677615713587
55.857009599980422 11.226594159946291 -0.0091704857155319175
58.815895858999554 12.5081760210614 1.2657028332929485
66.095070253733567 9.6706005685823566 5.2317732754149908
55.698433498171639 7.3153531575471984 -1.2339118788843857
56.435839652096654 11.328246082345744 0.08848330700476037
55.080791448597019 9.1239250074353393 -0.84163062313578685
56.064421997564864 7.7856723859540242 -1.1321876128062387
54.784718032726971 8.8612599428820538 -0.91232312599054488
55.757658255407875 9.5310705955075647 -0.69905378872966928
54.759791153379808 10.816771403379235 -0.21565970505675303
55.406689509931319 9.3482858534085214 -0.77019351710484862
55.617295005480038 7.1323059084982621 -1.2642203027125296
58.646134380973656 13.917964404441712 2.2620094699028073
61.221857893058086 12.731007948245985 2.5351540986497341
60.411472328829348 13.229676325685819 2.4615454062881756
55.760451002481553 12.721674639567979 0.82407435874293178
58.065252401281548 12.700892944878575 1.171016581794305
55.011920235946228 12.542474883298945 0.69308956705486402
67.293666091949291 9.2887191003712317 7.1753188909981453
59.54870480499244 13.627261106181008 2.3700525822526171
61.33971712306915 14.012460328842025 3.732040219309118
57.298330560110315 12.801465604952558 1.0647930843255207
56.526310481407727 12.808427104414331 0.9485807871640155
60.361365442636313 14.536530946162793 3.6354995096337248
59.329111626481222 14.938997208352733 3.5188240387462884
54.116067112484082 7.8841913521628104 -1.1097698158176197
65.578260818963415 10.816493242196138 5.2663421608859338
64.928894162639878 11.893349836225099 5.2740422963040654
53.795759100932543 10.153093439393306 -0.42697636855135102
54.522784664829388 8.5641206422332914 -0.98124050099093107
62.249900692397325 13.374427167279967 3.8070384455646185
53.97721300020423 7.511316065419984 -1.167507647203383
53.610092561749397 11.91849365356517 0.41939126634067492
67.441482502692267 10.059680732132312 8.2788418985729244
62.288942030512331 14.559058709665655 5.1367683675203519
61.221137754100795 15.216129865100291 5.0397779893527961
55.512896598105868 6.5414393887438909 -1.3382040584007706
53.884273992559322 7.1236516582099272 -1.2197492242387566
55.558815140148397 6.9404246927084996 -1.2919675840971374
55.523845336960811 6.7425069971087979 -1.3167493635293077
54.257402225223771 10.514577088259742 -0.32148408446983723
58.258006214817328 15.213989671962183 3.3837148310995051
57.716924497042477 14.097546651183345 2.1389918281592681
65.16320594104738 12.901481315322895 6.7526703952243299
64.156437135867279 12.885466484844855 5.2547609505989552
63.272155595221506 13.778376855649512 5.2087796404209925
54.298813061787747 8.236840398913742 -1.0473774209866225
54.291633215381978 12.273439933536375 0.55753632820264531
66.588552591142914 10.537804889670063 6.735768948384294
66.830120155737703 11.415222794635577 8.3197355835982219
52.977237735109206 11.482810704963697 0.28066888493666919
53.838607820229917 6.7268518254822602 -1.265732306534586
56.774625477399866 14.16338991236084 2.0027936612513582
55.832976821523189 14.114533987508452 1.8554008362692294
65.946279501318969 11.761989671379958 6.7590489218008489
53.148003953581885 13.2951688935297 1.3681740430205291
53.381590800946462 9.7375913963728493 -0.53059869269192816
52.480362203633661 8.2309649835946139 -0.81540140795266414
52.308319815034864 7.6664721717765065 -0.89703095686409284
53.020938824490926 9.274130498862867 -0.63083965080052451
52.719062688077159 8.7694688198912125 -0.72623746632607489
53.860609844325005 5.49897288095113 -1.3499506285029543
55.5633480255824 6.1415853105708305 -1.3699339254017264
55.526129073554046 6.3401539470124204 -1.356018730347845
54.006348410232569 13.677235022483838 1.5357605643916656
53.901144866567584 14.987939117798618 2.7017510577563382
54.905709853412098 13.951690448909314 1.6989625829907844
60.084309833437196 15.740006796299502 4.9192220581063424
52.205443954857074 7.0842219118194283 -0.96993582564240999
64.250751826443803 13.939663754108926 6.7167265525377129
63.222225008029177 14.861398616311893 6.6517419368802955
65.148163040142862 13.862728809055447 8.3060353470828403
64.10209513095343 14.919002670150645 8.251641232353208
57.163668386818578 15.357498329422095 3.232142090979794
52.873352861020777 14.604048163243203 2.5083274615634057
66.818159293177871 12.264875816416293 9.9583874836810065
67.547865497696392 10.87404359396114 9.9319385620830563
66.061946049820762 12.689097362360684 8.3288442726665739
58.895040238870799 16.123052273846611 4.7768594303442757
53.840878524492439 6.3267020425661711 -1.3047867158197599
56.062059025429143 15.367431932575087 3.0663166813590035
50.940175907186472 11.566360235751461 0.86365290514177318
52.402296306833364 10.972745667143581 0.14339206791169445
62.092622911319509 15.653244708197787 6.5586640253570199
51.10385439303117 9.0753923257596973 -0.24002635620202639
58.267992527250769 17.144431176898348 6.1263665433631918
59.597311952896064 16.80314499642904 6.2940467999015155
53.891053642600845 5.9290378608954875 -1.3363428066231968
52.173234307667187 6.4927044354202899 -1.0330529977559948
51.458724688551925 9.7601956759694168 -0.11886775433261931
51.893653296459483 10.395736079667047 0.0095627485620068953
54.969238202153093 15.243643188582245 2.8886558834888891
60.878417139953974 16.303654977127575 6.4388500068443495
52.343195521953731 12.811063762157168 1.1986472087943731
51.900849411686167 14.0975681112531 2.3112055812255399
50.997815521047734 13.475883556645954 2.1132597531719348
57.670665163980047 16.359679257156515 4.6147650245489196
52.212160302036125 5.900545315359401 -1.0854621304409351
52.321656603789371 5.3163803282259572 -1.1263985579595648
49.878827572906701 10.015460806667019 0.55024611901056542
68.38005782020501 9.3709839577461835 12.27409573594541
68.071419007561474 10.165655440528884 11.571378241832209
50.653740332608116 7.5985132412209087 -0.4535933376928929
51.603658514896452 12.23197965950688 1.029652133773018
56.42904382410773 16.446437734987228 4.4353033632693322
63.723282938424909 15.786206134444882 9.8364732407632847
62.93899689278112 15.842516178016803 8.1664552079084132
64.891822577207833 14.738995906364396 9.9103041705510559
49.496438228964969 9.1527968982488943 0.40740871595179495
50.834215657142821 8.3513118180418715 -0.35214654643486654
52.781422944817933 15.805855614330378 3.8199170992777294
65.928486666536656 13.559485712516027 9.9511406865512075
50.565061358310061 6.8279737095958826 -0.54288726309663016
50.569470631219723 6.050929472689873 -0.61872639949616559
61.675829400763078 16.61980278558751 8.0517195864472999
55.188280395056687 16.382062326436696 4.2410911563746279
51.650425355071107 15.302425745399798 3.599096674161256
50.589969232073557 14.664544905090814 3.3757196248317278
49.220832330566346 8.248498895456347 0.2766410064827296
50.362424506889447 10.823911579024873 0.70307041458540631
50.666904818591959 5.278711834641868 -0.68000467092610783
53.966467812156559 16.167492191999202 4.0349604680444067
52.860807820358978 16.863885592628581 5.2799994224659095
54.186389546573444 17.181233296580896 5.5119619721690718
62.439907206091604 16.685845430970318 9.7307244173893377
61.060412642464506 17.424795856321822 9.5946002548689879
49.615517499681154 13.901514073524107 3.153043078497987
56.909839887977981 17.322535529329343 5.9382537463581357
55.542660901456905 17.334863434077633 5.7324520615728822
64.409632346159228 15.494117636532106 11.541551476295416
67.401032328585885 11.652067160770995 11.616219840745808
67.009789066971337 12.356498652932396 13.30558405326717
67.784519828149371 10.879849032012235 13.277503187837864
51.585241809562653 16.387448865670571 5.0399464498514792
58.924155252250287 17.692653282226061 7.7406981419977363
60.331012286056378 17.239528063408699 7.9091074578358533
49.056027663552761 7.3157535714870461 0.15984970838883417
49.004429315298069 6.3681630756528236 0.058738245317991655
54.539219342290203 17.999050970558695 7.1069075468358331
63.13424394494276 16.506791390844626 11.448141306260093
50.177420834628862 12.748061737085866 1.9173768470660555
48.741280513549896 13.024459959968118 2.9343142599794216
48.324647974650894 10.040690824850598 1.3702694614704747
47.939895663976351 9.0074859758262313 1.2102830203538364
50.37829444119086 15.758869255298055 4.7953037798750202
66.558696120789847 13.048927404599157 11.62620806650831
57.475775628007852 17.972573674320387 7.5489480343409028
53.093868222059101 17.745223928997667 6.8630639209467557
49.066789347787974 5.4195454425939449 -0.025219001047155132
49.45162784162072 11.924715192214034 1.7264130958552126
48.83102028076226 11.01785019524322 1.5431531901053361
61.749125119899809 17.359120431509837 11.322328642600683
64.964592327958059 14.98327752001032 13.254533783586245
66.065220030965975 13.730988819084846 13.297889861962846
65.556692562435558 14.335866326348825 11.601197072793925
56.00699062864291 18.07520464006523 7.3366524964157414
50.613694617045532 4.4421100812840368 -0.64108279683529368
49.242196816560003 4.4837327236435884 -0.090798078028218043
67.948267887843954 9.9823652312012605 14.918029602112663
68.328128412802485 9.2660088352952137 14.017309383852185
47.682371989626908 7.9333028437413056 1.065526612568183
47.555834034078678 6.8338049361729922 0.93811133681549741
67.257817814989352 11.513261997877642 14.964213183193051
51.692010113190037 17.317423106563623 6.6086766833216437
50.354089413271247 16.721887458573864 6.3474557628002852
58.094632058440176 18.380026759901636 9.2395785730095294
60.274473177620493 18.038676789775948 11.16594807872101
58.731792281332076 18.53554949603955 10.981279910121303
59.60491156365002 17.992280544140897 9.4300850429443823
65.358281052237757 14.277381468453971 14.94874083203243
49.257563586986279 14.987313387840462 4.5496385809304236
47.980005138742342 12.046172541162104 2.7227225584956454
62.361388725683597 17.050252274732259 13.063873648908322
46.258631881278589 7.4236470901171607 2.006947773600535
64.17689184856647 15.470296534203039 14.887310158698801
63.723949796589082 16.095102874455545 13.176147102285308
56.551593821458937 18.5823764671701 9.0258579396337328
68.067791585158233 9.0967262237045183 15.73663515434218
67.603153217194233 8.8658059491464449 17.404956848665243
67.284760854577428 10.554883467294864 16.578029241224471
47.342793689818031 10.980917351679434 2.52135363029128
62.863334745092303 16.513277800660539 14.791104599833249
46.190643019348315 6.1750540976194532 1.8737181721221372
47.562125989109575 5.7250252503565342 0.8298950252387387
47.946880875209374 15.064669524574976 5.819793565390837
48.23939384608191 14.084033882391784 4.3065336375839465
54.998301713014349 18.596382351918336 8.7920405944456128
53.457402885957208 18.421838416136577 8.5415354411839921
46.47578563395075 8.6526791563760224 2.1608376771476188
45.939966398815351 10.723987105858473 3.6275330895463114
46.838938527589399 9.8442276127499948 2.3331438868818744
49.099614991165438 15.967301593473998 6.0832102282289462
57.143577113622399 18.842493004857015 10.771016848984518
66.390273083005127 12.95192756701713 14.974500483999487
47.701157178434343 4.6231328253576214 0.74245593067985372
46.568412111533007 11.936713785673842 3.8420945816335657
47.338631500982949 13.062200355808246 4.069533607473705
46.272810927786672 4.9251071677757015 1.7630916979068942
46.503937438529768 3.6920334955423595 1.6766815530245154
45.258346470622229 11.609728901949495 5.0725321031111807
51.951369866649841 18.06129078129598 8.2779959121548323
61.43676112454559 17.391115209536714 14.661526456196141
59.917976511867181 18.091008311032802 14.500465742376266
60.89677551204349 17.834797943951578 12.919350241982082
46.700844949677538 14.90301901929706 7.1720126686220844
56.109752216761642 19.063803457680763 12.315515172823856
55.532990299457516 18.955032704282637 10.538225568536911
44.662306607590679 10.265073578148803 4.8498879139972342
57.747999165386219 18.848968069458682 12.5424227924376
59.351466411812609 18.437297939828248 12.74468404360775
50.50216166363677 17.519996341392229 8.0052645830238589
49.334333391189134 17.471060630971404 9.4535274995258387
66.408801843818168 11.006874664260632 18.169143828350613
66.510030093399394 12.031533088215028 16.606110106653773
53.923513994868884 18.871527071998294 10.28630006712517
52.338622561039188 18.593194146070264 10.018914711465944
63.224190823017153 15.770137309738175 16.476673155671911
61.861629752111661 16.725286710014885 16.364399702294925
46.912695069720527 14.027152107599044 5.56104660925965
46.012139916541429 12.869880852145391 5.3107429265452843
44.232712854253883 8.8555230458926459 4.6460571588233694
45.462459697790564 9.4417044561911148 3.4289780854184446
45.142854591751245 8.1085642296490565 3.2493248493229956
49.130912645588481 16.805848878733759 7.7273187887998329
47.857617498041805 15.929261863167536 7.4482113811839401
47.958746600092859 16.643623537117989 9.1637705366113149
65.565461057394032 13.406023254367476 16.598415915349449
45.166168301607549 4.0004003124302958 2.8483704104859804
44.993620725460552 5.3679298162614337 2.9568888078987481
50.801422720183368 18.124091494380274 9.7399677775936251
60.397016538471561 17.509832379234204 16.219876295368685
44.802393312799062 12.463384999990259 6.6443497264001596
66.07763229992787 9.9180324232876771 19.641705130367455
44.985811345068484 6.744006498060795 3.0911930736116418
56.693379283839931 18.918882166193704 14.093715156472788
55.034591270796938 19.034789664152619 13.853956937194189
64.46483335438613 14.65831195529295 16.555059836972845
44.088398167772141 11.085570617257288 6.4005801888293288
65.347926095409363 11.308864645742831 19.668154051965402
52.824644593918741 18.893359843961655 11.801309167054383
54.460618996739768 19.078673122468381 12.067270807212521
63.417401861391511 14.848925140021741 18.094475463900217
49.687057229832824 17.935871745613763 11.231948989082317
48.231198348243176 17.177659560643384 10.936853184522937
58.329125905937275 18.602751221811104 14.31027075108287
64.564462077667827 13.69067382983846 18.15412106039873
65.566465636022116 12.403734908088794 18.179132054113111
45.154272002452323 2.532506799171232 3.157808652630008
51.225684193376239 18.510565664756143 11.521508395833154
45.560691938638534 14.516164421817424 8.5911950566948665
44.573192834326427 13.247164295299932 8.3167258154704626
45.677462535014655 13.742082816451395 6.9027498845970392
62.142013460175043 15.861598894334264 18.001065293864897
60.756894635132085 16.713927934999468 17.87525263020548
43.545888342446027 9.6287313171827797 6.1749959191505983
65.072066041843385 7.8441357051020155 21.84728924737253
43.182775604976307 8.1141113404990364 5.9708865819942485
43.975829267213115 7.4016313958411741 4.464012057780371
46.694722479387373 15.653847465241286 8.8749224797093298
43.093041305421004 10.390877863282707 7.8113779663055301
43.746625224557143 11.8653516881743 8.0555171231259024
57.24824019181429 18.524002504741311 15.842948845824205
57.739561796564352 17.890356999529189 17.534203897726101
58.851707438240666 18.112332375110881 16.045210096994353
43.895401292192432 5.9245995734335386 4.3064071565909714
51.744622889971687 18.662122396380468 13.319104243516078
53.960860023167832 18.753707557751014 15.367796860599123
53.376947230609886 18.948785202170868 13.594491943197573
47.233667724989132 16.654205290079318 12.43836759959448
48.650422366249636 17.506405826229958 12.736796291830254
64.458253468768149 12.603474541842566 19.660907254835607
63.421589379439311 13.782984735690937 19.620070738835459
55.609993243189706 18.738837892963389 15.616041226210458
44.56466200212116 13.92485331535724 10.061406539781883
43.635599335854984 12.567256730162423 9.7870625319488607
43.992602252426401 4.445966149060733 4.1755407775174422
43.013226479681997 5.0003960725880967 5.6386413824425894
43.209262788370651 3.4467054132484214 5.5153504126052777
63.893691452097457 7.4118554385444311 23.062640682683785
64.233290175236618 9.0063082652629269 22.290477072383858
64.903323707485455 10.162333844135137 21.044753468872806
60.969674008323089 15.729834260296858 19.44049098567374
59.590179444695991 16.468784685648359 19.304366823153394
59.282242692852769 17.39348429326558 17.718872066325808
46.879338266797539 16.2469857967358 10.64052432174409
45.651189449463757 15.157421034449106 10.347283364102241
42.621972619132634 8.8452430527452641 7.5878684771325702
42.340288128126389 7.250986017762302 7.3882478775320131
43.004354395899966 6.5637972209918827 5.7912284626353721
54.540759814689793 18.309840207772275 17.091149556141708
62.253049740656394 14.830194963771421 19.546239809047684
63.591017085412666 10.230493046972821 22.313757045800408
50.161418903419943 18.178980797924332 13.03180919832718
58.134678365881513 17.036269373467434 19.139851611228778
64.135149601568514 11.436208411860244 21.053862157941154
63.221366591890607 12.609839858555009 21.031053232357422
56.624398860671661 17.424015589228176 18.949345141293932
43.284799736419444 1.7997535952681851 6.009133316308219
42.62318616933581 1.5108369101543324 7.6001423681433646
52.324885620346805 18.568394279244281 15.101835220440988
50.725925219804303 18.185600100038776 14.822034449219755
46.379579293225611 15.922020232018429 13.941050375130695
45.931813089664601 15.634807380436213 12.140874794572975
62.80794352514107 11.369984690915761 22.307378519223896
61.8954894105375 12.408167129701791 22.271434676537275
55.081360623690422 17.626365296496637 18.735624507918132
56.151346628854675 18.19730050834665 17.323940836589323
62.576840513859111 6.9445080791809435 24.111451559461827
42.877549237320878 11.104427583516713 9.5282518378148833
43.746791607625347 13.156096455118458 11.565972564437088
51.346392076271471 17.948001649559899 16.571838699070746
49.187298256260888 17.610906180896393 14.532475042468922
44.763844494287881 14.463075096433105 11.848656095445078
60.866962592122874 13.329901991904757 22.206450060879853
61.012200444528872 14.589627227516367 20.891473093182995
62.175298682701182 13.666113719650207 20.97665911762779
42.301565507053724 9.5576982972157793 9.288748564386994
42.222341753075632 10.214328055337376 11.04550070750034
62.828877029634029 9.0287213301914306 23.423920728375649
62.179510373310492 10.105577924220389 23.431620863793775
47.73143937467124 16.85269399592601 14.237379237909542
42.358680570310185 4.009967999597249 7.0719263440498974
42.252095360397021 5.631355162383624 7.2154271291414851
52.931283510101167 18.226334575487929 16.839224054729968
56.99735880399804 16.439764331725623 20.465716027272315
55.548979179755598 16.719684723819949 20.273965919615478
41.944169387788314 2.9942270133270337 8.5884013977206273
44.064903028549224 13.599887750639869 13.361932593168488
58.404215837804131 15.986639112908259 20.634125343110433
59.749032952510824 15.366913835087074 20.77673747172188
61.142282657691439 6.449464498232242 24.977182970978866
41.916047710835286 7.9496224869289636 9.07204515700254
60.522771805892127 11.990604943644803 23.366358207910707
61.407053346537907 11.097694572840146 23.412339518088672
46.966516115325142 15.998431040607626 15.716694524216114
45.702491994619649 15.008654968730923 15.427846467314131
45.151430475891821 14.832455469731736 13.647809417488846
42.895485985494474 11.732930045660931 11.29694644996748
49.809192235415651 17.478898997869905 16.292891765198426
49.031928465868255 16.563985170718773 17.71503115130826
48.342102906421417 16.825868134461039 16.00645148713064
61.858920780749465 7.8726968282291336 24.370411745014465
41.447060427370047 6.9804661929325782 10.609707284684424
41.356228517937055 5.3123634870073397 10.431714446524401
41.726617321640227 6.3036506383721314 8.8813017124850653
41.736037216045773 4.643783821513118 8.719299694598158
44.56846145387081 13.870971925307058 15.14411904429967
53.528068515245835 17.640371181244873 18.501807162730017
52.612422894037955 16.746162020058257 19.83192543211041
51.987169688188693 17.465827245463117 18.251302009468397
54.080194180390663 16.822315689564793 20.06167038169032
41.737174969926649 8.622435630781343 10.815302047655406
61.341403666191994 8.8590878418727392 24.3891691460476
60.710440789870738 9.7772385815869143 24.384029969585711
41.466003688849838 3.6424516602110284 10.283919002648569
59.737360495413206 14.121748083790651 22.113372149356579
41.416288737263351 7.6246569222115932 12.372571210389141
55.912730111344459 15.612934552491211 21.681074667362751
54.554577472071671 15.791038904922209 21.492961870357696
58.471753964771423 13.428357953095581 23.197356556842507
58.523154724047671 14.772158352720441 21.993558130843908
57.242049536989754 15.271648372021906 21.848754923901076
43.135840362283048 12.242291165445053 13.087588585335462
42.754394739789426 11.220159191663935 14.608441110730704
42.377790263748942 10.779462018799343 12.828777891201485
50.481136668881319 17.105279610622517 17.98776248043923
53.187398485550602 15.803366809670496 21.287160185572439
60.30602274996788 7.6719193095769107 25.168376727438698
56.14565644954142 14.335280361841901 22.934437997833989
49.765213664937789 16.064534156063186 19.333694568596222
48.427292965018999 15.468998508073424 19.072473648074862
41.226858348068298 5.9786850736547601 12.181827765871668
43.58096234955871 12.601971798789567 14.869649803075264
59.539558241182952 12.771286797660945 23.294346935010061
59.975227731884594 10.613758524416138 24.355068178025569
42.10081082065328 9.7456853667723422 14.36430195391033
41.801806533481788 9.232732732498409 12.589274617773595
41.629742134364911 8.2000505562349009 14.140792464737372
47.660679447819959 15.849837708060297 17.437085357084236
41.898210473595526 1.1106338713817716 10.987789742200301
41.444410414216385 2.6692614486096629 11.88892745110723
41.846281566325047 1.0056589015545936 12.731003480863199
51.167071773806853 16.49233497849723 19.588081806221339
59.612644427514269 5.9345327282367943 25.64618087835008
58.236304549195765 11.994483117924382 24.227708323610507
57.257952868762928 12.518553735245153 24.131167613935119
59.146488118523941 11.356449956362326 24.302706549866009
59.226963021081616 9.2421181375179398 25.15958745166224
58.555857997007806 9.9197714153911747 25.124690960617954
41.348057643358665 6.6057935212519387 13.941171865136814
46.387384300273283 14.973250692494075 17.157977949468346
45.230611751909024 13.947007848623599 16.881779236906489
53.679660034778351 14.658665822982519 22.592881930759042
54.921281374650661 14.571907345151805 22.772343592038631
42.618164970003626 10.129559446583826 16.110346757113732
57.334926044107817 13.952234884294793 23.07680062559605
52.438896605727308 14.594290414431983 22.398669723864337
51.831127130667134 15.649736672173761 21.066670096168636
41.259864875629304 4.9861626658732607 13.76835111674629
46.020084426957126 13.811780574074536 18.544811450665421
44.98589862146828 12.774263157098604 18.28606449453423
58.729830547327282 7.274351814401216 25.773775336602654
58.287644695677194 7.9178010895613484 25.770173640967784
59.813201069975037 8.4891742564530688 25.174220540840096
47.172818542913184 14.71441264297356 18.808228113503525
41.236278242473844 4.3188182567957476 12.019825747984763
44.20722933724614 12.786071645777934 16.612516452881444
43.332160115030547 11.507373829316798 16.354116294684566
48.02303202528455 14.227372630890919 20.350011903874581
46.902301171079969 13.455816763433326 20.104346704929988
57.772400226290245 8.5040431204185705 25.749877005383844
56.999285564528059 11.010920370475935 24.996431041465911
56.136518040691158 11.408505150971123 24.904938217430356
59.092510763118923 6.5830785090123349 25.760629757086221
44.085343468289182 11.616991901644951 18.035760811819863
50.032039155488562 14.018083702325669 21.977495666767446
49.22997939365635 14.855952241263433 20.594654573851045
51.21708402282718 14.379720279994494 22.192539035534118
50.505545404452675 15.332388968221444 20.834707546465474
57.80967112875679 10.512251993036102 25.070039733827471
41.534121198131452 5.6077860503184205 15.500995030919773
54.060255812945194 13.339521118504452 23.727810195281187
56.225699052607837 12.921019997435092 24.014492143047676
55.233947616672367 11.699208449231827 24.796895105080544
57.481377999695944 6.170779190923831 26.176740789733252
57.17374306265296 6.6809372111986107 26.18038883510161
41.542993281913482 4.0443849019146345 15.348407950726989
41.366450085542468 3.3647755030868853 13.6248503316547
45.8841314301756 12.552537257984648 19.861241761583507
52.958646451555765 13.349454721657446 23.561984785660393
51.865825628279708 13.225665977664605 23.384323987790282
42.075655144677505 8.6727201465093167 15.884762487435003
41.712542407207792 7.1581001698255751 15.680653150278649
47.840585442744178 12.876772993086105 21.533298192321439
55.154593640943943 13.196012461044543 23.879382935400891
56.094836722368633 5.212402405796686 26.380334152476038
41.739029590602136 2.4906942425749596 15.225116980889679
42.367623063514721 0.9942133313407524 16.179188664929001
44.983369085076639 11.530703731401111 19.624241731473262
50.797732292694207 12.969961906880977 23.197419162057727
54.304737732741188 11.878790695973461 24.673877463337007
57.191610566916182 9.024528751909326 25.713181359021341
55.868106297344887 9.8389432502066221 25.592965229377796
55.144692087604049 10.120995660422288 25.511197832969913
43.331550022369981 10.356839951449055 17.797549988385761
42.735510159338432 9.012184627648363 17.574905799271811
48.901041565741735 13.514653833395087 21.756675241650967
53.36243871309857 11.944633957150955 24.53767929642909
56.388866688055927 7.5739629471893481 26.149470612643896
56.553745709991034 9.4716691178886556 25.660622020955188
46.866133710351775 12.113742161519397 21.310621645987702
56.807792590365636 7.1509493615628603 26.171254149280728
51.493523089110809 11.73293449369943 24.233848218168518
55.417203587847268 8.2550949225865065 26.069406734246428
42.065805804174154 3.1930771985602937 16.900558662792022
55.41502738368991 6.2016297574359651 26.374796855673118
55.680359318926989 5.8997362817430377 26.385248835520848
42.305916406001636 7.602634095392208 17.37107504409795
42.787592175844942 6.5770676052419201 18.804032973322556
43.107197281884261 7.9102078317839775 18.983686209418011
48.797436837812782 12.079590900335457 22.806873685526931
47.894402947174349 11.457906345728313 22.608927857473319
54.519102390977679 4.6125424639109571 26.390412716214406
54.60232648896605 4.4280130794830912 26.384845813989358
44.213149695626704 10.405217161266705 19.396802705633128
50.59416164593128 11.458479067273954 24.070646199569403
49.769940287147392 12.586070952325562 23.003995565864791
55.115941891741471 6.4696612272757594 26.355899970904126
55.923072679506603 7.9438091442380996 26.115355609306619
52.85510671001223 10.421246743775219 25.194075786840983
52.420790057221907 11.895778032298567 24.390286471446963
42.049032818960868 6.1487424453407353 17.189029943054948
47.074008260755484 10.730084526168223 22.413044951367446
45.991896724220517 11.236688047963408 21.091892827469131
49.735817189280596 11.076412938319816 23.903059678198268
55.908069542169983 5.5683831987346055 26.38710365672209
43.584703982909041 9.1924904814513368 19.182241213545872
54.394048629886043 10.313712584239465 25.416511581471269
41.968604843940184 4.6717106229330998 17.031425041865553
42.638358309554249 3.8364331918542973 18.51159693189831
42.630548929162181 5.2125098736536577 18.645901197611202
52.089247231086055 10.334494278928869 25.069569358419898
45.230621349412971 10.258400629157395 20.880301125985355
48.931008757652442 10.592307806947286 23.733532843972107
54.290138807941297 4.9457203070986768 26.388547777358831
54.414530800809018 4.7859542227421343 26.391652597222325
53.627126788714818 10.414285244313447 25.310288084002487
54.878634835822254 8.5032805629277952 26.01229378410072
54.787464622426548 6.6999224019835468 26.328833827859604
42.932671952346425 1.0879234039020158 17.82977900900439
42.810905885701239 2.4689036880231594 18.403078534485545
43.726401844621371 6.8649072443713139 20.318416244637334
43.50924809194921 5.6358751781124523 20.164526341090244
48.191471750595163 10.013223704296996 23.56453776895075
54.147737782911229 5.0895102805649781 26.381143078901331
44.593409900488652 9.1931454396747263 20.678932197780995
44.08955473826002 8.0564557007452873 20.490722454371586
50.620429443986474 9.8862595728972629 24.803031327879609
54.315219846517294 8.6847467239980176 25.944849552593318
53.735176661672753 8.7968482386818092 25.868057959204634
54.061852224860644 7.0343019671753027 26.251885650908989
53.675298383656497 7.1335443768074143 26.203125731242444
45.221235400777509 8.0227136139329573 21.865937565771866
53.989405406976509 5.2152275568371058 26.369546672939755
53.817450079590579 5.321038926093979 26.353927597157075
46.348215267747335 9.9067379812963932 22.222081200156602
45.727607706888875 8.9998729843255809 22.038821294406723
52.559153711619615 8.8074520546269355 25.691030982920267
51.980323659503384 8.7058001322274805 25.593377190199973
51.340716464550731 10.155294522659833 24.938584566731826
53.280361363737015 7.1853358651613544 26.148424490737227
53.146962609943351 8.8379501310078226 25.783038617880464
44.836483090102973 6.9895087649085905 21.705951124655222
44.578959415753523 5.9153256328236647 21.561194716869572
54.434385106801926 6.8890552033119299 26.293993015556488
43.754553649200389 1.9042615835376506 19.83426012051423
52.882798421907722 7.1889202928977269 26.088579233053949
43.441259230018936 4.3872821856147457 20.031296739611847
46.466640808605412 7.796704851457136 23.085131754188296
46.08425146466368 6.9340409430390118 22.942294351129533
53.634381489791259 5.4054019097328574 26.334513993120787
44.452421460205301 4.8158277252553523 21.433779441116883
44.45871341523619 3.7070480394388938 21.325563129540129
47.527989142885183 9.347604280541578 23.398538540319507
46.950237742588158 8.6051556238149907 23.237956049763142
48.731092535437867 8.5855653065044706 24.388887067588662
53.24570000373965 5.5051912941177594 26.285485764211607
53.44286673014637 5.4670857980744403 26.311588532490809
49.9388887903539 9.5313132929260593 24.664886266017639
49.306033963713702 9.0956303443245865 24.526163884613638
52.102942304408806 7.0519647208443583 25.957010528367313
44.597744604560958 2.6051556144399814 21.23812403498124
44.627109550204331 1.466842672004915 20.854215718637818
43.523427138457293 3.137335255770993 19.920670265396609
53.045755021971942 5.5191624504355845 26.256586081975009
51.732020686679064 6.9134215785837654 25.887205547679983
51.41891143933718 8.5344756536713877 25.491500899758364
45.592242550996779 4.149407120442941 22.593623880495727
49.919073160455504 7.6322994116744942 25.175571307364152
49.504904860469424 7.2167973686540376 25.071948983223578
50.88310521290277 8.2959773756604243 25.386887970858751
51.381051941202514 6.7306368364847211 25.816065819304804
47.432650621635673 6.6882119651205869 24.005468643474941
47.163011885747324 5.9641314574027611 23.893348453242098
48.222449525063979 8.0085557190279371 24.255057748238968
49.144252884013881 6.7533364711440562 24.971708025114978
52.488408382920127 7.1442461367068137 26.024462931578562
52.649192922510196 5.4742420802577252 26.192116649586083
52.845948193344299 5.5087956642617311 26.225311035984994
45.808645566265056 6.0297429402464644 22.811526641660464
45.643840899251472 5.0969976162771626 22.69473534356657
51.055153879868215 6.5062759905115382 25.744628713273862
50.380716284746732 7.9937830605409301 25.281063591445665
45.830010052258714 2.2649767684337054 22.444087557149516
45.729776554572311 1.7460763700262671 22.180362930742639
48.842376747600113 6.2486747921724 24.876310209589427
47.787520917156428 7.3730153153303055 24.126627245344345
52.458358539738121 5.416005725677981 26.157487016836413
50.759080463998167 6.2436109259582544 25.673936210419107
50.497147096100583 5.9464716253094902 25.605018835418718
52.276227779706403 5.3349357992940982 26.121927104810318
46.980425356521962 2.0795964307985537 23.353883751975829
48.35933256592395 2.462142889564169 24.356274637107511
45.654602583486692 3.2007894873840623 22.509666634130582
52.105456770939924 5.2322144614916031 26.085955493108393
46.982536561212612 5.2113328805817982 23.79190166198407
46.893857586914564 4.4407933489567721 23.702607736580333
48.431633874557818 5.1456781440576949 24.70551671905141
48.603676263156615 5.7101709558758014 24.787146267962839
51.948535535360463 5.109339515043974 26.050096687550607
51.807753038753859 4.9681030711312717 26.014873727672288
46.898266859824226 3.6637491120507621 23.626768600180803
46.995701047196462 2.8915314740027576 23.565490328750855
51.685160870062937 4.8105641162717969 25.980799986091483
49.844751300101812 2.8876826217263396 25.171725725180487
51.582547035967245 4.6390202866371482 25.948372421472463
50.273175493058943 5.6191913819899426 25.538881915423026
49.858636423830518 4.5060026412861269 25.366510112170893
49.812970251501113 4.10920280855846 25.320527029875066
48.328758014380035 4.5634278841006166 24.632611850273094
51.501408543275645 4.4559730375882118 25.918063997644317
50.090429543755278 5.2665423352390111 25.476489520592033
49.951575431475419 4.8936670484961828 25.418751689206267
49.815240955763635 3.7090530256423704 25.281472620589888
48.296548367190148 3.9719104077014786 24.569494678159508
51.442928677944003 4.2640918217984494 25.890316716259711
51.413256129537181 3.3495048939929029 25.787374471289837
48.444970663312326 2.7955863005071455 24.476149117955934
48.335474361559079 3.3797512876405893 24.517085545474565
51.397010135901475 3.8651065178338406 25.844080241956078
51.407958874756417 4.0661741261987476 25.865534936827544
49.865416073872041 3.3113888439716863 25.249916529786454
51.410242611349659 3.6638210761023706 25.826265570009006
51.447461563378006 3.4652524396607807 25.812350374955123
82.035637809907172 12.776052887372058 29.739484586480025
83.51923161264952 7.3926940721280632 29.924052614550874
81.581650476829424 12.583831861427122 30.712662121430661
83.793889960204254 7.5164045868274494 29.189409680651359
83.146893829435996 7.2408160717879992 30.608700082511639
80.17581906660476 12.061985994922845 32.283037985461583
81.528591951529179 6.6495783277075518 32.230049685539413
80.858691778200921 6.4206802052008083 32.589606608323287
79.277996609354574 11.752414211714823 32.819888155073542
77.263729501631701 11.095000248981776 33.294548791643855
77.153894178833866 5.2475860833822647 32.753289173116848
77.891791076110422 5.4698553549524576 32.944463431888423
76.224690170084983 10.772421544984599 33.214118257926138
76.447902453373558 5.0408191737398793 32.454521218328232
75.788179066663986 4.8537608483166448 32.054245408907605
73.450882174958366 9.9741712271498297 31.762474758586976
75.188162684381894 4.6902218980266417 31.560607865209981
72.75930901098431 9.79871192937253 30.937205982970113
74.214638244474287 4.4464700446974694 30.335140683915505
74.6600665710275 4.5535310971799179 30.983657353070484
72.232774463452103 9.681392600698306 29.988983696958947
73.41211703641784 4.3482301710142224 27.305488248785622
71.809648871660087 9.7112430343575049 26.786085494064217
73.476749777685512 4.4086768443253641 26.516430668026501
73.6481387039818 4.5017019815097221 25.746745526487167
74.295134834750058 4.7772904965491723 24.32745512462688
72.526176375305766 10.039407086974332 24.762802737783296
75.300689667076909 5.1526690976842904 23.16260110949284
73.932007785530431 10.561252953478615 23.192426873752382
74.75756936265924 4.9542430570745353 23.706744393482118
73.15415795853383 10.28051722603613 23.90394992769545
77.296755267652969 5.8347043490800452 22.091252610006912
74.829830242780616 10.870824736686632 22.655576704140422
75.813122049316021 11.197335695477619 22.314031512641996
78.039170063755648 6.0755323154136596 21.945414861640884
78.795460399877953 6.3150056241056731 21.911998936363183
79.550237588075646 6.5482512133847157 21.991691775250104
77.883136682050207 11.850817403416857 22.261346601287826
78.890309577284171 12.152675129863818 22.552230591252822
81.653849597522083 7.1643457200205276 22.881909798230915
80.65694467717681 12.649067721251626 23.712990100626982
79.826909741744331 12.422211212502461 23.042390793107437
82.781962093158569 7.4645754711572527 23.952497854068042
81.34851784115088 12.824527019028928 24.538258876243852
81.875052388683088 12.94184634770315 25.486481162255018
83.581082885590661 7.6468881386178804 25.307897332603154
83.227390419711767 7.5716365236397012 24.601014523223014
83.986469992768605 7.6965132971592869 26.838300225348021
82.359184943641381 12.986437658004883 27.60270305606366
84.029911627768215 7.6698763973229491 27.630666958352911
86.064278810229709 43.945190867322268 4.4796210039798439
94.123551812699247 18.072829078690823 2.9197336919778127
85.996261343993666 43.935907759517697 4.2416586913908887
94.050944846086921 18.123798821774258 2.8443093578846188
93.963202035833575 18.180686063918245 2.7797762790310205
85.836798378531114 43.895184888575599 4.056588257774699
85.732085970106226 43.865346429086962 3.9959709688116458
79.887730261579918 40.036210498954972 45.124271761463774
79.922722232605281 39.947140081925951 45.129122986846596
86.05897432687658 43.937204758125311 4.6038678572848486
86.008730070360016 44.051186737343023 4.6074824932509095
79.840776515776639 40.11953837031475 45.100649000563806
85.934707830262596 44.151425989996305 4.6061436238356155
79.78323816959356 40.194667735286394 45.058941935252875
85.840618149020088 44.232898689329566 4.5999184523201517
85.731183274473409 44.291519329951079 4.5891197582888807
79.56531389497863 40.350351924582796 44.840042558328257
85.611887078142672 44.324350383372526 4.5742886731763441
79.384937820278694 40.381316831408981 44.61256862129428
42.28988281607711 2.4596706282232956 -6.6168851658145362
42.247234152967579 2.5228637484922132 -6.6454457639093132
42.194032514014886 2.5239904393711181 -6.6533905158408162
42.143539516096517 2.5416062396456351 -6.6593016342542208
42.069700815644943 2.6179624819502352 -6.6629642030544129
42.10069773753456 2.5739867902803319 -6.6626005021259305
42.207864408940601 2.3592913178123194 -6.5871883473941564
42.108015615557875 2.377338672838496 -6.6005303301154941
41.986944385765767 2.2779628547853488 -6.5035398058920695
42.065500083392521 2.0939778582066317 -6.1773654416931532
42.165129622594222 2.131166925699699 -6.3333683123003643
42.18867403589131 2.0885865852127061 -6.1592455089820595
42.258420484023127 2.2288944088051252 -6.4672646609545543
42.119136801070461 2.2318440908836052 -6.4880642923511713
42.018142491779678 2.4254807309562354 -6.6093987312475422
42.003570914604971 2.160368147390141 -6.3549560899536068
41.94704234240421 2.4990050671259949 -6.6129254600357843
41.836768511720329 2.1854282303873713 -6.2029954268151508
41.946204241062183 2.1268071318803772 -6.1921966484353419
41.706326326709139 2.5203662778258709 -6.4351318646146698
41.668658085519148 2.3671419202509414 -6.2105590702458802
41.742680474432419 2.2669016392299604 -6.2092202795489566
41.743110677966897 2.3572285079050426 -6.3750118329541623
41.858153107497522 2.2382636541536387 -6.3693054681765604
41.793632176795931 2.4778661231320926 -6.5131285296696229
41.874783136035866 2.3627362625233768 -6.512176354205848
93.619554545956106 18.378769194908319 2.6667214159176034
82.73243275492726 33.443493183319717 2.5014688881661122
81.675933964526976 34.452804085090236 2.4408714377397001
79.190762204268054 35.963047110416923 2.2132683531646205
80.486928293408766 35.298663649153475 2.34411685447132
77.815057594246667 36.431794171006054 2.0511141807897797
74.943401022511949 36.746795287615996 1.6473083621300635
73.50864681333843 36.586335420937566 1.414262111425586
72.11546338987867 36.216955277895018 1.1669404023158165
70.79354000468075 35.646524595857301 0.91061356557424133
69.571054397567138 34.887204751160823 0.65074561104911588
34.223677563840461 28.147397796599037 -5.365075387420406
68.474056792665635 33.955176535455308 0.39287415094886757
27.889886150728671 24.069153378786464 35.672912783640918
35.991766446193175 -1.8989312948450827 34.324035996305682
35.747217178490345 -1.7978009329555844 34.133955515721318
35.903982002493699 -1.8821688132166257 34.272002399616269
27.625711164192701 23.998592232813174 35.427223828583244
27.557695694202149 23.989309780247094 35.189260972696715
27.940382118379617 24.338822666122745 35.665285809947299
79.716809314097333 40.25939067989033 45.000380480762587
79.643448830423935 40.311797901022608 44.926691177541393
27.905385357744159 24.538285146551974 35.522709001338526
27.906443046274067 24.662297930851896 35.308329141455317
79.457692233466503 40.378302852432775 44.708800563026209
76.583336885985133 5.5974263631363623 22.346548598815239
80.288134485352202 6.7705204849549085 22.182866034021679
80.994126210812482 6.9772873945972922 22.481633988810295
73.860945778595408 4.371218429719292 29.628257874535379
73.606190959140108 4.3293084743435477 28.877402861472255
73.45555867141745 4.3215932711778837 28.097854981790505
83.835837705045947 7.6887980939936238 26.058752345666278
83.965278886500542 7.6094297240118065 28.419724539112025
75.913436712656861 5.3685282406296189 22.706105521599106
82.253865979804175 7.3278846703105298 23.375547341928538
78.646568264308115 5.703100944231501 33.024156270775336
73.92279705153652 4.6254124962091083 25.012102592587645
79.402858600430392 5.9425742529235119 32.990740345497642
82.684459301526829 7.063863511262638 31.229410813656401
80.145273396533071 6.1834022192571272 32.844902597131622
82.141338997109145 6.8654374706528802 31.773554097645679
85.390469189008641 44.306128382136755 4.4131315602350227
85.926353482144719 43.919105077479948 4.1398762513925131
85.765415208453305 43.902926124723962 4.0182170173693681
85.617470197034066 43.831086907062598 3.9610645808986558
85.73441816857104 43.946901537919643 4.0178532711564632
85.578294375738665 43.947729178672766 3.9807954568499664
85.587880140942843 43.998025784986353 4.000698407494701
85.691574175418566 43.979283248554196 4.0145541821680411
85.793414058391448 44.080091145589044 4.1202238227386161
85.864514150842609 44.006566445666778 4.1237505070928879
85.49543718563784 44.149932676635331 4.0973547676484863
85.641081620707936 43.996898837699995 4.0086431100767914
85.787923482616023 44.203749854385251 4.2566750292528486
85.900085799047616 44.118978175012785 4.265311909257095
86.04301926334648 43.944751224386472 4.356832272213957
85.981236796285472 44.00384694047542 4.2662639551991859
85.985526767939348 44.094423104815448 4.4334759318270933
85.703541840902105 44.128232718237832 4.1113555110363418
85.870485005980129 44.21338868185925 4.4277697393462461
85.455910172940094 44.225355999294578 4.1883385136155908
85.420325652236954 44.278307584233978 4.295386797821509
85.603692784620335 44.146279819845347 4.0980134635560859
85.655731866245873 44.249870490086565 4.2411998209799862
85.48871204350651 44.329741502571707 4.5561685614677678
85.51644704723509 44.252819427139357 4.2203999442094773
85.563506579741031 44.32048367104872 4.3918321228429864
85.725063496479734 44.291282807648336 4.413419664545474
85.36783778083327 44.307423733144198 4.5356686463343436
79.314508012160246 40.371278849866449 44.513285193064171
41.618413131723486 2.4811226475388222 -6.2069446631238181
41.650013552665143 2.4971334089141104 -6.3264197418236874
33.616328782801446 27.933440359693098 -4.9126014981427666
33.647929203743104 27.949451121068389 -5.0320765768426359
41.784527695117063 2.5496562629379409 -6.5276297924398037
41.880696328071579 2.5835346452778163 -6.5992752731551931
33.782443346195024 28.001973975092216 -5.2332866274587522
42.106987005143509 2.6581164744585317 -6.6668642471798885
41.990009915892585 2.6203026167613523 -6.6464756936127047
33.987925566970546 28.07262032891563 -5.3521325286316532
34.184501742545038 28.264040068209209 -5.3453445114690954
34.143132886347914 28.37212774458332 -5.2991422342775403
85.536925519541541 44.055816855046885 4.0269977340415206
34.062117539746481 28.541666888831021 -5.1378014547034709
79.269622009604902 28.946195846387926 1.5343389637472935
78.706653196696777 29.727074028671382 1.5259796306699336
79.388146500216365 28.637919245654142 2.1986022446958504
79.2396034562842 28.920947000515131 2.2039767076558103
79.76208138973503 28.030581234866538 2.8327685246114545
79.159723595907735 29.282035069106371 2.8647772673047243
79.349742587599934 28.975705059476439 2.8633886982560739
79.593641410194323 29.107289339547137 3.474252919055651
79.762464153544215 28.785615819735831 3.4681441546460299
79.506081612594841 28.677824891364761 2.8577323373954542
80.445782068435619 28.187966619402026 3.9647771986418423
78.746471343301096 29.812485321022024 2.8544308996747212
78.666410311997623 29.716005265695852 2.1954653798053165
79.059056551813086 29.212002799961247 2.2052956418198768
78.173036998488755 30.189689244313946 2.1673981088190075
79.95711725366894 29.308050173730528 4.0010665526954483
80.142395276301784 28.955027693381187 3.9943628348909748
80.959051900431888 28.328570796372833 4.3731127311140217
80.623792898173093 29.17621289312563 4.4058062460430047
77.938605543709883 30.370946843183706 2.1497473633636108
80.170197237965397 29.967496157570821 4.4150324453903789
80.41905018828885 29.566320912634136 4.4132140549579457
79.731918938018481 29.671086398559492 4.002711560990182
82.181016797939947 28.693219881472253 4.757169932738659
81.54888990817642 28.500315619897826 4.6424614524023546
79.242169180356996 30.299732550523039 3.9904503384574141
78.942184161099348 30.010904594076102 3.4645793809159642
79.388440835951755 29.438085768082313 3.475751655852628
77.991826558697255 30.37033187050541 1.4810763708074699
77.158570419351861 30.845892845586356 1.4017295370418896
81.178685359181515 29.436319686218241 4.6785635896510342
81.774816386212038 29.720229309294524 4.7967819205666427
77.634993429374305 30.572454569835184 2.1236152241097361
78.227208582189206 30.311025815881933 2.8248908416707152
80.952598012817759 29.867093902671257 4.686743378545982
81.526747242889996 30.192887408771458 4.8057571037023319
77.66092978892479 30.713877205589224 2.7788102846128702
82.377544592994894 30.011443635708332 4.7535915258044135
83.964297809131409 29.284573332672085 4.1535040179552531
77.76993879074854 30.984293805254932 3.3829190140529644
78.115000921849457 30.755270567017856 3.4126182889336594
77.9804733677787 30.501794277851626 2.8063135132291812
78.334371161178581 31.116644979477435 3.9334255507626423
78.626780208071992 30.890560935267946 3.9554415914976975
78.381444250450556 30.549264644154892 3.4326795192610327
83.464334149092281 30.548644161994257 4.2022593262685728
82.951842097549871 30.293036480807711 4.551502215447579
80.569510303430889 31.520640022914687 4.7915430446370948
81.225233350136349 30.678952661262446 4.8079598421711083
80.67780215694745 30.310088119948919 4.6887509891527266
80.080186263984103 31.077192041548955 4.6737892692998244
77.09021143958816 30.855144908149697 2.0689587664155518
76.42593051606741 31.085215119115905 1.9910271117913005
82.108135132223907 30.524768141735866 4.7633393635365291
79.329258789938024 31.798148778720343 4.6310698275672344
79.62899475701424 30.662182140207637 4.4014825527361374
78.948961684227811 31.315080203694791 4.362796827951227
83.885234166165162 30.763411687808372 3.726158954849236
84.405643350804127 29.447643071154232 3.6754093686055658
81.068537874149456 31.966756446192971 4.7479019713979458
81.780678015949178 31.052653377952073 4.7657313736121871
78.625828691666769 31.564912321763536 4.3384668344720385
78.207355521860279 31.842662429440036 4.3024493938290558
82.662967949527513 30.843446525994413 4.5619541442901586
82.31185219752345 31.409469561328013 4.564518810454528
78.972443321282043 32.07402613187525 4.6042040822057011
77.2761644033789 31.720587773672115 3.8326574590849116
77.95567544670088 31.367987457476399 3.9008310705122309
77.150769191514769 31.305581315004865 3.3207991631500704
83.567416701474258 31.368963835626644 3.7376575660192586
83.159004403812702 31.130404179103234 4.213306259938582
76.24584195296184 31.131520486875754 1.291648571800101
75.29632221735821 31.213859260625249 1.1559811857231228
84.190082105817766 30.924857604848086 3.1508706328087683
84.361162408029159 31.023598798374614 2.5098281357084797
76.388420429548319 31.253544748401737 2.6392644679633186
76.109491442341465 31.317476213597871 2.6033242154894527
82.787890910400733 31.728667010730614 4.2160171976007081
81.548267334546722 32.389614902222831 4.5454021902167945
77.087560128775948 31.011400769881366 2.721285600160968
83.633914186387528 32.292245895130598 2.5246190492341096
76.16090865507924 31.145958627529822 1.9568787660779581
76.094579306422304 31.636103934031453 3.193415862268191
75.194141870894384 31.229793313371804 1.8187471524061554
76.395788953768005 31.567065148744479 3.2322269470065841
79.354068196201297 32.614396046120504 4.7151930773515733
80.173714793129278 32.825873303970972 4.696997216539037
79.745573621557696 32.311695765027814 4.7446705546278825
83.468706133885547 32.183264824855343 3.1655425053583262
83.864472979094685 31.545262375523141 3.1626518164958686
83.181129627624586 31.991695528139918 3.7404801235276945
79.748523208595856 33.154616587775266 4.6649832098988195
75.709309776101549 31.378857257938751 2.5487730166463329
75.780680123379668 31.204279815477143 1.9050475609362429
75.091994219765894 31.405708039224862 2.457944038280008
76.540855888260239 32.549417211046347 4.1196975627972527
77.456459192924342 32.232302134910213 4.2271136177552986
78.847037982200916 32.950916460529328 4.6715529574186618
78.510345158342957 32.380728475068977 4.5644316334140544
76.447603983420464 32.00755650733295 3.7354530912838353
76.117039802370016 32.083323610442214 3.692859664024482
75.64277651104895 32.156066011680267 3.6282098001164833
82.608017435088527 33.288054863363342 3.1439949760349641
74.477210135107072 31.155148282086696 1.702841346193658
79.542448277280243 34.055170843635665 4.405673632192622
80.132884622824051 33.66329279640663 4.4564924981483429
77.681176219699751 32.810987544125894 4.4812433077041316
76.67012143219884 33.161158528402758 4.3626288247881195
77.937250049447272 33.423009720848384 4.5802764076719509
80.484811789881689 34.110861795417065 4.1018374645043849
80.588792150912468 33.310798996762429 4.4908190054347124
74.235125136584116 31.102726498841857 1.6610239441970798
74.354409494307731 31.08905697941243 1.001070795322244
81.980813282589196 32.764638666210956 4.1958115783342933
80.966692720400786 33.73829332779124 4.1381202857289967
76.266752079608992 33.253613420291359 4.3106544441310728
74.337438631506103 31.327147521466546 2.33595579071069
74.995814367824039 31.731384860739233 3.0364243374703044
74.91118726395635 32.187889698194105 3.5205673567007274
75.662434055646145 31.702386269877405 3.1345073770394762
74.0826519387914 31.271973537770279 2.2919441457635443
82.341043258536686 33.070035548092306 3.7194479223382046
81.285446182759898 34.083507742122997 3.6593967232168279
81.526526592678152 34.326383364029752 3.0824703152794726
79.197871684544964 33.520091470075883 4.6175888592988095
79.860749227125211 34.525063547157117 4.0481249481420853
76.175564419114295 32.633143851152049 4.0726294856852086
75.651479619110887 32.713529114905953 4.0011882562358352
76.827897607736162 33.807227983607831 4.4501301443434258
73.673917529774883 31.151224947238724 2.2181656575208351
78.482997812200495 34.60492365859406 4.2993817449794669
75.68803589932935 33.342379487293186 4.2317662048190758
74.180988326244275 31.646546815019708 2.9046919825112472
81.012641472475195 34.723703609013697 3.0437785127134429
80.783856820075925 34.471314682026339 3.6216300515389488
80.134272021990398 34.9024545118913 3.5657207114306981
78.209803775919909 34.032799629232542 4.518458204952795
77.005003216479793 34.450077043891525 4.3771143425804482
76.524334955525092 34.560249221017628 4.3151799388942056
73.905850735195116 31.586966915816728 2.8571650449422688
78.968680173737511 35.507284078753266 3.4487798972421277
76.385307230225379 33.908671908951021 4.393102044202184
73.846769328041091 30.987997269012364 1.5909238009238926
73.128654823623435 30.922522291105349 2.1130853119801056
73.854853212165963 32.645808873203976 3.7224790745068717
74.843032764373163 32.74869554598807 3.88223731180301
74.016949364524663 32.094783448964996 3.3759965422637528
74.770806646595418 34.048674332533416 4.1624220933247411
75.750324980018405 34.006067000611033 4.3065437131916795
74.795316159003875 33.38121059912153 4.1004156504176876
78.740953634875183 35.106126936186726 3.9357785229229343
80.347121526789266 35.1654164075902 2.9864973057611888
72.695386412029464 30.386263414095655 1.3573377865139378
73.328690434331023 30.770698223396561 1.4910823581081978
73.464143502645527 30.762951570926528 0.83416060054894192
75.936324315787516 35.283895864506185 3.980620332631565
76.675759454953052 35.170477107082398 4.081417039046066
75.834721325041897 34.666025115925564 4.2211745980210758
77.191155004003235 35.052345392959865 4.1478260925850012
73.704125948008723 33.26759818313262 3.9240037047698184
72.667157993845947 30.25079099617755 0.66305599446677022
77.547416644809445 35.999530568259544 3.2820410092442316
77.375530644466266 35.579033570473761 3.7755907188708786
73.714995136699514 32.029396448758597 3.3238373241190526
73.521180440394147 32.573553372166167 3.6648408348592625
72.875653277239934 31.209604261062843 2.6640199880458582
73.464468790172447 31.456572382895935 2.7774934057638543
76.830780561711322 35.703893602418589 3.7053993228109832
76.049223380944539 35.823771204244139 3.5988605116682049
77.696819385564481 36.289400468874476 2.6958599506761853
79.152942326147951 35.785078189045564 2.866688213382325
72.155876106011107 30.772679638930828 2.5120137476015234
72.271807775434667 32.115907103991304 3.4306040901336896
72.985895126254917 32.415418185040167 3.5682192283668019
73.230597672478694 31.886293981796516 3.2364011552051561
76.980385901915682 36.129497920295215 3.2089787809198125
74.770926104974819 34.712295907603831 4.0646526421365827
73.573518943272063 33.924014888545742 3.9688574039503131
72.462114298011755 30.517915818544648 1.9723220602278353
72.517230364562309 30.249234577316784 1.3168700748268307
72.198975819972659 29.964504929722413 1.2406464997991868
74.795671488075314 35.333509400752739 3.8127898757300009
71.838685403590929 29.562722637227431 1.1465330847773334
72.000715704365376 29.576523848284229 0.49575717297899757
73.169236720969153 33.83646985029813 3.899022236005699
73.335667621542058 33.187810902012401 3.8603567374356338
73.031563966922093 34.481835123071647 3.7785910748282294
71.794468932788121 31.135748787821104 2.9450477308974321
72.584395647854564 31.615255981119386 3.1118684986383549
76.282411935639232 36.550394737022629 2.5073903989778721
76.389142951915716 36.694912028531228 1.8611113192001358
77.1158824703748 36.422552743539647 2.6210056612935073
71.956056295889326 32.682457207905394 3.6017023063494271
72.520684884234328 33.64487344497492 3.78195549329903
72.744583809616017 33.013190980701665 3.7536631695659146
73.401435474244835 35.188345010995604 3.5873847811936717
71.953394395428248 30.616941485493314 2.4660205979119212
71.572255786842192 30.964833706642914 2.8945725863564675
72.274612005702863 30.373696462468583 1.9297311897534541
72.327209631344118 34.273752762573366 3.6514516446953067
73.470631107971329 34.576913964170153 3.8544350733245683
71.398895472184918 31.586025167957409 3.2462579800210651
71.655489734291336 33.281982292619318 3.6152195974358747
73.369956487387256 35.72278048663479 3.1832279258199581
74.843608996074522 35.876212278123361 3.4214721030180417
71.591687459776949 30.29333381123978 2.3793896691203642
74.996708113319727 36.606318461888364 2.3182179071906415
76.166869137668982 36.254278034616156 3.0980834094404326
71.560457117592861 29.65115864251365 1.7504551546688614
71.18220021157758 29.836690589007056 2.2724254325933124
71.939656553624431 30.074025267288608 1.849507671498678
72.872354165615377 35.615026043701455 3.0972726252449867
71.495978288090072 28.771677280118041 0.34008669369619771
71.387578319551011 33.87964013946069 3.4703707498977696
73.378023658248964 36.149156377630987 2.6654519289506009
74.911942619199849 36.308864476090442 2.9134394874894358
70.714677313724465 31.00470009895324 3.0854185303945183
71.153338587335355 31.397154872968454 3.1904803264538497
71.175295351413368 30.609687179362417 2.7994983689505126
71.117070020231083 28.978877715286799 1.6171264595700841
72.930645152244068 35.086398470843832 3.5060611380105833
72.175406967804051 34.863284611171963 3.3697369963480881
72.074096460920842 35.379203028997964 2.9531832277980161
72.860070438142614 36.036996019190937 2.5759813357538004
70.597863818589559 32.639973925208665 3.3918647013378251
71.019584998523897 28.788691434237602 1.5836399774693692
71.41740582025696 28.92396095784386 1.0198521268780709
71.324779549036805 28.743257978922006 0.98803506071236491
71.176544614748977 27.873883436362224 0.20332306243021314
73.425165935844888 36.442692854187229 2.0641478044298349
70.300343328998977 32.41113792942393 3.3242838522597253
70.992145289773788 32.097338836549618 3.3981388482407606
70.720992159785936 31.888779589202013 3.3365469140379389
70.236601905563361 31.455413077802326 3.2205328110823714
72.894510385598252 36.32778231806423 1.9724830711476162
69.768859157952306 31.935636217775023 3.1969903059442863
71.16789032981481 34.440698907687555 3.1755736198842417
69.936280123063938 33.6930793622194 2.9154760334184431
70.238953700983444 33.182395336728156 3.2277985058036762
70.703400212557625 29.110713629476706 2.1284477450987875
70.920709876928527 35.326603991301582 2.2123829970160518
72.029165197441927 35.791527062098218 2.4259987873711246
70.834474500440749 28.35096093784032 1.512512536971121
71.148900305020547 28.327351733921585 0.92045418583657135
70.677285038516061 27.826625351285568 1.4370858170764098
69.915836966254574 32.933870388584786 3.1544033760899683
69.637406897599973 29.570477201725197 2.7810886766369816
70.200435520788517 29.311810297693668 2.524099772662499
70.218073234494724 30.450905277224926 2.9556978177073141
70.725899884259974 30.108541556916844 2.6821096614144597
69.338623178647694 32.41745896231987 3.0161576257434479
70.907582774464458 35.599968120733372 1.5999668615314775
72.043226544424073 36.076294000269435 1.8188221777954201
70.598127946946335 28.905337609360931 2.0922865720514334
70.884940992586479 27.044766793092769 0.75420433179339241
70.999548840890526 27.829160366760956 0.84878840603184802
69.509736478866614 29.321404406138946 2.7372336920818405
68.685164911435621 31.688748161428652 2.8454643663331218
71.009193311239997 34.932547446669524 2.7479606124853646
69.707433560651509 34.142345330035113 2.4730484987229815
69.341241651655935 33.860688240340288 2.3898688651316586
70.08490360542973 29.086416600242774 2.4844141893670777
69.865526454686488 28.567654875378668 2.4001199307990166
69.679238027857735 27.946255607698639 2.3107303389143699
70.398230945630203 28.432643151687 2.0154776823550424
68.687074162037959 33.275427691545218 2.2331921446522109
69.589823650487759 33.426600421255586 2.8367791207274795
69.047034261670973 29.871680616149696 2.8844786183484157
68.906055206107965 29.596646311672636 2.8360523300570843
68.463628036434656 30.197919738750169 2.8282615145929615
69.167166131080322 31.264656185599023 3.0398193319255196
69.6882293135683 30.843890922400583 3.0772896557094178
68.970905659590997 32.872877504497154 2.6885449628134381
68.270237508405515 32.091521549860147 2.5055199039822664
71.057358016795163 26.925124987547395 0.091862528259016862
69.565712844774382 34.504085747864323 1.9262279974267553
68.308943066001945 29.896144288062615 2.7751270054376622
68.638362538158617 28.963629709482912 2.7331928449078013
70.556666033639345 27.001071756074236 1.3375389827147668
69.267313624893234 28.748146262494231 2.6440842522417931
69.061455070437091 28.061467744769431 2.5453040799619213
69.18454615450969 34.210909059029902 1.8396467078040555
69.128836939842273 34.456908983136245 1.2180886305090404
69.519353876005042 34.757277412258176 1.3067938049680095
68.503622544314013 33.601712832939434 1.6765619536039882
67.921096829890317 30.530233529365592 2.6157048584402034
70.895113281921198 26.386126871689438 0.69089575681243076
70.966394796552862 25.890457228040699 0.6528860616773553
71.143984683478891 25.969762508532664 0.010915597631744767
67.753103858576495 30.202494547018762 2.557998942683561
70.22848607183181 27.866428460551656 1.9340264844531756
70.098234773572202 26.974935060549857 1.8265287990663346
68.431214422685997 33.832771819955326 1.0510042961063384
70.567371649427272 26.307868914197901 1.2709081420974826
67.080562007898749 31.136600955399288 1.7793511874536616
67.946496427318834 32.449566703431728 2.0397421489223877
70.109796576594675 26.226365249971607 1.7545762398159361
71.432377165194296 25.052469369601184 -0.035732103300143869
70.190808352977925 25.663016519783113 1.7113762851057803
66.890172883990999 30.765165808077136 1.7139518232137299
67.450968089385455 30.849308078752063 2.2591610409058216
66.928799368896136 29.689069925388647 2.0658597488760666
67.270836296722806 30.497891009654111 2.1972857753220367
68.015223337935282 29.201579703002185 2.6622666200299907
68.903490435592175 26.980308297817832 2.4149358213755683
68.917510897684664 26.072479568554449 2.327675118303139
69.536290183161128 26.967878105442772 2.1927556708254112
69.548978370030071 26.146352249371599 2.1137905076101227
66.528653806209078 29.910276846126344 1.5750400648715956
67.765803701293848 28.369596128393709 2.5425839672148403
68.411043578379306 28.205368996285795 2.624115290282699
67.43411031547754 29.448170282422989 2.4354277859176587
71.198684798080578 25.104042959119468 0.6106296025519482
71.909050809379664 24.216136353488189 -0.045899421837632737
67.525933347641995 32.870303504680038 0.14249601018276259
67.641443857205545 32.952051123094407 0.84470420492030929
66.746889039289087 31.655712585815614 -0.095052366978022107
67.73275836200672 32.742077880631804 1.4752007040665784
66.831409676348798 31.375413467032235 1.2041602843124526
70.642393192607699 25.786188760062657 1.2309037929909863
70.886872626480226 24.958506881833991 1.186429877118476
69.015759093903569 25.389277975187138 2.2752845081065196
66.153528907237714 30.337284989983342 -0.31470844817368882
66.633233308536973 30.988788580643501 1.1360862291258833
66.71798702157129 31.551869484420031 0.56701615083182322
66.514951267323909 31.155763318672431 0.49727278257539531
66.256927409547785 30.098936668800299 0.9914930730181819
66.955372526496106 27.121959383736076 2.1339025356158761
67.163232274041093 28.544605122837361 2.3054481137817753
71.745354463374099 24.104983001436697 0.59503905374470811
71.485611203434829 24.507923637208869 0.59538227365980045
68.236612368589505 27.011505974721619 2.4801570467555116
68.252094483495057 26.009040853232431 2.383799886316206
68.360585240916549 25.254619931219345 2.3259480201903031
66.129416750744525 30.244085743159062 0.34913332100458216
66.41547434416475 27.194798843345467 1.74255037911424
66.638349835252654 28.720222882494618 1.9264890304553095
70.4548158528427 24.769225636101378 1.6633502615134148
71.462228138985324 23.90702057586617 1.1700210501718313
71.188856162907953 24.331106285792881 1.1703825543768733
67.574412211247662 27.059655585784402 2.3846287884468484
69.637885703301123 25.528098827705101 2.0663802365925132
65.802031936956212 29.15203242162503 0.19203920496097382
65.937380275579883 29.033028578044622 0.83815994849713604
70.285510423643785 23.803656644533724 1.994655893700088
69.927624295493743 24.547199709797791 2.0136737978220456
72.299305033118543 23.468788058632619 0.61627818900754949
71.076126313291823 23.6337534870868 1.6456307012991296
70.780920688281199 24.091713405513907 1.6460214097318921
67.103103313639281 25.028400856427801 1.9501425431972006
66.973823347669608 25.927392236588901 2.0190807714533356
67.5913996970542 25.959723208983629 2.2789030671941131
65.692176580620611 27.354778609082476 0.63579336056359903
66.221660083586713 28.886247249456105 1.4277310553332079
65.986090682538503 27.27393769577958 1.2333156814493673
72.045247315663588 23.237440136308638 1.1923746018334711
66.435257758536068 25.91392781162185 1.6194330236619834
72.55171334955898 23.499869114591135 -0.01911151523538468
65.550812766393676 27.43262222151364 -0.015290817712165783
65.570216314206462 27.502945506675911 -0.68209789274856902
65.758498757417016 28.943125367595972 -0.51179028321395226
69.335934951587618 24.305332316306998 2.2170409881182476
69.731417536653879 23.483677768950024 2.1960251069877259
69.150845559215227 23.150373420358907 2.2384262235111532
68.71413706088849 24.057680856788906 2.2616330339828501
70.609487825341503 23.301065512844261 1.9942274173979548
66.00700016278202 25.920111629947272 1.1031857734647978
67.71043710182127 25.131951157468311 2.2154260948672615
68.098364769138598 23.818636087770361 2.1448579985486216
66.573876586925408 24.949987649264777 1.5455140932023426
68.57753455199277 22.823113228321965 2.1193950123444729
71.300433691123715 22.507535042203575 2.0207190486563036
70.089431261736905 22.928287946844101 2.1955518504881546
73.330321573634933 22.93716141386945 0.043380286921850697
65.592696887921534 26.047440296290517 -0.82200110718404229
67.5244052606906 23.602090749300157 1.8735025662023048
65.866449185081052 24.885071743770848 0.41901719316708252
65.71394056554476 25.945583952668851 0.50034131948884397
72.58140348123797 22.794484712266655 1.229945459768695
72.985248475104896 22.536483991828323 1.2656924309769071
72.8087285036938 23.047917924164867 0.65197572568575701
73.192436998156722 22.802779386131967 0.68594006291095422
69.011306108519022 22.150199280761118 2.1188215785674256
68.044802639359133 22.520916622658135 1.8458490651140576
73.372522726469953 22.705299107817197 0.70361049607889381
66.15351454805915 24.901266776112191 1.0250565266976999
66.630984852929757 23.284801893786135 0.93819905330689934
65.729358725856102 24.902341925242503 -0.23738390471642923
65.573112078299204 25.988865255122182 -0.15406476139874847
72.284691484841233 22.43235736340872 1.710341270582127
71.705713345970366 22.910692842013397 1.6697698709604882
72.720794395817208 22.153749085944593 1.7489436766468494
73.978670686250325 22.448233332449572 0.77008182634625921
67.025617799996326 23.420631611659463 1.46333739801414
70.389304827643272 21.568784269854156 2.2702299783240854
69.546179825157992 22.537087510168632 2.2379035931349911
67.583611635581093 22.26134600292453 1.4336859199173269
72.925467959957302 22.042958302407879 1.7690266148580065
74.614254904982602 22.282200175777206 0.84997329030903224
74.20846125499358 22.554323290031665 0.13865266884340866
66.238546529063768 23.178500428155949 -0.33001094257418817
66.263547456029031 23.214206725255806 -0.9993788180641765
65.825461594390489 24.607631244347392 -0.92851810028593107
70.852962905886187 22.051395592067681 2.224826569105911
71.55512064340256 21.471293312669967 2.2740297454304379
72.084001741647157 21.133410567698672 2.3208443487006996
71.935841620833358 21.982580652790674 2.0652448947692132
72.41444474600857 21.676819469273472 2.1076091569061823
73.174783230371403 22.433886672791299 1.2842897994072722
73.812740078715819 22.163332025668144 1.3542494701650813
66.977341982722834 21.927069167538676 0.29598518955476205
69.520588174048143 20.636245694908084 1.8837472394240091
68.515894736745139 21.790106587012946 1.8452262574604212
67.220761981754237 22.05948606086978 0.90685888589414976
72.332221927167211 20.999049394009912 2.34520031776478
74.4816789081233 21.988586801894346 1.4383336427947828
75.145074511026195 22.369254672711737 0.26225113318860149
73.614379851767353 21.750792580916364 1.8445739964643693
66.363445555415751 23.202497245496563 0.32860724903192828
69.166016953520042 20.240514901511368 1.4743220897973277
70.444522591825631 19.872918840278047 1.9484913348927329
69.936406187486028 21.087749274194326 2.1542908939596774
71.427941327476788 19.975512208570901 2.2706266896078802
71.16465883951318 20.928211274312577 2.3245625171338062
71.748671350756922 20.555105871393391 2.3762570296005503
72.639066317727327 21.555230496745715 2.129649406195762
75.04014914329116 22.224559065514999 0.90878606387911809
68.893298227458217 19.923552909242733 0.94980969806919191
68.088738055824237 21.477736666367718 1.4330179690417548
67.714160328886123 20.683679195636707 -1.0288824504340255
66.897618112515588 21.896863002991239 -1.0330730972111848
67.436862649974074 20.988531854088617 -0.36418584013892819
66.867500087444313 21.871791076067556 -0.36343299590081202
71.728684596053597 19.812718423699113 2.3001361591299663
73.395118422163023 21.234590429579384 2.212559475304646
74.187889249182547 21.027496629965388 2.3122090390190593
74.929922548735448 21.927921009626424 1.5002327113052338
74.336748146496049 21.562089089115524 1.935374037394153
74.820792182268519 21.496577803296201 2.0022168481828331
75.265731370116725 22.210738931917007 0.94158255536695279
76.096366252387867 22.390611716170159 0.40839659003890905
70.787146172451031 20.384894251895432 2.2139060156839907
72.945339534318123 20.015478361276067 2.5043230705053698
72.022766198021372 20.406737312921752 2.4031517384149605
75.077175618083658 21.480870146364321 2.0394913532552383
67.754658178156291 21.231244900555449 0.90615280412470867
69.940412084894078 19.058459759511774 1.0231855959570915
67.533073828586325 21.064954409219112 0.29525026658209441
71.140453160906873 19.428315359995945 2.0100926440620928
71.467070932240972 19.251514696033396 2.0421408790508
73.167698835984481 20.644725032581881 2.4368202175315794
74.043752108752471 20.415875278331111 2.5469381771805892
74.719109706699641 20.955600828119277 2.3855665968220023
75.167340122936537 21.913374279516066 1.5347497473724605
68.718281733888503 19.703782212390529 0.34069277852629831
70.902909880242021 18.945314609468209 1.6097951400640333
70.156703497606699 19.422039756007443 1.5437438270695889
75.000477671696132 20.93836152563583 2.4264734048677283
75.919208656063049 22.235369743959303 1.0429558813186048
76.56076202138172 22.355570855177305 1.151933440505216
71.099283233429816 18.354210147112749 1.1293200051491272
73.802389557839206 19.106141705712805 2.5445637285438369
73.912711426844737 19.762771085977608 2.6259193297544368
74.6307774708784 20.336426763990232 2.6280019702791115
75.819876638723414 21.508864825595708 2.154705958545529
76.946946701654326 22.477205816579051 1.2223847654099078
77.017858906585957 22.617394135632455 0.5702558486490652
77.866458584328683 23.038998246506264 0.74025969434624272
68.695770752688006 19.600512022021636 -0.98689623873682919
68.651138844235817 19.593975171890811 -0.31762886036335125
69.821526428098707 18.670444927128386 -0.90800980732937298
69.808217723607996 18.803308502404764 0.41706919238432416
70.629184238079773 18.278823503281821 0.48973815933202403
70.729121000231075 18.554581306030386 1.0929990766157065
71.253126424364524 18.755741238652533 1.6441590691109536
76.93677747987789 22.193825033637886 1.8302871917724488
76.530328669866606 22.065806613208643 1.7561390061707414
76.549029008038303 21.645477767532398 2.2785634694023376
75.855108686686776 21.9392985948271 1.6414427458653815
72.566435309230513 18.785277396638357 2.1626992806205596
72.740958388161033 19.38341805169933 2.4111442431658929
73.719188940736515 18.484145256286581 2.3075978173638401
75.842419560088757 20.351327750297102 2.8129334946475044
74.941703663782164 20.317376181783853 2.6732060890783647
71.067435410305208 17.913303217185167 -0.79390399368722164
69.76780768794157 18.671415666638694 -0.23937915096459772
74.513633165283551 19.009880600644131 2.6427810507535501
74.560931878766382 19.675041085411266 2.7154337749504798
71.00365924727619 17.920384693399214 -0.12619455663060553
70.608909178250585 18.134066357538803 -0.16492799020724469
72.431915446748519 18.25582015068791 1.7734273270549128
77.097468144713716 21.270727344706835 2.7767197697726225
75.898880267941223 19.691495301827938 2.9196432726166144
75.815562551681353 20.96908405211423 2.5529168079530624
76.615778549319884 21.119011929579941 2.6888456010382935
77.7539564608132 22.870451656070276 1.3832990307761328
77.176722598467308 22.568779295033835 1.2661931738706311
73.667951524002973 17.932932055699361 1.9287942597327916
74.496199285895329 17.820837467208669 2.0431691696683139
74.491627637976563 18.379602664992447 2.4142657916710775
75.981666265451338 19.027934336641493 2.8668451986684875
74.904268982234186 19.654003974281927 2.7653498971247075
77.384069144218387 21.384948527118929 2.8313623841514168
76.98794347277709 21.7837206421346 2.3586342253734411
77.249091309147161 21.887797907933756 2.4084240162890094
78.280160065231485 23.254156469959128 1.5007547994910411
72.332356415371834 17.356890534626217 0.019513166203866561
71.014485757113505 18.070257362788134 0.5275445804973744
72.311374036645105 17.52025207577066 0.66976396284140183
74.934886419386686 17.793957330455243 2.1069477035529669
76.726698101293664 20.51700501321648 2.9631415322119956
77.178609583127951 22.290203822545809 1.876394251313787
77.78613453847251 22.607706253910727 1.9996453326353745
73.671239951996313 17.165015300138869 0.84069594929578439
72.345214786941867 17.825814312584235 1.265951262187528
74.890355161359921 18.986799493526927 2.6975509965586948
78.56035421164384 23.514015751680752 1.5687666417285193
74.990749083809732 17.337645528652182 1.6184682371740848
77.905138918262367 22.230659450903321 2.541519125241706
78.602487855700303 23.635710940750904 0.91045932366364024
79.191531876881641 24.379629974890424 1.0728964914894483
72.40694290416215 17.345222716779134 -0.64701095852847068
73.811500120757401 16.978311829510275 -0.47046132377903049
73.651653396487177 17.484535909782529 1.430167717650038
74.527073579067803 17.366055584274719 1.5510566485508281
74.900760544616986 18.354535028952284 2.473747740851195
77.575697578640444 20.810878267186858 3.120629698306125
77.812844383228935 20.19895226001162 3.2594154060754494
77.463121100361022 20.05957421962994 3.1927380313411078
77.258990800653024 20.684658843091782 3.0602471963970324
78.339951557806316 23.011546005610217 2.1232647289060491
78.634849401644743 23.285042373311789 2.1948456652483479
78.503192276674142 22.666755347696675 2.6750125971267131
77.697994229522266 19.431801026165367 3.166492301121675
77.05306825331283 19.22867180638427 3.0488390727465742
76.875341676980099 19.874443993325226 3.0855099761376739
76.085967038108834 18.399209631099612 2.6576079128837531
77.24954789274797 18.617217308429971 2.8552597268694164
78.371321565165545 21.226684655806825 3.2820412357788644
73.725575099857224 16.99294057570571 0.1946374725843949
74.659147080429918 16.866590685135947 0.323556803728275
75.251172468306294 16.820390721828936 -0.26801776116364717
78.081720051645732 19.584730032585664 3.2396524822639368
79.135952077048287 24.233380014955252 1.7267501886004464
78.744122519237465 23.711716314344152 1.6160578108464669
74.582464689780721 17.041690196377871 0.96652932280751003
75.153623794161419 16.836293106179518 0.39544640593610136
77.949964594035293 18.837824145630805 2.9830360723119096
78.828260800585042 23.493117641815115 2.2446184519760415
76.463255881128561 17.064819848293013 1.253592233495727
75.065102055080359 17.012117992943473 1.0366976543869484
78.821644875653561 22.962096480048462 2.7523109543369095
78.760394764220692 22.239823339778411 3.1239327016681795
79.109884795601658 22.563948618947258 3.2087647342629708
78.104058177551593 21.761226342020581 2.9774294974217774
78.204383131601958 18.312162068380367 2.6530300513784617
77.453367327405431 18.075618037421449 2.5160229365342524
76.333970452968401 17.388277020081368 1.8268412094854902
76.205719928143594 17.841859753647093 2.3040911520203391
77.652677638484704 17.635348512702301 2.0508435244625467
78.366706921039281 19.003911768337709 3.0624911262794186
78.691406032026919 20.65810302481945 3.4376528281965388
79.339100403734307 22.810542036559681 3.2677513694562528
79.096611522558177 21.75556017289755 3.4439355784024848
79.240652745007338 24.042155069030411 2.3611195267199498
79.030505893632338 23.18679199603076 2.8060594993674464
79.447300462517944 24.808029653999654 1.8304731977434976
78.651235238145034 18.49024915376058 2.7382257189252606
79.482815050574743 22.1137353876567 3.5376792073509442
79.736110896567624 22.386234458074291 3.6028626607843428
79.582140105178667 25.143338384514486 1.88390441129153
79.606045164978809 25.235968992977892 1.2199752965470836
77.835895532273469 17.321996011623035 1.4867557861660892
76.586069136494245 16.890287706259613 0.61766061901171465
76.695271033222994 16.874823793881678 -0.043995869326214354
79.413625578051807 19.551048967961663 3.274883857364296
80.198461794811976 21.938527525026142 3.7919171160705929
79.91876280842969 21.637622722734918 3.7199389606179185
79.829697847299485 24.432795516576675 3.0497514366937377
79.475836151183458 23.779683469858437 2.9318658400253987
78.446472415405466 17.885366810868348 2.1956548038352608
78.918773684026803 18.073596591871173 2.285702568796296
79.924471230557288 20.729314105595027 3.6313724161352958
79.492301449751892 21.242110203853095 3.6164233893405555
79.045705047441743 20.088524077012075 3.4352200547494576
79.474206485135198 17.61161415124236 0.44932834544786093
78.113022719645627 17.140452344095337 0.19683066758177326
77.992375087526057 17.153771788137412 0.85654292423340106
79.568339108556273 24.646959400989438 2.4702853918430581
80.69929149983794 21.493442845371689 3.8239292690844238
80.216178651161698 24.177980049340231 3.5351929761692524
79.827832651380135 23.461216876975037 3.4058188278028929
79.803862793019121 26.066423569195106 2.0083629959444949
79.671530143507738 25.423415614413198 1.9250157150008818
78.662155645947493 17.582239775346288 1.6374896873407749
79.342573095572106 17.621130809312938 1.1070027435139718
78.838899648912985 17.420397999503919 1.010973634672526
80.392396003278961 21.16328057021747 3.7449524198392652
80.797117863577185 19.823116357951939 3.1943833185449666
79.773792849405766 19.076916148093165 2.965963600261512
80.794838943929975 22.732512134407248 3.9603940436497087
79.804336126595231 25.294638886866466 2.5697892745796
79.710253360602934 24.999864026963785 2.5265202977359422
80.388794416431793 18.423610158263603 1.9817740841029181
79.15377280667596 17.77816752754822 1.7312201579597488
81.209482462887308 21.076843655250826 3.6970366606168277
80.876183825938909 20.718275648222971 3.6112651093523951
80.705330491523497 23.897325965517137 3.8984000627678466
80.276186419212848 23.105264074752693 3.7554345375505367
80.368001222556018 20.246971879477858 3.4879131633195239
81.186876960877981 19.48237994796877 2.767841179046064
79.982943275909349 24.813885773951196 3.1104772075438127
80.084541114988411 25.132205712923941 3.1572023198470838
79.841477379221729 26.723348267533829 2.0787384842173555
79.82664949298443 26.164689489024553 1.3448193869517677
79.843025634718856 27.122364628504375 1.4415904959007158
80.607885718833046 18.282403763202865 1.3637019069313681
80.384363320255346 24.596212369031949 3.6018377764194263
80.234944265777131 25.86301060041087 3.2519301729721199
81.762814494354359 20.016519020111573 2.9076391228661933
80.105268718449238 18.693678637145521 2.5264117284012162
80.495860909994818 24.945555386631767 3.6531163814844216
81.268718155572998 23.607141140466105 4.1182627254452253
81.342013963595704 20.328470062287355 3.3266468609315059
81.699392838404336 20.712943722120375 3.4186152304360551
82.140547959316876 20.422890581574716 3.0048455825334859
81.514639156925625 19.244567108488596 2.2330775846458124
81.912658777430423 19.12620448322134 0.96767847799511575
80.7498157678871 18.278268035996323 0.70811640775708362
81.920143399744148 22.022980228184764 3.8977988952928975
79.823421374472616 27.063990926091666 2.1095437200677178
80.891177187953076 24.359493440619456 3.9720450105302199
81.014394037586101 24.745536797454708 4.0287115905642761
79.983202532101927 26.662786558422397 2.7315789297100448
79.943613198865918 25.971389258212625 2.6575103010445247
81.353650810222007 22.364624425602919 4.0087864529475716
81.19679145670807 25.631819213729944 4.1435920692314472
82.375535779735969 19.693115605867192 1.7702527806320276
81.761343635761705 19.123496409776667 1.6211690736044613
82.114127285499535 19.800550229983404 2.378592249001132
79.922255867743388 27.354094860065214 2.7904158384553774
79.631382782461046 28.022946102825895 2.1748831227653298
80.038909455284255 28.086674375905645 3.4411860639316778
79.96419669011712 27.021304136558026 2.7640002847991685
79.783571026833343 27.38018810414356 2.1346420299598599
81.473940491860787 24.117486564755833 4.1995850324959587
82.098781019076242 23.884257778351849 4.2712337128639213
81.873602079232001 23.324290744666719 4.1820039372440672
82.937950808873694 20.137351371025947 1.22248234836308
82.461396891273424 21.727435577009473 3.6338819092479628
82.484833809142884 23.065214883533297 4.0859202622165967
81.811412950452919 25.522444825886978 4.3890148185769089
81.609999148417842 24.543772832185738 4.2621583583332896
80.211879438187225 27.356155680269406 3.3954508941714554
82.507310369500516 20.223542038925526 2.4797744669712678
83.345651042511093 21.339669074640121 2.716606751904342
80.257173568368216 26.996785305139106 3.3669260931651941
80.685317109684874 26.991856881446747 3.8832796780168088
80.70783791582295 26.566970170673656 3.8448559319543953
80.277693384476038 26.609630405145282 3.3319143869691228
82.248066369555119 24.351989553861419 4.339890469521503
80.660920257610286 25.747582991535619 3.757075943729717
81.248638749668089 26.537285378359201 4.2405937193486736
83.066881531132026 22.844967224074818 3.835593901257333
82.729384387788969 23.673358645415508 4.1828266710758157
82.469065159177859 25.425817237546557 4.4790813562072795
83.637264855718513 21.269983388660144 2.1165576238511985
83.803846487471361 21.290159186553375 1.4670984990253029
82.778361955083611 20.126482120649232 1.8739166162119112
80.635610879777815 27.386251397995771 3.9145848398855634
81.223748928538896 27.006806777773321 4.2830534281892678
83.863078793326935 23.365570776364134 3.5554002345619846
84.011799160671529 22.569161288794078 2.9385277789222393
82.945954002280672 21.495165803051503 3.2323733790340849
83.585926787874016 22.676350302446245 3.445574674506755
84.046828962340157 23.941270101321191 3.6399059308026196
83.329102298213854 23.497048077656164 3.9395018840104505
82.891515546248229 24.181334552510062 4.2573908995856637
83.131522716671412 25.34754937164055 4.4085563157499035
83.502944555466854 24.041722387697614 4.0194526611076622
81.168821771919454 27.442633559041383 4.3176474155820426
81.841181543491871 27.040766492169496 4.5430143238031739
82.531880539032073 26.522885574323126 4.5966086761193896
81.8686641054191 26.52230042087298 4.4961281728676283
82.501726288771891 27.091760832691072 4.6480535093623185
81.780529874309849 27.522026216614023 4.5812147864429527
84.491551585843979 23.885813019129589 3.1408067616839013
84.319750792971092 22.529630801420847 2.3439215325654477
84.300286025769736 23.286569626486703 3.0528449814162304
84.491884254090678 22.560056170191586 1.6963122141144549
84.318834084178633 25.262964681614559 3.8112247499905632
82.435177069082926 27.619812821269278 4.6899680831929729
83.166998968529882 27.156828290014538 4.592067341222382
84.811266554136381 23.878574836229511 2.5511611547572741
84.615316427498712 23.264635749871189 2.4610431277369944
83.760293798452864 25.292193239189814 4.1815397197427693
83.199746277562369 26.539007348379954 4.5361960144519227
84.774682627213366 25.261562621255838 3.3191324332482477
82.818694870489523 28.896072447924535 4.7105715902731475
83.424864585169473 29.097084270250278 4.5053744012364607
83.094721553196251 27.730310989394638 4.6375876128184732
85.101342177252207 25.288066349227893 2.7338605461266372
85.279836505859691 25.34093805109346 2.0894244145396055
84.98740300155265 23.919978092610801 1.9052388291309263
83.833442993034851 26.569728980430117 4.3184003542883449
83.7983306700676 27.232185831696039 4.3783083698859784
83.720832328021601 27.847100795795182 4.427117467006088
84.359034822194815 27.31345422692911 4.0192004367462157
84.396148135192334 26.613265564883918 3.9558803812822418
84.277124062448479 27.963394343831212 4.0707899461613959
84.731265109015823 28.072431761478445 3.5893128132075631
85.183794443844249 26.728064571267506 2.8881256806240323
84.855160464746277 26.66708723004016 3.469704375920406
85.234997020470345 28.244183434335564 2.3684847295883635
85.362959022714804 26.792653964599385 2.2449447458574543
85.144217637462305 27.474764463364448 2.9556521550011396
84.816525175513064 27.3959107719629 3.5356133303933426
85.056863413148506 28.167876765960731 3.0106681040978582
84.723255103326494 29.576817463139736 3.0988763042790435
84.898674272528339 29.664589255126558 2.4574107564196446
27.96948523705224 24.222759260382865 35.700089354370661
27.578954918759329 23.989749268535956 35.312050752749052
27.55529848262411 24.014303726320801 35.238123170413495
27.534119489510246 24.109212686320735 35.195227198068913
27.586520180818525 24.094032183692679 35.394225100600117
27.542447025524964 24.064671483593965 35.224240993487612
27.531131662759911 24.143563288613201 35.153925178156051
27.695619777208417 24.015395179472705 35.529005708963552
27.533775577198622 24.164363507304511 35.104375744482851
27.555231329854308 24.261383475083061 35.285216131008319
27.566126705424473 24.185419861459653 35.352922066069105
27.554900322968095 24.314488894809088 35.197733292817482
27.658171174609919 24.219153981038993 35.508907446891129
27.785174799002249 24.039315250455061 35.612295515593189
27.69181744388748 24.087287733354962 35.545250440654833
27.801369917808096 24.214945877424608 35.634042018193028
27.636370709519888 24.33575842390864 35.432951129365499
27.918652350503095 24.445786388212376 35.605152616467116
27.768372509464278 24.362814121535795 35.567212910951213
27.573470382548415 24.362820021626352 35.102589680200339
27.750743907924949 24.48572726093899 35.457657320156272
27.628547694247494 24.425691754972462 35.324821508340769
27.750208186720812 24.571652832381382 35.316109240334285
27.901245960015572 24.611683752326222 35.422086281885107
27.808198960948726 24.638684376819803 35.165293057187114
27.709684497909066 24.565640940434818 35.143184433499819
27.635470120782109 24.480146726927398 35.195097462957762
27.562999014128415 23.997295476415356 35.065015048587064
27.53905069520038 24.119302107811404 35.073401459158255
27.542600776030191 24.243213872312239 35.086139198717866
27.630112002805198 24.472121726625481 35.121927945452057
27.920715378966626 24.687589739402899 35.187145224745109
33.974045147639657 28.62373462268064 -4.790471321984719
34.051498808399835 28.121545807228184 -5.3660139947111185
34.104902656221469 28.11043418661281 -5.372521082198837
34.051837854153874 28.17508395942167 -5.3606913592477525
33.900863996715792 28.244197730888281 -5.2964228264448199
33.749351083061235 28.064399485679406 -5.2119600094622083
33.878611979149539 28.035852357432095 -5.3049321081741425
34.068599910277719 28.225655468824819 -5.3531740766467717
33.884396814011431 28.143950389000445 -5.3087864787032473
34.14338555927192 28.298864113412385 -5.3346421557588606
33.947380475125364 28.333960631620926 -5.2805414552986605
34.019392479910678 28.404454056293343 -5.2626968510745957
34.100145358422438 28.268306348539841 -5.344198177799508
33.592380463873411 28.055446991089145 -4.9042150875715702
33.704241977787099 27.972683989980148 -5.1407886996336192
33.643036717005124 28.121222856967307 -5.0648187744888133
33.750238104307847 28.204566015555489 -5.1980250816296563
33.595930544703222 28.17935875558998 -4.8914773480119607
34.10164455244422 28.466243566171766 -5.2287852006705782
34.026533019043349 28.594618473770414 -5.0307531704975545
33.683441771478229 28.408266609903222 -4.8556886012777731
33.626800151221445 28.298964904904093 -4.87502686652949
33.794123517767154 28.336958311282736 -5.178344865421761
33.669681178467599 28.283426392634656 -5.0448139718570006
33.744946159648556 28.428666750982 -5.0191173212506595
33.861464189581419 28.542726909436411 -4.9902441800288297
33.996676555815021 28.622439271673191 -4.9130084080840399
33.861528729621753 28.574829260097545 -4.8123234895427158
33.763014266582097 28.501785823712559 -4.8344321132300099
33.876709871214103 28.448622094002399 -5.1548455340469692
33.989914462708832 28.528622464996168 -5.1298275899825985
79.654409718120831 28.064212815283337 1.5057638208768829
