0 0 0 0
1.2 0 0 0
2.3999999999999999 0 -0.025181540887262616 0
3.5999999999999996 0 -0.063405854503234271 0
4.7999999999999998 0 -0.036913289116064146 0
6 0 -0.020972137593415669 0
7.1999999999999993 0 -0.1310989329119622 0
8.4000000000000004 0 -0.053341940780953792 0
9.5999999999999996 0 0.13056533559032263 0
10.799999999999999 0 0.14192039658288258 0
12 0 0.4909320259752975 0
13.199999999999999 0 0.76910747421410497 0
14.399999999999999 0 0.95888593085528517 0
15.6 0 1.3759177076820126 0
16.800000000000001 0 1.4763271697757276 0
18 0 1.1067157838935595 0
19.199999999999999 0 0.54477052543881088 0
20.399999999999999 0 0.48620256891059077 0
21.599999999999998 0 0.37716403807520932 0
22.800000000000001 0 0.38833568819024711 0
24 0 0.11413270943024484 0
25.199999999999999 0 0.25776747733629779 0
26.399999999999999 0 0.27855126988348883 0
27.599999999999998 0 0.60142543488510514 0
28.799999999999997 0 0.42969454678125069 0
30 0 0.55110229577745873 0
31.199999999999999 0 0.5164331131550185 0
32.399999999999999 0 0.39941093675713396 0
33.600000000000001 0 0.25992748026380014 0
34.799999999999997 0 0.23421295241909487 0
36 0 0.076708945506035645 0
37.199999999999996 0 0.22500072822523215 0
38.399999999999999 0 0.12441856554451003 0
39.600000000000001 0 0.20693063868463041 0
40.799999999999997 0 0.13808883270222264 0
42 0 0.1956150501866403 0
43.199999999999996 0 0.1410969743215246 0
44.399999999999999 0 0.063755770287742541 0
45.600000000000001 0 0.0089847437159925186 0
46.799999999999997 0 0.15915675821687331 0
48 0 0.13719033529357597 0
49.199999999999996 0 0.12679698677071799 0
50.399999999999999 0 -0.034243807617479402 0
51.600000000000001 0 0.022602810071776322 0
52.799999999999997 0 0.24961176827204973 0
54 0 0.11856409835942647 0
55.199999999999996 0 0.026093512983918009 0
56.399999999999999 0 0.078638376462855389 0
57.599999999999994 0 0.10849204975470293 0
58.799999999999997 0 -0.041673589932148702 0
60 0 0.079525902532256026 0
61.199999999999996 0 0.22236926448350752 0
62.399999999999999 0 0.020225586457201482 0
63.599999999999994 0 0.1228020055164025 0
64.799999999999997 0 -0.017888717374615844 0
66 0 0.074768855465596029 0
67.200000000000003 0 0.23672674993302276 0
68.399999999999991 0 0.16166319748349969 0
69.599999999999994 0 -0.036827335353553127 0
70.799999999999997 0 0.038334417516991799 0
72 0 0.16713839434731836 0
73.200000000000003 0 -0.019381360184888514 0
74.399999999999991 0 0.048822777167102878 0
75.599999999999994 0 0.039349384340678042 0
76.799999999999997 0 -0.1133989343481441 0
78 0 0.071696252978804553 0
79.200000000000003 0 -0.073858383388430274 0
80.399999999999991 0 0.03534775457543466 0
81.599999999999994 0 -0.012067244105466699 0
82.799999999999997 0 0.01062835162397904 0
84 0 -0.15666407991999584 0
85.200000000000003 0 0.076223291846657396 0
86.399999999999991 0 0.12432944874739056 0
87.599999999999994 0 0.0085345979251175517 0
88.799999999999997 0 -0.037729445790048957 0
90 0 0.088098761222116781 0
91.200000000000003 0 0.14177928676918847 0
92.399999999999991 0 -0.14678034063167122 0
93.599999999999994 0 0.1054289822088581 0
94.799999999999997 0 0.1469086145351623 0
96 0 0.14516492270134201 0
97.200000000000003 0 0.082260168038266177 0
98.399999999999991 0 -0.015836212515215935 0
99.599999999999994 0 -0.075626434229249362 0
100.8 0 0.17530834798607545 0
102 0 -0.10715379858791627 0
103.2 0 0.092727772600077474 0
104.39999999999999 0 0.23874887270145917 0
105.59999999999999 0 -0.041871654022225133 0
106.8 0 0.34189393047408684 0
108 0 -0.0073399894630159328 0
109.2 0 0.020221195144633143 0
110.39999999999999 0 0.087915718277887675 0
111.59999999999999 0 0.030561598040998166 0
112.8 0 -0.040419516566795197 0
114 0 0.020900197883866534 0
115.19999999999999 0 -0.13301604845805404 0
116.39999999999999 0 0.17435139068153327 0
117.59999999999999 0 -0.086983860895592124 0
118.8 0 0.039970342782932197 0
