0 0 0 0
1.2 0 0 0
2.3999999999999999 0 -0.0080099134620367756 0
3.5999999999999996 0 -0.085082285520801312 0
4.7999999999999998 0 -0.096008539132586806 0
6 0 -0.061163703562036716 0
7.1999999999999993 0 -0.18301860926737915 0
8.4000000000000004 0 -0.14627003778120171 0
9.5999999999999996 0 -0.038640376219353026 0
10.799999999999999 0 0.083965995119061457 0
12 0 0.34956511623615716 0
13.199999999999999 0 0.89026515595122757 0
14.399999999999999 0 1.5189765020523809 0
15.6 0 2.3143344417754554 0
16.800000000000001 0 2.9248171918566777 0
18 0 3.1679012879447823 0
19.199999999999999 0 2.9550075801385387 0
20.399999999999999 0 2.7544523204835647 0
21.599999999999998 0 2.4795699663887842 0
22.800000000000001 0 2.3130344750897209 0
24 0 1.9900308203757828 0
25.199999999999999 0 1.8287531429358195 0
26.399999999999999 0 1.7467050463462828 0
27.599999999999998 0 1.8719366439169061 0
28.799999999999997 0 1.8687893692946815 0
30 0 1.9201963671395759 0
31.199999999999999 0 1.934060840692591 0
32.399999999999999 0 1.9085498495659761 0
33.600000000000001 0 1.7445952654807151 0
34.799999999999997 0 1.6206247738128861 0
36 0 1.4169816957386658 0
37.199999999999996 0 1.3314803542901368 0
38.399999999999999 0 1.2033366404220369 0
39.600000000000001 0 1.1439538000524165 0
40.799999999999997 0 1.0553225161339075 0
42 0 1.0267456949187743 0
43.199999999999996 0 0.97874353233868461 0
44.399999999999999 0 0.85962417197311791 0
45.600000000000001 0 0.75102126850098072 0
46.799999999999997 0 0.79898266732948053 0
48 0 0.79215011922816214 0
49.199999999999996 0 0.75792017881002527 0
50.399999999999999 0 0.62889715983074546 0
51.600000000000001 0 0.55895179147203222 0
52.799999999999997 0 0.61873173561518491 0
54 0 0.64599356710596167 0
55.199999999999996 0 0.6394961313433033 0
56.399999999999999 0 0.61895516435865661 0
57.599999999999994 0 0.57375628612835661 0
58.799999999999997 0 0.49882248651973937 0
60 0 0.49694059912991551 0
61.199999999999996 0 0.60071244716263439 0
62.399999999999999 0 0.54387774271431377 0
63.599999999999994 0 0.55357089313447994 0
64.799999999999997 0 0.45974157921975634 0
66 0 0.45141383406321661 0
67.200000000000003 0 0.54645633084745981 0
68.399999999999991 0 0.60297002918942866 0
69.599999999999994 0 0.49711585329753044 0
70.799999999999997 0 0.46362559320984431 0
72 0 0.53915222545552444 0
73.200000000000003 0 0.47488694276804194 0
74.399999999999991 0 0.47346038209106017 0
75.599999999999994 0 0.43907740304511067 0
76.799999999999997 0 0.29006634066119713 0
78 0 0.35087370620524327 0
79.200000000000003 0 0.23507901692561403 0
80.399999999999991 0 0.22170617535978768 0
81.599999999999994 0 0.25074839934909993 0
82.799999999999997 0 0.25974916065762998 0
84 0 0.14571650231930414 0
85.200000000000003 0 0.22251959946104552 0
86.399999999999991 0 0.30415264601557451 0
87.599999999999994 0 0.30532770504408896 0
88.799999999999997 0 0.28040853154933093 0
90 0 0.28059184356442129 0
91.200000000000003 0 0.3807018699185854 0
92.399999999999991 0 0.2321820602414997 0
93.599999999999994 0 0.25576235511653139 0
94.799999999999997 0 0.3467748964039275 0
96 0 0.3804872010875186 0
97.200000000000003 0 0.39661949670714164 0
98.399999999999991 0 0.29154421912372319 0
99.599999999999994 0 0.16617523205428134 0
100.8 0 0.30688236577504258 0
102 0 0.20835085565715161 0
103.2 0 0.30023172015897753 0
104.39999999999999 0 0.41095943853820677 0
105.59999999999999 0 0.29997719800346667 0
106.8 0 0.47600269028713127 0
108 0 0.38569670765217029 0
109.2 0 0.35348336047156709 0
110.39999999999999 0 0.34945634059675657 0
111.59999999999999 0 0.34245366633345842 0
112.8 0 0.25078736458589124 0
114 0 0.24756160611618663 0
115.19999999999999 0 0.071954881714846555 0
116.39999999999999 0 0.18784756157966936 0
117.59999999999999 0 0.10602948564510351 0
118.8 0 0.12141082477701876 0
