0 0 0 0
1.2 0 0 0
2.3999999999999999 0 0.040834997659628489 0
3.5999999999999996 0 -0.15177262887364698 0
4.7999999999999998 0 -0.021689517157012693 0
6 0 0.11790216112004391 0
7.1999999999999993 0 -0.19590482954930094 0
8.4000000000000004 0 0.13625102284891777 0
9.5999999999999996 0 -0.071570844450825136 0
10.799999999999999 0 0.066892709831795627 0
12 0 -0.23790055796608392 0
13.199999999999999 0 0.38527619902581545 0
14.399999999999999 0 0.73802319649037085 0
15.6 0 0.83777445113966342 0
16.800000000000001 0 0.53077818280023448 0
18 0 0.6580342565577868 0
19.199999999999999 0 0.61105031113462682 0
20.399999999999999 0 0.62732708156854533 0
21.599999999999998 0 0.43180333851388758 0
22.800000000000001 0 0.59290910618876946 0
24 0 0.57095384303858743 0
25.199999999999999 0 0.51785845279371467 0
26.399999999999999 0 0.63755758139735996 0
27.599999999999998 0 0.48509899783033444 0
28.799999999999997 0 0.56921481354351366 0
30 0 0.4382461392901793 0
31.199999999999999 0 0.43097641307091944 0
32.399999999999999 0 0.62528040220585668 0
33.600000000000001 0 0.41829754440511302 0
34.799999999999997 0 0.50475094432950296 0
36 0 0.50804459897315946 0
37.199999999999996 0 0.37147369811934261 0
38.399999999999999 0 0.40293523089484201 0
39.600000000000001 0 0.32521908276645717 0
40.799999999999997 0 0.34561840496554141 0
42 0 0.34464447364174317 0
43.199999999999996 0 0.39544540077381107 0
44.399999999999999 0 0.27129232655800217 0
45.600000000000001 0 0.36205735911254672 0
46.799999999999997 0 0.48138372210719427 0
48 0 0.35780395300970597 0
49.199999999999996 0 0.26342941710408141 0
50.399999999999999 0 0.30155185275225177 0
51.600000000000001 0 0.25799213339432631 0
52.799999999999997 0 0.069162911276212186 0
54 0 0.38117404366360452 0
55.199999999999996 0 0.5395574731826881 0
56.399999999999999 0 0.31457014502126812 0
57.599999999999994 0 0.097617209429914281 0
58.799999999999997 0 0.37406392428746194 0
60 0 0.25208993356706794 0
61.199999999999996 0 0.27951081382117587 0
62.399999999999999 0 0.29375196851497465 0
63.599999999999994 0 0.21747537798582678 0
64.799999999999997 0 0.20064335162785943 0
66 0 0.19934811714462949 0
67.200000000000003 0 0.15308440366253503 0
68.399999999999991 0 0.30635943121216092 0
69.599999999999994 0 0.25475060638519664 0
70.799999999999997 0 0.236988140366582 0
72 0 0.28949248323250215 0
73.200000000000003 0 0.31881341436443278 0
74.399999999999991 0 0.32223684833314548 0
75.599999999999994 0 0.20641931986991194 0
76.799999999999997 0 0.13355960242591888 0
78 0 0.33847616574898304 0
79.200000000000003 0 0.070671869492141604 0
80.399999999999991 0 0.071086773080728707 0
81.599999999999994 0 0.38375754496320724 0
82.799999999999997 0 0.25786664348079302 0
84 0 0.23559988095153972 0
85.200000000000003 0 0.24986004772687734 0
86.399999999999991 0 0.20327445495516855 0
87.599999999999994 0 0.28364077469711785 0
88.799999999999997 0 0.31053295727028452 0
90 0 0.016906599948372292 0
91.200000000000003 0 0.28906409745823292 0
92.399999999999991 0 0.17745704987955638 0
93.599999999999994 0 0.018076391406729217 0
94.799999999999997 0 0.20942419042309371 0
96 0 0.057366781928795949 0
97.200000000000003 0 0.20361331132441957 0
98.399999999999991 0 -0.011198068608693962 0
99.599999999999994 0 -0.02484208882277579 0
100.8 0 0.24998110088601946 0
102 0 0.20137388436126466 0
103.2 0 0.32831795069816416 0
104.39999999999999 0 0.063805215031263629 0
105.59999999999999 0 0.055651358287676048 0
106.8 0 0.037072539810417887 0
108 0 0.10669673392468229 0
109.2 0 0.18544195110232398 0
110.39999999999999 0 0.072285786180391748 0
111.59999999999999 0 0.22742662466613672 0
112.8 0 0.066491575127720234 0
114 0 0.17410848423223829 0
115.19999999999999 0 -0.11435272091546381 0
116.39999999999999 0 0.051102322417811277 0
117.59999999999999 0 0.094254148549994282 0
118.8 0 0.05277092686793957 0
