-17.0159 -0.712051 4.85806 
-16.9582 -0.733856 4.94862 
-16.8004 -0.850845 5.03885 
-16.6308 -0.983063 5.11542 
-16.4507 -1.12883 5.17892 
-16.257 -1.29236 5.22501 
-16.174 -1.36678 5.23338 
-16.0397 -1.48854 5.23909 
-15.9634 -1.55901 5.23814 
-15.8572 -1.67113 5.19727 
-15.7995 -1.74516 5.1338 
-15.8713 -1.71922 5.01762 
-15.8754 -1.71703 5.01282 
-16.0051 -1.6373 4.89316 
-16.1874 -1.49144 4.83115 
-16.3057 -1.38678 4.82442 
-16.4166 -1.28496 4.82722 
-16.4936 -1.21294 4.83046 
-16.654 -1.05894 4.8484 
-16.6607 -1.05266 4.84778 
-16.8613 -0.865295 4.84125 
-16.882 -0.845047 4.84319 
-16.7996 -1.02328 4.73235 
-16.8403 -0.959869 4.80074 
-16.8898 -0.887558 4.86279 
-16.8535 -0.904816 4.90791 
-16.7448 -0.966492 5.01076 
-16.7183 -0.981369 5.03442 
-16.5598 -1.09155 5.12984 
-16.3733 -1.24565 5.18401 
-16.3376 -1.27841 5.18776 
-16.1591 -1.44174 5.19931 
-16.1126 -1.48492 5.20016 
-15.9891 -1.61281 5.16969 
-15.8969 -1.71608 5.1237 
-15.8448 -1.77994 5.08197 
-15.8268 -1.80122 5.0676 
-15.828 -1.80281 5.06042 
-15.8307 -1.8295 4.97928 
-15.9074 -1.79965 4.862 
-16.0813 -1.66737 4.78708 
-16.2767 -1.50499 4.74165 
-16.4297 -1.37151 4.72141 
-16.4877 -1.31979 4.71658 
-16.6413 -1.17751 4.71567 
-16.7207 -1.1001 4.7242 
-16.8271 -1.10843 4.58032 
-16.9585 -0.972931 4.60777 
-17.0058 -0.903214 4.6711 
-16.9114 -0.946045 4.78775 
-16.9001 -0.951706 4.8013 
-16.8031 -0.990005 4.92471 
-16.7914 -0.995865 4.93739 
-16.6372 -1.09628 5.04056 
-16.4501 -1.26045 5.0764 
-16.4407 -1.26859 5.07784 
-16.2314 -1.46393 5.08879 
-16.2247 -1.47035 5.08839 
-16.0115 -1.66553 5.09842 
-15.9666 -1.73485 5.0349 
-15.9761 -1.76219 4.94762 
-16.0372 -1.74869 4.83669 
-16.0413 -1.74696 4.83286 
-16.1775 -1.66602 4.70949 
-16.363 -1.51646 4.65204 
-16.5375 -1.36548 4.62218 
-16.5653 -1.34135 4.6174 
-16.7651 -1.16634 4.58246 
-17.3828 -0.739197 4.27344 
-17.419 -0.678604 4.3418 
-17.4091 -0.682556 4.35608 
-17.3475 -0.702454 4.45816 
-17.3086 -0.711456 4.5275 
-17.2559 -0.739868 4.58144 
-17.1708 -0.79364 4.64835 
-17.0166 -0.900955 4.74478 
-16.8498 -1.02751 4.82332 
-16.6775 -1.16028 4.89777 
-16.4983 -1.30142 4.96169 
-16.319 -1.44119 5.02687 
-16.127 -1.60057 5.07486 
-16.0811 -1.64026 5.08202 
-15.9263 -1.77132 5.11134 
-15.7554 -1.9191 5.13353 
-15.7173 -1.95326 5.13696 
-15.5063 -2.13313 5.16432 
-15.4722 -2.16362 5.16612 
-15.28 -2.33955 5.16029 
-15.2349 -2.40863 5.09596 
-15.3713 -2.33858 4.97716 
-15.4108 -2.31667 4.94524 
-15.5165 -2.25691 4.85898 
-15.6824 -2.14287 4.77084 
-15.859 -2.01108 4.69867 
-16.0436 -1.86726 4.6367 
-16.2326 -1.71498 4.5827 
-16.3223 -1.63661 4.57166 
-16.4428 -1.53023 4.55861 
-16.6349 -1.36842 4.51137 
-16.7263 -1.29285 4.48335 
-16.8184 -1.21582 4.45508 
-16.981 -1.09102 4.37364 
-17.1484 -0.95755 4.29784 
-17.3488 -0.773041 4.27167 
-17.4218 -0.811813 4.11473 
-17.4923 -0.72258 4.16718 
-17.5098 -0.675385 4.24178 
-17.4883 -0.682571 4.27525 
-17.4398 -0.696289 4.35541 
-17.3776 -0.72287 4.43369 
-17.3304 -0.746353 4.48399 
-17.2443 -0.794006 4.56383 
-17.1425 -0.854614 4.64453 
-17.1008 -0.878723 4.67836 
-16.9469 -0.978973 4.77844 
-16.7809 -1.09747 4.86288 
-16.6076 -1.2289 4.93501 
-16.4325 -1.36086 5.00569 
-16.2412 -1.52016 5.05356 
-16.1305 -1.62144 5.06474 
-16.0344 -1.7074 5.07605 
-15.8638 -1.85948 5.09517 
-15.8255 -1.89339 5.09863 
-15.615 -2.07764 5.12233 
-15.5946 -2.09621 5.1237 
-15.486 -2.21519 5.08791 
-15.3869 -2.32541 5.04796 
-15.3197 -2.41183 4.99463 
-15.3234 -2.44617 4.91235 
-15.4023 -2.41609 4.81866 
-15.4546 -2.38615 4.77901 
-15.5541 -2.32541 4.71025 
-15.7185 -2.21365 4.62045 
-15.9201 -2.04333 4.59357 
-15.9284 -2.03583 4.59215 
-16.1083 -1.89938 4.52429 
-16.2794 -1.77155 4.44734 
-16.2923 -1.76241 4.43939 
-16.4364 -1.66057 4.35413 
-16.6065 -1.52988 4.2776 
-16.7752 -1.39864 4.20222 
-16.943 -1.26566 4.12802 
-17.1228 -1.11493 4.06961 
-17.1428 -1.09627 4.06807 
-17.2995 -0.940964 4.08434 
-17.3674 -0.86908 4.10193 
-17.6079 -0.84465 3.62334 
-17.7486 -0.702209 3.64616 
-17.8283 -0.608841 3.69635 
-17.8444 -0.566559 3.77557 
-17.8453 -0.53537 3.86018 
-17.8074 -0.549545 3.92336 
-17.775 -0.561569 3.97639 
-17.7217 -0.570282 4.08263 
-17.7103 -0.576157 4.09581 
-17.607 -0.626617 4.21498 
-17.5888 -0.635391 4.23569 
-17.4496 -0.719482 4.35213 
-17.4165 -0.740097 4.37782 
-17.3024 -0.812943 4.46019 
-17.1731 -0.889923 4.55936 
-17.1571 -0.89827 4.57318 
-16.9996 -1.00401 4.66801 
-16.8394 -1.1096 4.76202 
-16.6679 -1.23618 4.83708 
-16.4931 -1.36682 4.908 
-16.316 -1.49835 4.97838 
-16.1384 -1.62863 5.04758 
-15.9568 -1.76363 5.11287 
-15.7634 -1.92007 5.16037 
-15.6077 -2.05313 5.18547 
-15.5602 -2.09473 5.19162 
-15.403 -2.24391 5.18938 
-15.3164 -2.34973 5.14917 
-15.3081 -2.35863 5.14664 
-15.2097 -2.46832 5.11427 
-15.1569 -2.54773 5.05768 
-15.1198 -2.61421 4.99477 
-15.1093 -2.66077 4.92079 
-15.1242 -2.66888 4.87529 
-15.1368 -2.67862 4.8304 
-15.0713 -2.7612 4.77423 
-15.0337 -2.82219 4.70616 
-15.0576 -2.83795 4.61342 
-15.1076 -2.81987 4.54561 
-15.1438 -2.80682 4.49513 
-15.1955 -2.79831 4.3884 
-15.207 -2.79245 4.37532 
-15.3543 -2.70035 4.26555 
-15.4173 -2.66209 4.21156 
-15.4919 -2.61662 4.1474 
-15.678 -2.47311 4.08759 
-15.7779 -2.39265 4.06528 
-15.8768 -2.31311 4.04214 
-16.0471 -2.18405 3.96649 
-16.2192 -2.05139 3.89447 
-16.4021 -1.90454 3.83351 
-16.5966 -1.74089 3.79019 
-16.6813 -1.66919 3.77191 
-16.7907 -1.57588 3.74803 
-16.9719 -1.42444 3.6907 
-17.1244 -1.29018 3.66551 
-17.1704 -1.24928 3.65744 
-17.3714 -1.06848 3.63004 
-17.4035 -1.03859 3.62881 
-17.5876 -0.863846 3.62439 
-17.8788 -0.694305 3.44337 
-17.9276 -0.626755 3.50819 
-17.9776 -0.556198 3.57047 
-18.0101 -0.498993 3.6403 
-17.9836 -0.510406 3.68214 
-17.9359 -0.529083 3.75844 
-17.9064 -0.51886 3.85359 
-17.8953 -0.524963 3.86649 
-17.7656 -0.601746 3.99051 
-17.7541 -0.607712 4.00308 
-17.6377 -0.668594 4.12183 
-17.6047 -0.689377 4.14746 
-17.4946 -0.757996 4.23277 
-17.34 -0.864395 4.32828 
-17.3074 -0.883743 4.35298 
-17.1925 -0.953156 4.43723 
-17.0343 -1.05887 4.53058 
-16.8606 -1.19328 4.5994 
-16.7807 -1.24503 4.64603 
-16.7002 -1.29637 4.69342 
-16.5315 -1.41307 4.7753 
-16.3543 -1.5443 4.84541 
-16.1757 -1.67606 4.91312 
-15.9907 -1.81879 4.97098 
-15.9049 -1.8903 4.98911 
-15.7948 -1.98137 5.01271 
-15.5912 -2.15688 5.04236 
-15.5711 -2.17534 5.04318 
-15.4296 -2.32195 5.02325 
-15.3541 -2.39595 5.01848 
-15.2632 -2.48398 5.01241 
-15.175 -2.58911 4.97063 
-15.1002 -2.68431 4.92336 
-15.0474 -2.76219 4.86595 
-15.004 -2.83194 4.80457 
-15.0053 -2.86929 4.72519 
-15.004 -2.90668 4.64609 
-14.9584 -2.97313 4.58101 
-14.9934 -2.97388 4.50597 
-15.0081 -2.97142 4.47949 
-15.0828 -2.94908 4.36671 
-15.1026 -2.93953 4.34583 
-15.2099 -2.88654 4.23172 
-15.2295 -2.8765 4.21138 
-15.3447 -2.81494 4.09175 
-15.3566 -2.80861 4.07866 
-15.5127 -2.70247 3.98289 
-15.6703 -2.59218 3.89015 
-15.8422 -2.46364 3.81404 
-16.0085 -2.33914 3.7341 
-16.0172 -2.33313 3.72804 
-16.1548 -2.23523 3.63329 
-16.3373 -2.08888 3.57259 
-16.4231 -2.01688 3.55519 
-16.5331 -1.92517 3.53043 
-16.7167 -1.77315 3.47643 
-16.9052 -1.61385 3.42749 
-16.926 -1.595 3.42766 
-17.1267 -1.41316 3.42102 
-17.1469 -1.39471 3.42047 
-17.3451 -1.21262 3.41313 
-17.3649 -1.19423 3.41263 
-17.5614 -1.00908 3.41359 
-17.5672 -1.00308 3.41391 
-17.731 -0.843399 3.4236 
-17.803 -0.77063 3.43517 
-17.8921 -0.807495 3.20604 
-17.9929 -0.69751 3.24719 
-18.0316 -0.638382 3.31593 
-18.0489 -0.595749 3.39369 
-18.064 -0.552979 3.47191 
-18.0299 -0.551224 3.56572 
-18.0271 -0.55162 3.57135 
-17.9283 -0.599564 3.69843 
-17.9164 -0.605896 3.71115 
-17.8232 -0.649551 3.8252 
-17.7986 -0.660477 3.85506 
-17.701 -0.70993 3.95667 
-17.6711 -0.725159 3.98651 
-17.5281 -0.813461 4.09749 
-17.4947 -0.833511 4.12254 
-17.3811 -0.902893 4.20628 
-17.2214 -1.0154 4.29387 
-17.1338 -1.07175 4.34891 
-17.0661 -1.11484 4.39151 
-16.8988 -1.23422 4.47281 
-16.7282 -1.35887 4.54779 
-16.5648 -1.46327 4.63881 
-16.3876 -1.59367 4.70831 
-16.21 -1.72386 4.77684 
-16.0309 -1.85365 4.8445 
-15.843 -1.99794 4.90062 
-15.653 -2.14618 4.95154 
-15.5493 -2.23827 4.96321 
-15.4454 -2.32948 4.97408 
-15.3109 -2.45276 4.97945 
-15.2416 -2.54829 4.93427 
-15.1879 -2.60852 4.9174 
-15.1345 -2.66841 4.90106 
-15.0721 -2.7562 4.85005 
-15.0541 -2.81139 4.78247 
-15.0721 -2.81982 4.73842 
-15.0866 -2.82961 4.69484 
-15.072 -2.87944 4.62364 
-15.0725 -2.91762 4.54504 
-15.029 -2.98465 4.48123 
-15.0562 -2.99799 4.39505 
-15.0589 -2.99841 4.38899 
-15.0773 -3.01775 4.29958 
-15.1551 -2.98125 4.22055 
-15.2181 -2.94833 4.16245 
-15.2909 -2.90849 4.09683 
-15.4488 -2.80496 4.00046 
-15.4858 -2.78197 3.97305 
-15.597 -2.71039 3.89429 
-15.7689 -2.58374 3.81963 
-15.927 -2.47299 3.72688 
-16.0996 -2.34126 3.65535 
-16.1752 -2.28763 3.6062 
-16.2485 -2.2359 3.55678 
-16.4198 -2.10213 3.48425 
-16.5161 -2.02202 3.46251 
-16.6119 -1.94189 3.43907 
-16.7761 -1.81218 3.36273 
-16.9462 -1.67407 3.29353 
-17.1467 -1.49739 3.26323 
-17.1846 -1.46361 3.26036 
-17.3516 -1.31352 3.23999 
-17.46 -1.21524 3.22644 
-17.5547 -1.12787 3.21759 
-17.6999 -0.992416 3.20641 
-17.7635 -0.932617 3.20352 
-17.6935 -1.07201 3.15462 
-17.7688 -0.983582 3.20718 
-17.8332 -0.902664 3.26396 
-17.9319 -0.791351 3.30418 
-17.9849 -0.716385 3.36284 
-18.0183 -0.656097 3.42937 
-18.0063 -0.631622 3.51579 
-17.9847 -0.613388 3.60446 
-17.9726 -0.619797 3.61713 
-17.8681 -0.670288 3.73366 
-17.8494 -0.679947 3.75319 
-17.7307 -0.741196 3.86969 
-17.7187 -0.74675 3.88225 
-17.5663 -0.852554 3.97546 
-17.4106 -0.958267 4.0696 
-17.3779 -0.977753 4.0945 
-17.2617 -1.04672 4.17647 
-17.1031 -1.15097 4.26816 
-17.0644 -1.17407 4.29439 
-16.9464 -1.24529 4.36981 
-16.7736 -1.37489 4.43973 
-16.6008 -1.5009 4.51183 
-16.4341 -1.60539 4.60159 
-16.2579 -1.73082 4.67238 
-16.0714 -1.87817 4.72504 
-15.8832 -2.02521 4.77827 
-15.6954 -2.16838 4.83272 
-15.6097 -2.23923 4.84959 
-15.4986 -2.32977 4.87221 
-15.2956 -2.50023 4.90424 
-15.262 -2.53102 4.90565 
-15.1007 -2.69144 4.89374 
-15.0634 -2.73044 4.88736 
-14.9719 -2.82758 4.86902 
-14.9275 -2.90414 4.81331 
-14.9273 -2.94923 4.74223 
-14.9533 -2.94504 4.70961 
-15.0042 -2.93964 4.64201 
-15.0532 -2.94682 4.54875 
-15.0663 -2.9416 4.53709 
-15.1851 -2.89429 4.42499 
-15.2058 -2.8855 4.40614 
-15.3332 -2.82706 4.29248 
-15.3458 -2.82135 4.28046 
-15.5045 -2.72472 4.18251 
-15.6084 -2.66411 4.10959 
-15.6559 -2.63669 4.07469 
-15.8122 -2.53683 3.97702 
-15.9742 -2.42682 3.88782 
-15.9806 -2.42276 3.88268 
-16.1201 -2.33548 3.77876 
-16.2218 -2.27074 3.70175 
-16.2611 -2.24713 3.66687 
-16.3999 -2.15782 3.5549 
-16.423 -2.1438 3.53212 
-16.529 -2.07736 3.43117 
-16.5778 -2.04787 3.37871 
-16.6448 -2.00838 3.29732 
-16.7908 -1.90025 3.20006 
-16.7984 -1.89458 3.19405 
-16.9304 -1.79654 3.09741 
-17.0816 -1.66565 3.06947 
-17.1284 -1.62373 3.06367 
-17.278 -1.48457 3.07361 
-17.3761 -1.38907 3.09135 
-17.4269 -1.34036 3.09703 
-17.5416 -1.2225 3.13542 
-17.6438 -1.12141 3.14935 
-17.9703 -0.790741 3.30377 
-17.98 -0.74765 3.37943 
-17.959 -0.753952 3.4136 
-17.918 -0.762573 3.48572 
-17.8742 -0.759552 3.58052 
-17.8627 -0.764801 3.59346 
-17.7548 -0.815186 3.70853 
-17.7356 -0.824493 3.7281 
-17.593 -0.907867 3.83978 
-17.5677 -0.921295 3.86125 
-17.4477 -0.990219 3.95216 
-17.3415 -1.05363 4.02655 
-17.2981 -1.07739 4.05865 
-17.1357 -1.19025 4.14288 
-16.9735 -1.29547 4.23297 
-16.8037 -1.41696 4.30879 
-16.7939 -1.42279 4.31499 
-16.641 -1.51572 4.40207 
-16.4632 -1.64874 4.46799 
-16.2852 -1.77826 4.53432 
-16.1064 -1.9077 4.6013 
-15.9202 -2.04973 4.65685 
-15.8355 -2.12021 4.67439 
-15.7262 -2.21063 4.69734 
-15.535 -2.35878 4.74629 
-15.3391 -2.51404 4.78966 
-15.3153 -2.53529 4.7919 
-15.1318 -2.69348 4.81305 
-15.0502 -2.76778 4.8168 
-14.93 -2.89874 4.79041 
-14.892 -2.94 4.78214 
-14.8081 -3.02965 4.76323 
-14.7949 -3.08577 4.69812 
-14.817 -3.09045 4.65967 
-14.843 -3.09827 4.61044 
-14.8614 -3.12959 4.5314 
-14.9198 -3.11324 4.46843 
-14.9623 -3.10185 4.42157 
-15.028 -3.09645 4.32253 
-15.0408 -3.0909 4.31126 
-15.1675 -3.037 4.19583 
-15.1812 -3.03113 4.18346 
-15.3413 -2.93509 4.08694 
-15.4453 -2.87532 4.01518 
-15.4929 -2.84811 3.9805 
-15.6518 -2.74773 3.88379 
-15.815 -2.63824 3.79599 
-15.8237 -2.63292 3.7905 
-15.9672 -2.54126 3.6951 
-16.124 -2.43491 3.60109 
-16.1482 -2.42111 3.57932 
-16.2606 -2.3517 3.48499 
-16.3601 -2.28661 3.40721 
-16.3992 -2.26196 3.37349 
-16.5456 -2.16025 3.27167 
-16.6048 -2.12126 3.21855 
-16.6756 -2.07466 3.15463 
-16.8273 -1.95961 3.06506 
-17.0002 -1.81821 3.00137 
-17.1029 -1.72345 3.00488 
-17.2251 -1.60197 3.04062 
-17.263 -1.56538 3.04633 
-17.3706 -1.45952 3.0665 
-17.4609 -1.36 3.11308 
-17.5612 -1.25119 3.15477 
-17.5689 -1.24333 3.15588 
-17.6898 -1.11685 3.1821 
-17.7879 -1.00598 3.22224 
-17.8598 -0.915344 3.27246 
-17.8674 -0.907089 3.27446 
-17.9533 -0.897736 3.1624 
-17.9933 -0.829758 3.22426 
-17.9764 -0.827927 3.26523 
-17.9577 -0.822052 3.31702 
-17.896 -0.833908 3.41986 
-17.8782 -0.841385 3.44154 
-17.7956 -0.874207 3.53804 
-17.7533 -0.894714 3.57983 
-17.6287 -0.96492 3.68161 
-17.6126 -0.97348 3.69518 
-17.4627 -1.06506 3.79863 
-17.3956 -1.10255 3.84863 
-17.3151 -1.14732 3.90817 
-17.1527 -1.25916 3.9922 
-16.9891 -1.36803 4.07907 
-16.9792 -1.37387 4.08534 
-16.8272 -1.46852 4.17091 
-16.6526 -1.59798 4.23819 
-16.4759 -1.72827 4.30521 
-16.2983 -1.85757 4.37103 
-16.1192 -1.98679 4.43701 
-15.9381 -2.1162 4.50214 
-15.756 -2.24503 4.56642 
-15.5739 -2.3934 4.60493 
-15.5618 -2.40347 4.60715 
-15.368 -2.55418 4.65355 
-15.1703 -2.71326 4.69202 
-15.1098 -2.76535 4.69884 
-14.9647 -2.88669 4.71848 
-14.8251 -3.00917 4.72882 
-14.7471 -3.08273 4.7267 
-14.6452 -3.17964 4.72212 
-14.5505 -3.29179 4.68581 
-14.5357 -3.34903 4.62173 
-14.5841 -3.36282 4.53548 
-14.6114 -3.35878 4.50356 
-14.6629 -3.3544 4.43732 
-14.7145 -3.36172 4.34665 
-14.7281 -3.35632 4.33487 
-14.8481 -3.31104 4.22598 
-14.8692 -3.30241 4.2074 
-14.9899 -3.25179 4.09984 
-15.01 -3.24342 4.08151 
-15.162 -3.16266 3.97215 
-15.1963 -3.1438 3.94739 
-15.3151 -3.07607 3.86757 
-15.478 -2.97214 3.77649 
-15.5122 -2.95226 3.75262 
-15.6279 -2.88329 3.67032 
-15.787 -2.77852 3.57828 
-15.8196 -2.7588 3.55408 
-15.9319 -2.6895 3.47035 
-16.0883 -2.5827 3.37686 
-16.1198 -2.56288 3.35165 
-16.2289 -2.49228 3.26787 
-16.3835 -2.38174 3.17738 
-16.5456 -2.26021 3.09583 
-16.5604 -2.24963 3.08641 
-16.6988 -2.14635 3.00729 
-16.7884 -2.06937 2.99176 
-16.8977 -1.97488 2.9738 
-17.0349 -1.84909 2.97466 
-17.1371 -1.75018 2.9904 
-17.1877 -1.70142 2.99689 
-17.3126 -1.57413 3.0293 
-17.4128 -1.46515 3.0704 
-17.4201 -1.45827 3.07082 
-17.5589 -1.3176 3.091 
-17.6605 -1.21275 3.1055 
-17.7068 -1.16582 3.10915 
-17.8112 -1.04781 3.14503 
-17.9068 -0.946976 3.15758 
-17.9917 -0.956604 2.99458 
-18.0256 -0.893219 3.05876 
-18.063 -0.825821 3.11905 
-18.0584 -0.791138 3.1969 
-18.0468 -0.796021 3.21077 
-17.9742 -0.819565 3.30804 
-17.9269 -0.843002 3.35452 
-17.8023 -0.915756 3.45367 
-17.7868 -0.924225 3.4669 
-17.6397 -1.01552 3.56967 
-17.5783 -1.04875 3.61745 
-17.4939 -1.09441 3.68245 
-17.3344 -1.20358 3.7688 
-17.2455 -1.25983 3.82121 
-17.1769 -1.30215 3.86205 
-17.0097 -1.41948 3.94131 
-16.8435 -1.53189 4.022 
-16.6749 -1.6447 4.10208 
-16.4967 -1.77805 4.16542 
-16.3194 -1.90736 4.23123 
-16.1406 -2.03609 4.29626 
-15.9595 -2.16525 4.36079 
-15.773 -2.30716 4.41408 
-15.5839 -2.45291 4.46379 
-15.3937 -2.59492 4.51625 
-15.3292 -2.64987 4.52467 
-15.1915 -2.76631 4.54463 
-14.9915 -2.92746 4.58005 
-14.9668 -2.94925 4.58176 
-14.7837 -3.10364 4.60287 
-14.6833 -3.1907 4.61002 
-14.5587 -3.31281 4.59984 
-14.5243 -3.34689 4.59616 
-14.4534 -3.44336 4.55145 
-14.4862 -3.46611 4.47792 
-14.4894 -3.46754 4.47241 
-14.5244 -3.49016 4.39124 
-14.6121 -3.46007 4.31721 
-14.6582 -3.44498 4.27577 
-14.7274 -3.44089 4.17953 
-14.7406 -3.43604 4.16768 
-14.8508 -3.39723 4.06369 
-14.8766 -3.39157 4.03271 
-14.9289 -3.38309 3.96094 
-14.9986 -3.36086 3.88275 
-15.0337 -3.34706 3.84712 
-15.132 -3.30562 3.75079 
-15.1705 -3.28619 3.71896 
-15.2791 -3.22562 3.63956 
-15.3873 -3.16403 3.56036 
-15.4243 -3.14462 3.5278 
-15.5781 -3.04852 3.42772 
-15.6253 -3.02193 3.38834 
-15.7173 -2.96779 3.31367 
-15.8013 -2.91949 3.237 
-15.8469 -2.89481 3.19006 
-15.9424 -2.83913 3.09604 
-15.9747 -2.82008 3.06543 
-16.1079 -2.73444 2.95128 
-16.1225 -2.72525 2.93654 
-16.2341 -2.65344 2.83147 
-16.3874 -2.53917 2.74243 
-16.5554 -2.40639 2.67265 
-16.7438 -2.24973 2.62625 
-16.8574 -2.14676 2.63315 
-16.9106 -2.08504 2.70143 
-16.9665 -2.01825 2.76643 
-17.0012 -1.96739 2.83948 
-17.1088 -1.85588 2.88039 
-17.2113 -1.74719 2.92171 
-17.22 -1.73865 2.92352 
-17.336 -1.61867 2.95334 
-17.4718 -1.48236 2.96848 
-17.4921 -1.46239 2.96939 
-17.6324 -1.31729 2.99092 
-17.7001 -1.2515 2.9892 
-17.8283 -1.12506 2.98703 
-17.9103 -1.04082 2.99133 
-17.9538 -1.07634 2.85977 
-18.083 -0.934204 2.88145 
-18.1491 -0.842743 2.92918 
-18.155 -0.799255 3.00188 
-18.0987 -0.805466 3.10054 
-18.0859 -0.811951 3.11224 
-17.9684 -0.869705 3.22847 
-17.9561 -0.875427 3.24023 
-17.8106 -0.966492 3.34293 
-17.7502 -1.00012 3.39012 
-17.6678 -1.04533 3.45441 
-17.5117 -1.14801 3.54666 
-17.4737 -1.17068 3.57166 
-17.3583 -1.23944 3.64565 
-17.1951 -1.35286 3.72591 
-17.0278 -1.46997 3.80345 
-16.8582 -1.59152 3.87625 
-16.8479 -1.59735 3.882 
-16.6939 -1.69138 3.96516 
-16.5173 -1.82205 4.03009 
-16.34 -1.9494 4.09633 
-16.1608 -2.07916 4.15945 
-15.9803 -2.20731 4.22383 
-15.8006 -2.35538 4.2619 
-15.7884 -2.3653 4.26413 
-15.6013 -2.50493 4.3172 
-15.4084 -2.65579 4.36302 
-15.2542 -2.78693 4.38448 
-15.2072 -2.82675 4.3912 
-15.0099 -2.98224 4.43034 
-14.8967 -3.08141 4.43912 
-14.7988 -3.16829 4.44452 
-14.6751 -3.28142 4.44637 
-14.5909 -3.38785 4.40819 
-14.5667 -3.45328 4.34911 
-14.5987 -3.47968 4.27153 
-14.6617 -3.46432 4.21085 
-14.7068 -3.45354 4.1662 
-14.7779 -3.45009 4.07166 
-14.7911 -3.44518 4.05984 
-14.9033 -3.40714 3.95691 
-14.9294 -3.40131 3.9263 
-14.9784 -3.39589 3.85789 
-15.049 -3.37959 3.77113 
-15.0679 -3.37271 3.7504 
-15.1527 -3.35057 3.64366 
-15.1729 -3.34195 3.62508 
-15.2775 -3.29695 3.52095 
-15.2981 -3.29401 3.48631 
-15.3284 -3.29387 3.42287 
-15.3686 -3.29628 3.32669 
-15.3876 -3.28735 3.30605 
-15.4626 -3.25742 3.20938 
-15.5004 -3.24156 3.15845 
-15.5696 -3.20567 3.08469 
-15.6282 -3.17137 3.03372 
-15.7379 -3.10548 2.9344 
-15.7578 -3.09407 2.91353 
-15.8993 -3.00032 2.8073 
-15.943 -2.97244 2.76698 
-16.0262 -2.91866 2.68913 
-16.1797 -2.80562 2.6017 
-16.3473 -2.67537 2.53001 
-16.5373 -2.51901 2.48441 
-16.635 -2.43315 2.48668 
-16.7799 -2.30229 2.49908 
-16.8174 -2.26888 2.50082 
-16.8953 -2.1861 2.55746 
-16.9509 -2.11986 2.62169 
-16.9829 -2.07109 2.69536 
-16.9907 -2.0491 2.74557 
-16.9958 -2.03528 2.77573 
-16.9816 -2.01936 2.86572 
-17.1016 -1.89934 2.88644 
-17.1251 -1.87659 2.88953 
-17.2752 -1.72627 2.90875 
-17.3345 -1.66997 2.90683 
-17.5272 -1.49495 2.8766 
-17.546 -1.4763 2.87598 
-17.7304 -1.29878 2.86595 
-17.7606 -1.26917 2.86421 
-17.9347 -1.09508 2.86061 
-17.9982 -1.09056 2.76537 
-18.0782 -0.98761 2.80702 
-18.1211 -0.913162 2.86302 
-18.0793 -0.917618 2.93629 
-18.0643 -0.919128 2.9603 
-17.9812 -0.944473 3.06679 
-17.9618 -0.953262 3.08661 
-17.8197 -1.03642 3.19441 
-17.7943 -1.05026 3.21472 
-17.6752 -1.11775 3.30338 
-17.5681 -1.18179 3.37489 
-17.5247 -1.20575 3.40637 
-17.3637 -1.31779 3.48743 
-17.2025 -1.42509 3.57156 
-17.0347 -1.54356 3.64761 
-17.0249 -1.54906 3.65353 
-16.8722 -1.6436 3.73683 
-16.6977 -1.77348 3.80087 
-16.524 -1.89461 3.87221 
-16.3547 -1.99905 3.95471 
-16.1677 -2.15408 3.99757 
-15.9855 -2.28694 4.05812 
-15.804 -2.41531 4.12022 
-15.6235 -2.56265 4.15739 
-15.6112 -2.57259 4.15923 
-15.4189 -2.72224 4.20491 
-15.2228 -2.8806 4.24133 
-15.1629 -2.93217 4.24846 
-15.0192 -3.05325 4.26721 
-14.8947 -3.16629 4.27257 
-14.8008 -3.25909 4.26613 
-14.7263 -3.33043 4.26288 
-14.6803 -3.41179 4.21262 
-14.6526 -3.47984 4.15517 
-14.651 -3.52856 4.0878 
-14.679 -3.52473 4.05734 
-14.7323 -3.52048 3.99281 
-14.7864 -3.5285 3.90405 
-14.7989 -3.52481 3.89165 
-14.8709 -3.51373 3.80383 
-14.9146 -3.51845 3.72707 
-14.9256 -3.51698 3.71278 
-14.9688 -3.52676 3.62222 
-15.0262 -3.50694 3.563 
-15.0757 -3.48953 3.50958 
-15.1587 -3.45457 3.43001 
-15.2014 -3.43663 3.38754 
-15.2592 -3.42902 3.28841 
-15.2712 -3.42355 3.27605 
-15.423 -3.33224 3.17564 
-15.4684 -3.30997 3.13141 
-15.5552 -3.26401 3.05222 
-15.6163 -3.23065 2.99509 
-15.6753 -3.20477 2.9174 
-15.7038 -3.1926 2.87791 
-15.7915 -3.14499 2.782 
-15.8373 -3.11711 2.74127 
-15.923 -3.06357 2.66501 
-16.0783 -2.95151 2.5786 
-16.2573 -2.81079 2.51993 
-16.4273 -2.67781 2.4518 
-16.6232 -2.51419 2.41423 
-16.6583 -2.4827 2.41554 
-16.7637 -2.37848 2.46007 
-16.7706 -2.35051 2.54428 
-16.7729 -2.33682 2.58646 
-16.7758 -2.32202 2.62733 
-16.8362 -2.24837 2.68788 
-16.8636 -2.19907 2.75949 
-16.8787 -2.15735 2.83498 
-16.98 -2.0567 2.84929 
-17.0369 -2.002 2.8517 
-17.1881 -1.86349 2.83794 
-17.2963 -1.76389 2.82619 
-17.3887 -1.67807 2.81641 
-17.5508 -1.52634 2.79962 
-17.5861 -1.4926 2.79645 
-17.7794 -1.30945 2.77428 
-17.798 -1.29085 2.77345 
-17.979 -1.11014 2.76616 
-18.1949 -0.974106 2.60178 
-18.2746 -0.869247 2.64227 
-18.2331 -0.882309 2.69962 
-18.1991 -0.891754 2.74776 
-18.1139 -0.927124 2.84276 
-18.0909 -0.938431 2.86501 
-17.9771 -1.0031 2.95663 
-17.9116 -1.03947 3.0089 
-17.8365 -1.0791 3.06972 
-17.6836 -1.18112 3.15913 
-17.6493 -1.2011 3.1833 
-17.5327 -1.26917 3.26111 
-17.3731 -1.3772 3.34483 
-17.2077 -1.4948 3.42014 
-17.1974 -1.50151 3.42628 
-17.0462 -1.5955 3.50844 
-16.8741 -1.72383 3.57451 
-16.7023 -1.84633 3.64301 
-16.5337 -1.95183 3.72612 
-16.3584 -2.07584 3.79279 
-16.1745 -2.22134 3.84204 
-15.9881 -2.36737 3.89128 
-15.8068 -2.49454 3.95354 
-15.6201 -2.63554 4.00433 
-15.5343 -2.70581 4.02054 
-15.4246 -2.79512 4.04048 
-15.2334 -2.94089 4.0872 
-15.0771 -3.07182 4.10887 
-15.0315 -3.11064 4.11407 
-14.8288 -3.27768 4.14249 
-14.7716 -3.32999 4.14378 
-14.6087 -3.48094 4.14264 
-14.5773 -3.51071 4.14201 
-14.509 -3.60674 4.0994 
-14.4651 -3.68567 4.04779 
-14.4691 -3.73102 3.97897 
-14.4969 -3.7281 3.94962 
-14.5512 -3.72351 3.88551 
-14.5839 -3.74707 3.80505 
-14.6113 -3.74283 3.77388 
-14.6619 -3.73784 3.70901 
-14.713 -3.74503 3.61954 
-14.7257 -3.7404 3.60794 
-14.8261 -3.70773 3.50793 
-14.8586 -3.6976 3.4734 
-14.9258 -3.67726 3.39909 
-14.9879 -3.65323 3.33716 
-15.0722 -3.61093 3.27248 
-15.1347 -3.57794 3.22473 
-15.2845 -3.49318 3.12108 
-15.2906 -3.48991 3.11613 
-15.4287 -3.41335 3.0117 
-15.4839 -3.38245 2.96684 
-15.5671 -3.3363 2.89636 
-15.7197 -3.23761 2.80115 
-15.7249 -3.23433 2.79655 
-15.8583 -3.15305 2.6915 
-15.9276 -3.10973 2.63699 
-15.9935 -3.06911 2.57878 
-16.1365 -2.97238 2.47852 
-16.1831 -2.93872 2.45204 
-16.2911 -2.85944 2.39345 
-16.4614 -2.72688 2.32553 
-16.5558 -2.64818 2.30467 
-16.6736 -2.54364 2.30794 
-16.7216 -2.49634 2.32463 
-16.7771 -2.43024 2.38889 
-16.7687 -2.42937 2.41843 
-16.7531 -2.42442 2.48213 
-16.7564 -2.39558 2.565 
-16.7518 -2.37054 2.64893 
-16.7452 -2.37111 2.66464 
-16.7174 -2.36713 2.74313 
-16.8192 -2.26419 2.76302 
-16.8562 -2.22726 2.76799 
-17.0343 -2.06184 2.76027 
-17.0964 -2.00595 2.7513 
-17.2284 -1.88803 2.73082 
-17.4108 -1.72983 2.68661 
-17.4719 -1.67397 2.67735 
-17.6005 -1.55574 2.65677 
-17.782 -1.39119 2.6188 
-17.8005 -1.37265 2.61807 
-17.9811 -1.19223 2.61104 
-18.0002 -1.17284 2.61 
-18.1771 -0.992218 2.60268 
-18.3383 -0.897354 2.4599 
-18.3705 -0.830048 2.51872 
-18.2997 -0.847656 2.61977 
-18.2804 -0.856979 2.63829 
-18.1414 -0.940399 2.74619 
-18.1178 -0.953568 2.76604 
-18.0006 -1.02197 2.85335 
-17.8973 -1.08505 2.92438 
-17.8546 -1.10915 2.95462 
-17.6975 -1.22122 3.03534 
-17.5379 -1.33249 3.1167 
-17.4496 -1.38843 3.1673 
-17.3812 -1.43079 3.20686 
-17.2166 -1.54637 3.28265 
-17.0507 -1.65906 3.36079 
-16.8845 -1.77028 3.4382 
-16.7106 -1.89908 3.50154 
-16.5345 -2.02831 3.56465 
-16.3578 -2.15628 3.62778 
-16.1801 -2.28389 3.6899 
-15.9995 -2.41185 3.75148 
-15.8177 -2.54315 3.80991 
-15.6272 -2.69609 3.85129 
-15.4743 -2.82726 3.87263 
-15.428 -2.86699 3.87865 
-15.2344 -3.01973 3.91916 
-15.118 -3.12404 3.92715 
-15.0276 -3.20464 3.93365 
-14.8561 -3.35312 3.94839 
-14.8197 -3.38492 3.95102 
-14.6349 -3.55263 3.95535 
-14.598 -3.59303 3.94696 
-14.5163 -3.68196 3.92889 
-14.4689 -3.76318 3.87779 
-14.4731 -3.80867 3.81097 
-14.5007 -3.8056 3.78067 
-14.555 -3.80103 3.71732 
-14.6092 -3.81032 3.63007 
-14.6233 -3.8058 3.61787 
-14.7017 -3.79155 3.53062 
-14.7517 -3.7821 3.47247 
-14.7944 -3.77019 3.42781 
-14.8601 -3.76517 3.3324 
-14.8728 -3.7605 3.32051 
-14.9485 -3.74213 3.22803 
-14.9862 -3.74084 3.16396 
-15.0101 -3.7354 3.13112 
-15.0785 -3.72163 3.03017 
-15.0991 -3.71291 3.00969 
-15.183 -3.67976 2.91464 
-15.2237 -3.66054 2.8761 
-15.3378 -3.59903 2.77931 
-15.3592 -3.58823 2.759 
-15.5154 -3.48657 2.66743 
-15.5946 -3.43947 2.60387 
-15.6519 -3.40547 2.55609 
-15.8043 -3.30217 2.46439 
-15.8501 -3.27394 2.42502 
-15.937 -3.2187 2.35217 
-16.0323 -3.15758 2.27008 
-16.0668 -3.13544 2.23914 
-16.2024 -3.04208 2.13535 
-16.3877 -2.89215 2.08537 
-16.541 -2.76183 2.06996 
-16.6299 -2.67265 2.12126 
-16.6864 -2.60686 2.18614 
-16.6557 -2.60818 2.2831 
-16.6643 -2.57661 2.36212 
-16.6544 -2.57692 2.3895 
-16.6326 -2.57414 2.45767 
-16.6091 -2.56329 2.54776 
-16.6327 -2.51436 2.61841 
-16.6989 -2.43097 2.67139 
-16.8665 -2.27512 2.66756 
-16.9254 -2.22157 2.66138 
-17.0627 -2.09998 2.64098 
-17.2468 -1.93501 2.61118 
-17.2553 -1.92746 2.61046 
-17.4343 -1.77396 2.56268 
-17.6204 -1.6046 2.52997 
-17.6424 -1.58331 2.52788 
-17.8096 -1.42554 2.50523 
-17.9109 -1.32829 2.49257 
-17.9978 -1.24316 2.483 
-18.1511 -1.09232 2.46596 
-18.185 -1.05777 2.46292 
-18.4573 -0.836029 2.32581 
-18.442 -0.807281 2.40266 
-18.4303 -0.813156 2.41458 
-18.2955 -0.892395 2.52402 
-18.2713 -0.905899 2.54428 
-18.1558 -0.97435 2.6312 
-18.0533 -1.03758 2.70161 
-18.0118 -1.06175 2.7312 
-17.8609 -1.16063 2.82222 
-17.701 -1.2803 2.89565 
-17.6225 -1.33215 2.93846 
-17.5439 -1.38324 2.98174 
-17.3815 -1.49884 3.05754 
-17.2182 -1.61066 3.1348 
-17.0527 -1.72295 3.21257 
-16.8807 -1.85146 3.27516 
-16.7074 -1.97993 3.33856 
-16.5314 -2.1088 3.40059 
-16.3552 -2.23668 3.46265 
-16.177 -2.36407 3.52448 
-15.996 -2.49606 3.58226 
-15.807 -2.6494 3.6225 
-15.6191 -2.79437 3.66919 
-15.5565 -2.84882 3.67738 
-15.4206 -2.9646 3.69637 
-15.2239 -3.12514 3.72964 
-15.2008 -3.14604 3.73161 
-15.0215 -3.29803 3.75342 
-14.9043 -3.39902 3.76427 
-14.8133 -3.47955 3.76883 
-14.6867 -3.59605 3.7695 
-14.5908 -3.68919 3.76263 
-14.5169 -3.75874 3.75914 
-14.4704 -3.84024 3.70911 
-14.4747 -3.8853 3.64154 
-14.5022 -3.88229 3.61171 
-14.5572 -3.87796 3.5484 
-14.6112 -3.88696 3.46289 
-14.6255 -3.88272 3.45074 
-14.7038 -3.86876 3.3632 
-14.7541 -3.85895 3.30534 
-14.7968 -3.84729 3.26198 
-14.842 -3.85663 3.17366 
-14.8674 -3.85008 3.14441 
-14.9229 -3.8389 3.07303 
-14.9911 -3.8149 3.00244 
-15.0303 -3.80031 2.96175 
-15.1151 -3.77162 2.86349 
-15.1262 -3.76743 2.85168 
-15.2431 -3.71542 2.735 
-15.2473 -3.71332 2.73093 
-15.3428 -3.67479 2.6176 
-15.3623 -3.66557 2.5984 
-15.4683 -3.61168 2.49222 
-15.4878 -3.60153 2.4718 
-15.6348 -3.50706 2.37372 
-15.7059 -3.46202 2.32199 
-15.7757 -3.41705 2.27094 
-15.8809 -3.353 2.17168 
-15.9007 -3.34103 2.15102 
-16.0422 -3.24347 2.05292 
-16.1086 -3.19864 1.99985 
-16.1755 -3.15175 1.94862 
-16.2969 -3.05222 1.92636 
-16.3814 -2.98039 1.92108 
-16.4878 -2.88441 1.93822 
-16.4697 -2.88254 2.01723 
-16.4622 -2.8847 2.03415 
-16.4977 -2.83525 2.10541 
-16.5516 -2.76974 2.16823 
-16.5717 -2.72916 2.24272 
-16.5735 -2.69997 2.32359 
-16.5457 -2.70746 2.3745 
-16.5145 -2.71608 2.4261 
-16.516 -2.68353 2.50479 
-16.6529 -2.55251 2.51596 
-16.6863 -2.5206 2.5174 
-16.869 -2.35042 2.51346 
-16.9048 -2.3175 2.51112 
-17.0695 -2.16815 2.49339 
-17.1824 -2.06563 2.479 
-17.2654 -1.98863 2.47079 
-17.4502 -1.82478 2.43292 
-17.5062 -1.77261 2.42567 
-17.6399 -1.64742 2.40796 
-17.7629 -1.52832 2.39713 
-17.8343 -1.45744 2.39325 
-18.0141 -1.28874 2.3604 
-18.0359 -1.26709 2.35857 
-18.1967 -1.11017 2.33562 
-18.2935 -1.0139 2.32359 
-18.3824 -0.919617 2.32193 
-18.5943 -0.795792 2.11092 
-18.5884 -0.759628 2.18367 
-18.5763 -0.766266 2.19569 
-18.4618 -0.823456 2.30629 
-18.4499 -0.829086 2.31824 
-18.3066 -0.926315 2.41031 
-18.21 -0.986389 2.47868 
-18.1638 -1.0144 2.51028 
-18.015 -1.11383 2.6002 
-17.8607 -1.22211 2.68234 
-17.8514 -1.22791 2.68727 
-17.7074 -1.32117 2.77026 
-17.5413 -1.45137 2.83408 
-17.3803 -1.56331 2.91061 
-17.2173 -1.67464 2.98741 
-17.0464 -1.80408 3.05 
-16.8746 -1.93236 3.11278 
-16.7012 -2.06067 3.17485 
-16.5258 -2.18916 3.23659 
-16.3498 -2.31651 3.29803 
-16.1722 -2.44377 3.35863 
-15.9912 -2.57544 3.41556 
-15.8026 -2.72879 3.45613 
-15.6153 -2.87309 3.50172 
-15.5575 -2.92448 3.50854 
-15.4167 -3.04407 3.52831 
-15.2521 -3.18736 3.54614 
-15.2151 -3.22026 3.54901 
-15.0116 -3.39449 3.57048 
-14.978 -3.42546 3.57135 
-14.7987 -3.58954 3.57552 
-14.7645 -3.62036 3.57545 
-14.5824 -3.79179 3.5694 
-14.5746 -3.80069 3.56754 
-14.4717 -3.91498 3.53908 
-14.4741 -3.96202 3.47299 
-14.5018 -3.95854 3.44357 
-14.5569 -3.95422 3.3802 
-14.6112 -3.96376 3.29512 
-14.6252 -3.95926 3.28334 
-14.7038 -3.9451 3.19676 
-14.7544 -3.93565 3.13942 
-14.797 -3.92398 3.09569 
-14.8631 -3.9187 3.00162 
-14.8754 -3.91475 2.98944 
-14.9544 -3.89417 2.89864 
-15.0042 -3.87291 2.85516 
-15.1254 -3.81122 2.76619 
-15.1506 -3.79897 2.7453 
-15.2982 -3.71797 2.64119 
-15.3236 -3.70454 2.62061 
-15.4423 -3.63794 2.53482 
-15.5485 -3.57451 2.46368 
-15.59 -3.55049 2.4328 
-15.747 -3.44608 2.34569 
-15.8453 -3.38503 2.27748 
-15.8902 -3.35722 2.244 
-16.0543 -3.23874 2.16798 
-16.2041 -3.11522 2.14427 
-16.2592 -3.06758 2.14186 
-16.3796 -2.95494 2.1591 
-16.4122 -2.90199 2.22731 
-16.4598 -2.83562 2.2883 
-16.5143 -2.76294 2.34596 
-16.6533 -2.62767 2.36185 
-16.675 -2.6066 2.36272 
-16.8454 -2.44106 2.37488 
-16.8786 -2.41032 2.37299 
-17.0659 -2.23418 2.36533 
-17.0853 -2.21588 2.36478 
-17.2705 -2.05357 2.32782 
-17.3837 -1.94792 2.31659 
-17.4658 -1.86984 2.30832 
-17.6508 -1.70003 2.2776 
-17.6727 -1.6786 2.2756 
-17.8365 -1.52382 2.25171 
-17.975 -1.39394 2.22676 
-18.0163 -1.35439 2.22035 
-18.1877 -1.19786 2.17674 
-18.3239 -1.06512 2.15424 
-18.3637 -1.02586 2.14813 
-18.5339 -0.861435 2.11249 
-18.3085 -1.11205 2.07498 
-18.3662 -1.02168 2.12022 
-18.4193 -0.93306 2.16609 
-18.2976 -1.00516 2.25885 
-18.1399 -1.13428 2.32422 
-17.9837 -1.25513 2.39511 
-17.822 -1.38654 2.45674 
-17.7363 -1.44241 2.50645 
-17.6699 -1.48506 2.54524 
-17.5132 -1.58922 2.62941 
-17.4094 -1.64874 2.6953 
-17.3608 -1.67572 2.72659 
-17.1985 -1.78653 2.8028 
-17.0359 -1.8891 2.88531 
-16.8661 -2.01334 2.9505 
-16.6943 -2.13686 3.01489 
-16.6832 -2.14301 3.02066 
-16.5278 -2.23515 3.0984 
-16.3525 -2.36113 3.15981 
-16.1747 -2.4899 3.21878 
-15.9918 -2.62955 3.2693 
-15.909 -2.6987 3.28426 
-15.8023 -2.78758 3.30479 
-15.613 -2.93886 3.34489 
-15.5128 -3.02899 3.35394 
-15.412 -3.11913 3.36339 
-15.2768 -3.24481 3.36954 
-15.2048 -3.31206 3.37059 
-15.0665 -3.44028 3.37402 
-14.9939 -3.50699 3.37553 
-14.8729 -3.62206 3.37222 
-14.7678 -3.73195 3.35638 
-14.7331 -3.76631 3.35347 
-14.665 -3.86162 3.30983 
-14.621 -3.9388 3.25844 
-14.6242 -3.98389 3.19086 
-14.6474 -3.98854 3.1541 
-14.673 -3.99672 3.10803 
-14.6932 -4.02681 3.03282 
-14.7523 -4.01149 2.97351 
-14.7952 -3.99976 2.93051 
-14.8615 -3.99504 2.83759 
-14.8744 -3.98947 2.82628 
-15.0012 -3.93642 2.7182 
-15.0142 -3.93117 2.70779 
-15.1749 -3.83685 2.6169 
-15.279 -3.77789 2.54987 
-15.3267 -3.75114 2.51813 
-15.451 -3.68861 2.41461 
-15.4639 -3.68266 2.40326 
-15.614 -3.5923 2.30479 
-15.6723 -3.55943 2.25917 
-15.7524 -3.5139 2.19604 
-15.9089 -3.40755 2.11099 
-16.0829 -3.27722 2.04755 
-16.2907 -3.10094 2.02737 
-16.3112 -3.08273 2.02692 
-16.4039 -2.9839 2.07184 
-16.4559 -2.91425 2.13074 
-16.5043 -2.84555 2.19038 
-16.5537 -2.7748 2.24779 
-16.6908 -2.63956 2.26309 
-16.7127 -2.61818 2.26454 
-16.9013 -2.44283 2.25682 
-16.9316 -2.41399 2.25668 
-17.1087 -2.24464 2.25298 
-17.1519 -2.20557 2.24677 
-17.2978 -2.07408 2.22372 
-17.4778 -1.91599 2.18253 
-17.5204 -1.87598 2.17743 
-17.6633 -1.74278 2.15567 
-17.8377 -1.58711 2.11253 
-17.8797 -1.54666 2.10748 
-18.0182 -1.41499 2.08524 
-18.1296 -1.30186 2.07755 
-18.2075 -1.21918 2.07698 
-18.4591 -1.05659 1.85449 
-18.4194 -1.04826 1.94012 
-18.4027 -1.05258 1.9622 
-18.3576 -1.05595 2.03282 
-18.2873 -1.0791 2.11269 
-18.1328 -1.19949 2.18335 
-18.0759 -1.24165 2.21227 
-17.9799 -1.31276 2.25938 
-17.8224 -1.43094 2.33078 
-17.7041 -1.54037 2.3568 
-17.6494 -1.59041 2.36903 
-17.584 -1.6347 2.40305 
-17.4924 -1.69621 2.45065 
-17.3351 -1.79903 2.53339 
-17.2303 -1.85835 2.59746 
-17.181 -1.88524 2.62834 
-17.0169 -1.99609 2.70383 
-16.8537 -2.09792 2.78542 
-16.6838 -2.21664 2.8524 
-16.6727 -2.22342 2.85822 
-16.5173 -2.31516 2.9352 
-16.342 -2.44086 2.99559 
-16.1654 -2.56712 3.05557 
-15.9859 -2.69487 3.11409 
-15.8095 -2.84061 3.14824 
-15.7975 -2.85033 3.15027 
-15.6144 -2.98439 3.20221 
-15.4162 -3.15897 3.22421 
-15.385 -3.1886 3.2251 
-15.2099 -3.35371 3.2301 
-15.179 -3.38312 3.23045 
-14.9993 -3.55281 3.23097 
-14.9792 -3.57079 3.23154 
-14.8012 -3.74222 3.22481 
-14.7807 -3.76166 3.22327 
-14.6361 -3.90283 3.21298 
-14.567 -3.99847 3.17099 
-14.5328 -4.06918 3.11674 
-14.5355 -4.11484 3.05069 
-14.5513 -4.15013 2.9781 
-14.603 -4.13976 2.9261 
-14.6454 -4.13138 2.881 
-14.6937 -4.14113 2.79625 
-14.7197 -4.13507 2.76776 
-14.7772 -4.12454 2.69931 
-14.8493 -4.0986 2.63338 
-14.9169 -4.0675 2.58121 
-14.9949 -4.02989 2.52351 
-15.1634 -3.9236 2.44482 
-15.2416 -3.87755 2.39946 
-15.3204 -3.83064 2.35406 
-15.471 -3.74292 2.25706 
-15.5053 -3.72302 2.23405 
-15.6193 -3.65526 2.15749 
-15.7782 -3.55032 2.07463 
-15.9557 -3.4171 2.01599 
-16.1105 -3.27867 2.01994 
-16.1886 -3.18954 2.06906 
-16.2259 -3.12875 2.13145 
-16.2817 -3.06996 2.14912 
-16.3386 -3.01053 2.166 
-16.462 -2.88187 2.19563 
-16.5307 -2.81802 2.19429 
-16.6982 -2.66624 2.1824 
-16.7344 -2.63309 2.18004 
-16.9336 -2.45125 2.16141 
-16.9565 -2.43057 2.15913 
-17.1278 -2.2739 2.13986 
-17.2384 -2.17169 2.12659 
-17.3193 -2.09517 2.11819 
-17.4966 -1.94202 2.07436 
-17.6697 -1.7906 2.02924 
-17.6809 -1.78072 2.02696 
-17.8458 -1.6306 1.99214 
-18.0104 -1.489 1.9381 
-18.1722 -1.33875 1.90225 
-18.1826 -1.32845 1.90001 
-18.3499 -1.17336 1.85878 
-18.4458 -1.13687 1.70251 
-18.4395 -1.10017 1.77371 
-18.3965 -1.11081 1.83073 
-18.3661 -1.11821 1.87141 
-18.3208 -1.10963 1.95461 
-18.2832 -1.1272 1.98781 
-18.1303 -1.24406 2.06035 
-17.9663 -1.38756 2.11002 
-17.8582 -1.48695 2.13606 
-17.7969 -1.54324 2.15022 
-17.6299 -1.68561 2.20093 
-17.4698 -1.80151 2.27359 
-17.4358 -1.8205 2.29524 
-17.3184 -1.88786 2.36853 
-17.1572 -1.99715 2.4445 
-17.0677 -2.05232 2.49194 
-16.9972 -2.09428 2.52977 
-16.8305 -2.20839 2.60007 
-16.6641 -2.3183 2.67381 
-16.4947 -2.42844 2.74695 
-16.3196 -2.55493 2.80637 
-16.1429 -2.6812 2.86459 
-15.9629 -2.81192 2.92038 
-15.7702 -2.9812 2.94511 
-15.7129 -3.03319 2.951 
-15.5744 -3.15486 2.96674 
-15.4467 -3.27122 2.97624 
-15.3707 -3.34163 2.97948 
-15.2344 -3.46945 2.98195 
-15.1624 -3.53616 2.98363 
-15.0314 -3.65839 2.98433 
-14.9476 -3.73868 2.98109 
-14.8593 -3.8248 2.97421 
-14.7206 -3.96124 2.9614 
-14.6987 -3.98163 2.96048 
-14.5978 -4.09688 2.92755 
-14.506 -4.20461 2.89032 
-14.4576 -4.28244 2.83894 
-14.4569 -4.32712 2.77248 
-14.4631 -4.36545 2.70212 
-14.5107 -4.36479 2.63486 
-14.5273 -4.36394 2.61166 
-14.5619 -4.37975 2.53046 
-14.6199 -4.36064 2.47397 
-14.6699 -4.34398 2.42419 
-14.7572 -4.30405 2.35518 
-14.8666 -4.24419 2.28688 
-14.9088 -4.22231 2.25772 
-15.0811 -4.10878 2.18527 
-15.2481 -3.99864 2.11073 
-15.4111 -3.89218 2.03098 
-15.4212 -3.88547 2.02496 
-15.5676 -3.79175 1.94408 
-15.7447 -3.66098 1.88499 
-15.8503 -3.57294 1.87543 
-15.9515 -3.46819 1.91644 
-16.0086 -3.41045 1.93454 
-16.0682 -3.35022 1.95119 
-16.1373 -3.26575 2.00206 
-16.1909 -3.19141 2.05725 
-16.2792 -3.08981 2.09879 
-16.3529 -3.01926 2.10362 
-16.4437 -2.92934 2.11282 
-16.5789 -2.79559 2.12369 
-16.6159 -2.76062 2.12236 
-16.7772 -2.61551 2.1055 
-16.9367 -2.47643 2.077 
-16.9659 -2.45058 2.07317 
-17.1353 -2.31657 2.01457 
-17.306 -2.17723 1.96049 
-17.485 -2.02037 1.92091 
-17.5845 -1.92836 1.9044 
-17.6663 -1.85158 1.89163 
-17.8384 -1.69843 1.84993 
-17.9543 -1.58809 1.83073 
-18.0159 -1.52893 1.82106 
-18.1834 -1.37683 1.77654 
-18.343 -1.23637 1.7236 
-18.7454 -1.02133 1.27992 
-18.7879 -0.947006 1.33333 
-18.8273 -0.873444 1.38701 
-18.7938 -0.891739 1.42032 
-18.6997 -0.943802 1.5089 
-18.6714 -0.958878 1.53497 
-18.5252 -1.0764 1.60777 
-18.3794 -1.18874 1.68356 
-18.2315 -1.30093 1.75856 
-18.0757 -1.42656 1.82364 
-18.0669 -1.43243 1.82904 
-17.928 -1.52693 1.90822 
-17.7707 -1.64828 1.97522 
-17.6168 -1.75381 2.0551 
-17.4539 -1.87877 2.11975 
-17.2903 -2.0027 2.18324 
-17.2807 -2.00839 2.18869 
-17.1326 -2.10152 2.26624 
-16.9627 -2.23099 2.32568 
-16.7953 -2.35049 2.39102 
-16.6299 -2.45723 2.46684 
-16.4581 -2.57689 2.5323 
-16.2817 -2.70787 2.58757 
-16.0974 -2.85965 2.6261 
-15.9353 -2.99956 2.65031 
-15.9058 -3.02576 2.65387 
-15.7164 -3.18095 2.68871 
-15.5515 -3.32077 2.71263 
-15.522 -3.34587 2.71626 
-15.3197 -3.52379 2.73376 
-15.2875 -3.55324 2.73508 
-15.1096 -3.71709 2.73741 
-15.0779 -3.74626 2.73761 
-14.8948 -3.91457 2.73715 
-14.8747 -3.93268 2.73729 
-14.7355 -4.07376 2.71654 
-14.6607 -4.14482 2.70975 
-14.5715 -4.22974 2.70192 
-14.4978 -4.32437 2.65811 
-14.4838 -4.37735 2.59547 
-14.5151 -4.39943 2.51837 
-14.5285 -4.39536 2.50594 
-14.6042 -4.38068 2.42159 
-14.6549 -4.36768 2.3676 
-14.7206 -4.34079 2.31374 
-14.801 -4.30078 2.26054 
-14.9244 -4.2382 2.17667 
-14.9493 -4.22617 2.158 
-15.1032 -4.14003 2.06319 
-15.1928 -4.08501 2.01511 
-15.2607 -4.04361 1.97688 
-15.4324 -3.92616 1.90884 
-15.6088 -3.79932 1.84766 
-15.7018 -3.72046 1.84305 
-15.8338 -3.6011 1.85081 
-15.8832 -3.55548 1.85483 
-15.9515 -3.47194 1.90527 
-16.0014 -3.40007 1.96109 
-16.0904 -3.29802 2.00284 
-16.1633 -3.2309 2.00179 
-16.2963 -3.10742 2.00182 
-16.3776 -3.03215 2.00063 
-16.5136 -2.90623 1.99641 
-16.585 -2.83855 1.99538 
-16.7639 -2.69386 1.94788 
-16.9059 -2.56836 1.9261 
-16.9533 -2.52611 1.91899 
-17.1336 -2.3709 1.88013 
-17.3079 -2.22383 1.83424 
-17.4107 -2.13449 1.80992 
-17.4845 -2.06987 1.79277 
-17.6424 -1.94821 1.72443 
-17.6818 -1.91768 1.70731 
-17.7986 -1.82613 1.65645 
-17.9549 -1.70067 1.59093 
-18.1097 -1.5746 1.52441 
-18.2622 -1.44897 1.45905 
-18.4126 -1.32323 1.39383 
-18.5619 -1.19659 1.32776 
-18.7172 -1.05281 1.27837 
-18.2417 -1.44019 1.46812 
-18.3055 -1.34392 1.50964 
-18.2024 -1.40309 1.59044 
-18.1062 -1.46446 1.65331 
-18.061 -1.49202 1.68433 
-17.9095 -1.60297 1.75909 
-17.7565 -1.71284 1.83479 
-17.6712 -1.76804 1.88213 
-17.605 -1.81015 1.91904 
-17.4456 -1.92549 1.99008 
-17.2829 -2.04665 2.05399 
-17.1237 -2.15096 2.13194 
-16.9561 -2.27464 2.19528 
-16.7861 -2.4015 2.25359 
-16.6144 -2.52823 2.31207 
-16.4396 -2.65909 2.36751 
-16.261 -2.79861 2.41527 
-16.0723 -2.96371 2.44312 
-16.0532 -2.9823 2.44412 
-15.8716 -3.15529 2.45087 
-15.8402 -3.18512 2.45206 
-15.6674 -3.34917 2.45526 
-15.6357 -3.37938 2.45593 
-15.4601 -3.54366 2.45851 
-15.429 -3.57274 2.45876 
-15.2472 -3.74196 2.45874 
-15.2273 -3.75984 2.45871 
-15.048 -3.9301 2.4505 
-15.0283 -3.94762 2.45094 
-14.8424 -4.11505 2.44963 
-14.8045 -4.15479 2.44093 
-14.7213 -4.24193 2.4214 
-14.6672 -4.32172 2.37151 
-14.716 -4.32048 2.30605 
-14.7337 -4.31908 2.28328 
-14.8553 -4.27139 2.18633 
-14.8815 -4.25906 2.1675 
-15.0067 -4.1953 2.08739 
-15.1171 -4.1346 2.02182 
-15.1609 -4.11183 1.99254 
-15.333 -3.99634 1.92526 
-15.5224 -3.85223 1.88196 
-15.5438 -3.83389 1.88083 
-15.6889 -3.69331 1.90411 
-15.7632 -3.62419 1.90895 
-15.8596 -3.53282 1.91795 
-15.9908 -3.40828 1.92603 
-16.0516 -3.35388 1.92294 
-16.1907 -3.23532 1.90492 
-16.3545 -3.09096 1.88869 
-16.3908 -3.05812 1.88626 
-16.5759 -2.90401 1.84811 
-16.7477 -2.77211 1.79161 
-16.9202 -2.62305 1.75883 
-16.9326 -2.61238 1.75652 
-17.1103 -2.46262 1.71367 
-17.2842 -2.31543 1.66887 
-17.4546 -2.17358 1.6188 
-17.5318 -2.10349 1.60403 
-17.631 -2.01378 1.58377 
-17.7995 -1.86607 1.53937 
-17.9367 -1.73447 1.51895 
-17.9769 -1.6956 1.51361 
-18.1461 -1.53824 1.47569 
-18.0396 -1.67033 1.38747 
-18.0637 -1.60666 1.44434 
-18.0184 -1.62463 1.49007 
-17.921 -1.67812 1.5632 
-17.8798 -1.70135 1.59189 
-17.7269 -1.81238 1.66539 
-17.5724 -1.92117 1.73975 
-17.4862 -1.97652 1.78662 
-17.4189 -2.01895 1.82402 
-17.259 -2.13301 1.89349 
-17.0947 -2.25404 1.95677 
-16.9331 -2.35818 2.03271 
-16.7652 -2.48018 2.09453 
-16.5944 -2.60677 2.15236 
-16.4198 -2.73717 2.20694 
-16.2416 -2.87642 2.25414 
-16.0537 -3.04066 2.28165 
-16.0344 -3.0592 2.28207 
-15.8525 -3.23544 2.28589 
-15.8339 -3.25371 2.28607 
-15.7039 -3.39595 2.26575 
-15.6338 -3.46783 2.25931 
-15.5501 -3.55296 2.25284 
-15.4845 -3.64688 2.20993 
-15.387 -3.75002 2.19267 
-15.3524 -3.7856 2.18776 
-15.2845 -3.87811 2.14404 
-15.2378 -3.9548 2.09227 
-15.2064 -4.01891 2.03592 
-15.2202 -4.05017 1.96365 
-15.2338 -4.04424 1.95229 
-15.4127 -3.91942 1.89561 
-15.4326 -3.90134 1.89488 
-15.6286 -3.72649 1.89383 
-15.6499 -3.70737 1.89265 
-15.8384 -3.5403 1.88478 
-15.9016 -3.48607 1.87766 
-16.0356 -3.37175 1.86124 
-16.2153 -3.23375 1.812 
-16.3915 -3.08586 1.78137 
-16.4042 -3.07533 1.77853 
-16.581 -2.93584 1.72972 
-16.7617 -2.78624 1.68907 
-16.9336 -2.65062 1.63515 
-17.0983 -2.52505 1.57271 
-17.2664 -2.37669 1.54091 
-17.2778 -2.36676 1.5386 
-17.4469 -2.22572 1.48865 
-17.6185 -2.07483 1.4472 
-17.786 -1.92853 1.4026 
-17.8384 -1.87746 1.39679 
-17.9667 -1.7482 1.38638 
-18.0041 -1.71515 1.30704 
-17.9848 -1.72467 1.32329 
-17.8456 -1.80559 1.42075 
-17.8095 -1.82817 1.44328 
-17.7003 -1.89607 1.5099 
-17.5408 -2.02025 1.57129 
-17.386 -2.12312 1.64941 
-17.2249 -2.24181 1.71436 
-17.2154 -2.24762 1.71977 
-17.0691 -2.33856 1.79536 
-16.9003 -2.46652 1.85278 
-16.7369 -2.57564 1.9234 
-16.5707 -2.68819 1.99014 
-16.3977 -2.81551 2.04677 
-16.2153 -2.96832 2.08212 
-16.1243 -3.05678 2.08531 
-16.0126 -3.17691 2.07491 
-15.9807 -3.21129 2.07109 
-15.9248 -3.30183 2.02841 
-15.9184 -3.35582 1.96776 
-15.9478 -3.3459 1.94379 
-16.1009 -3.2706 1.84645 
-16.1106 -3.26506 1.84167 
-16.2611 -3.17477 1.76497 
-16.4361 -3.0424 1.71147 
-16.6068 -2.91556 1.65382 
-16.7758 -2.78839 1.5961 
-16.9442 -2.66011 1.53723 
-17.1101 -2.53192 1.47911 
-17.2725 -2.40744 1.41739 
-17.4373 -2.26053 1.38489 
-17.4492 -2.25003 1.38237 
-17.6139 -2.11223 1.33153 
-17.7843 -1.95769 1.29491 
-17.8762 -1.86404 1.28925 
-17.9744 -1.75084 1.30165 
