-0.10913 0.40843 -0.36559
1.0815 -0.071169 0.019551
-0.67816 -0.092864 0.21653
-0.096801 -0.48818 -0.5248
-0.33249 -0.53339 0.25479
-0.052841 0.0015557 0.30872
-0.82289 -0.44937 -0.36479
1.1863 -0.39881 0.22862
-0.54306 0.47399 -0.10772
-0.46306 -0.13525 0.29985
0.83144 0.44468 -0.0035612
0.65716 0.53022 -0.13953
-0.41607 -0.54205 -0.48897
0.95675 -0.16577 -0.32384
0.54532 0.16294 -0.4999
0.64837 0.24468 0.28094
-0.60218 -0.12755 -0.63234
-0.45917 0.97495 -0.82842
-0.28068 0.60518 -0.31724
0.70622 0.37351 -0.29907
0.017776 -0.52931 0.3954
0.23939 -0.57654 -0.21411
-0.44047 0.88424 -0.65953
0.58282 -0.090255 0.54788
-0.16182 0.62253 -0.20619
0.097 -0.61758 0.47959
0.031139 0.33252 -0.48416
-0.0015659 0.215 -0.57859
-0.45196 0.5001 -0.25845
0.51231 0.1512 -0.52711
-0.70538 -0.26095 -0.004182
-0.65831 0.13533 0.070963
0.085086 0.083225 -0.78046
-0.78509 -0.14859 -0.44833
0.60371 -0.60791 -0.52884
-0.36791 -0.079717 -0.64694
-0.75363 -0.047062 0.077319
0.066692 0.24276 0.1654
0.5879 0.031308 0.46792
-0.40411 0.16468 0.41438
-0.67067 -0.40298 -0.62778
0.1173 0.42552 -0.34156
-0.1556 -0.076172 -0.69178
-0.77364 -0.17801 0.072553
-0.056546 -0.63534 0.22675
1.0346 0.1592 0.047341
1.0757 -0.17639 -0.1009
-0.047431 -0.04388 -0.84812
-0.4114 1.1031 -0.80501
0.71592 -0.40531 0.46628
0.60731 0.55343 -0.12192
-0.15673 -0.54532 -0.24847
-0.49777 0.66372 -0.034495
0.81692 -0.13642 -0.45323
-0.59477 0.30029 -0.22929
-0.28879 -0.69327 0.37422
0.38884 -0.2274 -0.73511
-0.073393 0.17735 -0.61053
-0.72312 -0.16421 -0.50828
0.19503 -0.56805 -0.23171
0.17823 1.0043 -0.26342
0.50153 -0.64536 -0.3141
-0.16842 0.098147 -0.64716
-0.36866 -0.40575 -0.84153
0.62194 -0.42208 0.50311
0.76177 -0.24651 0.47911
0.017174 -0.3957 0.36253
-0.72899 -0.50646 0.14371
0.032939 1.2397 -0.31901
-0.22065 0.17208 0.21081
0.022695 0.40259 -0.35383
0.69344 0.31771 -0.34358
-0.0037333 0.42586 -0.28078
-0.73093 -0.00041899 -0.47101
0.22909 -0.28561 0.54172
-0.39992 1.0723 -0.63478
-0.41238 0.21905 -0.46792
-0.24331 0.73196 -0.0051286
0.67937 0.20995 -0.41384
0.72961 0.20064 0.32171
0.11946 0.88125 -0.18933
0.73561 0.085184 0.40646
0.43826 -0.59819 -0.37289
0.28839 -0.65557 0.18611
0.65265 0.32778 -0.35315
1.1611 -0.62617 0.13825
-0.29591 0.21355 -0.57562
0.23304 -0.6091 -0.067762
-0.097921 0.87891 -0.2682
-0.015307 0.21156 -0.64657
0.12366 0.41116 -0.076349
0.42226 0.051899 -0.63738
0.076283 0.29287 -0.50664
-0.11465 -0.72436 0.43398
-0.71046 0.0037609 0.086797
0.38953 -0.19161 -0.72606
1.0716 -0.051405 0.14689
-0.52627 -0.10885 0.31507
-0.41694 0.94522 -0.79249
0.87286 -0.65299 -0.23296
-0.4098 -0.41543 -0.78939
0.70046 0.14912 -0.43762
-0.10123 0.65064 -0.021483
0.027274 0.86965 -0.27913
0.53756 0.4243 0.18743
0.3167 0.45099 -0.36876
-0.5274 1.2778 -0.85103
1.2841 -0.44111 0.14844
-0.43639 1.2145 -0.90262
0.3763 0.5402 -0.12465
0.94935 0.29025 -0.099558
0.77983 -0.050409 -0.46901
0.98323 0.26108 -0.030377
0.11652 0.98073 -0.31221
0.72749 0.49323 -0.13395
-0.17796 0.73857 -0.0090177
-0.68771 -0.41533 -0.32886
0.82046 -0.49042 0.37859
-0.19623 0.6606 -0.2053
0.7062 -0.43664 -0.5476
-0.077625 0.49264 -0.050874
0.42428 -0.31644 0.56867
0.74747 0.066493 0.41091
1.1347 -0.51325 -0.24066
-0.38778 0.1137 -0.64919
0.87445 -0.18423 -0.41472
-0.21215 -0.099913 -0.62838
0.15678 -0.41991 0.51364
-0.12125 0.11622 -0.67604
-0.73353 0.012438 -0.40633
0.62112 -0.36008 0.53218
0.12897 -0.53549 -0.72428
0.40291 -0.53313 -0.49669
0.85227 -0.29212 -0.44245
-0.64919 -0.14181 -0.58962
-0.46541 0.68408 0.0049846
1.0312 0.036642 -0.17717
-0.06844 -0.49188 0.31499
0.18566 1.1639 -0.37832
0.96785 -0.30822 -0.28605
-0.57557 -0.17762 -0.57858
0.41569 -0.018525 -0.68124
-0.57544 0.40549 -0.16105
-0.11382 0.12471 -0.70821
-0.51003 -0.31831 -0.25456
0.26812 0.46727 -0.33531
-0.48779 0.64133 0.24901
0.94073 0.089125 0.30325
-0.75474 -0.21982 0.053593
-0.078991 0.70306 -0.055693
0.87268 0.22794 -0.28309
0.28624 -0.024904 -0.73939
-0.40059 0.70714 0.0013265
0.062804 -0.48099 -0.59053
0.047361 1.1354 -0.19906
0.034606 -0.63805 0.198
0.93952 0.21572 -0.21234
0.343 -0.28122 0.59197
-0.17387 0.7201 0.10323
-0.25502 -0.1267 0.31228
0.30842 0.13868 -0.64386
1.0718 -0.088947 0.15788
1.0698 -0.091031 -0.10049
0.075397 0.35628 0.048921
0.049916 -0.5752 -0.15793
0.8532 -0.15896 0.41825
0.31342 -0.33036 -0.77034
0.54903 0.52964 0.048837
0.74709 -0.0049392 0.42891
-0.037902 0.19971 -0.6148
-0.62793 0.43017 0.38072
-0.73406 -0.55187 -0.38706
0.96694 -0.4618 -0.31658
0.87308 -0.11112 0.39045
-0.57491 -0.44912 0.040614
0.24219 0.032499 0.41699
-0.63617 -0.13536 0.24243
0.69044 -0.51481 -0.50038
-0.64749 0.33789 0.44686
0.57637 0.15615 -0.48918
-0.22321 0.72985 -0.15694
0.11358 1.3299 -0.43997
-0.17994 -0.30852 -0.69099
1.1534 -0.4195 -0.25442
-0.05959 0.24721 -0.55316
-0.18826 0.54596 0.23054
-0.27858 -0.59999 -0.20885
-0.3992 -0.27613 0.18829
-0.71039 0.25506 0.10245
-0.069025 -0.73084 0.44335
-0.66597 0.32758 0.17636
0.03217 -0.62922 0.13676
-0.62734 0.37821 0.0064486
-0.01892 0.3375 0.052636
-0.1418 0.90076 -0.14331
-0.57774 0.59122 0.21762
-0.091982 -0.090601 0.30099
-0.45029 -0.33443 0.099396
-0.052163 0.19382 -0.66302
0.39486 0.50644 0.010103
1.0113 -0.33987 0.23271
-0.6424 0.10435 0.025138
-0.71643 0.2397 0.098635
0.04778 0.33489 -0.48092
-0.64951 0.061296 -0.48267
0.43578 -0.02038 0.53089
-0.54145 0.14514 -0.46288
-0.10371 0.43541 0.14562
0.28247 0.0086344 0.48091
0.21611 0.085854 0.31915
-0.71589 0.027335 -0.41979
0.60103 0.47308 -0.27352
0.83332 -0.23708 0.41693
0.96244 -0.018029 -0.2971
-0.55405 -0.26309 0.15698
-0.3159 -0.16773 -0.63213
-0.11069 0.12303 -0.73393
-0.1219 0.73029 -0.030525
-0.37007 -0.55475 -0.28266
0.64245 0.30486 0.26589
-0.10526 0.58612 -0.14614
0.39549 0.55202 -0.15255
0.38451 -0.6891 -0.043127
0.42004 0.50325 -0.30499
0.87645 -0.21261 -0.41824
0.75093 -0.4675 -0.4882
0.5362 -0.24726 0.57084
0.65409 -0.12454 0.50719
0.97622 0.28172 0.081092
-0.19882 0.59004 -0.22596
0.039114 0.35074 0.061001
0.70036 -0.73904 0.14535
0.7256 -0.56561 0.37955
0.85154 0.11728 -0.35334
-0.42879 1.0287 -0.49733
-0.445 -0.41951 -0.69847
-0.19773 0.37712 0.27286
0.5103 -0.73469 0.21932
-0.82459 -0.19334 -0.15002
-0.14145 -0.48257 -0.54309
-0.45678 1.144 -0.68421
-0.31597 0.53121 0.38185
-0.37484 -0.56538 -0.37674
0.074017 1.0258 -0.25211
1.0368 -0.3827 0.20616
-0.33994 0.96081 -0.52366
-0.68187 -0.62131 0.050557
0.74792 -0.43087 -0.52778
-0.59112 0.15949 -0.28792
-0.17704 0.38012 -0.39388
-0.50272 0.66775 0.0060385
0.87773 0.34256 0.18329
0.18737 -0.65268 0.21786
-0.73193 -0.25881 -0.32382
0.30461 -0.56028 -0.30519
0.70442 -0.70116 -0.097226
0.14785 0.29717 0.13604
0.48085 0.55175 -0.052429
-0.83843 -0.15797 -0.18451
0.24302 -0.47275 0.53344
0.4515 0.28768 -0.44346
-0.55483 -0.44918 -0.16242
0.81441 -0.36729 -0.46064
-0.69259 0.14364 0.16773
-0.34745 0.26755 -0.45977
-0.86878 -0.45563 -0.47191
0.34369 0.20991 -0.57077
0.65409 -0.59354 0.39814
-0.37336 0.5403 0.42018
-0.711 0.22954 0.20296
0.38285 -0.66953 0.23832
-0.094433 0.45801 -0.17754
0.74459 0.47542 0.093126
0.24976 0.059915 0.34681
0.60358 0.098036 0.3996
1.0164 -0.030861 -0.21049
-0.7303 -0.55832 -0.3424
0.61999 -0.52264 0.48032
-0.43114 -0.033942 0.32284
-0.63173 0.37359 0.18477
0.17994 1.1207 -0.33831
0.89119 -0.7045 -0.11396
-0.0011689 0.82263 -0.11438
-0.47097 -0.66995 0.28144
-0.39498 1.0191 -0.7423
0.20006 -0.53635 -0.36698
0.23467 0.16957 0.28951
0.91503 0.31041 0.18153
-0.59641 -0.22314 -0.50983
-0.69673 0.12709 0.35526
-0.74186 0.024118 -0.30436
0.23181 0.24842 -0.55054
0.034494 -0.58715 -0.096765
0.98255 -0.70294 0.036191
-0.26627 -0.32569 -0.6464
0.64933 -0.64993 -0.33248
-0.82972 -0.063919 -0.090212
0.8947 0.36038 -0.10033
0.94672 0.32183 0.0082136
-0.065111 0.42965 -0.31657
0.046191 0.37479 -0.42345
0.019652 -0.51756 -0.70719
-0.44488 0.91297 -0.62119
-0.39501 -0.41121 -0.82657
-0.72447 0.13356 0.31153
-0.15493 0.024817 -0.72701
0.097975 1.1245 -0.29813
-0.35983 0.94568 -0.63252
0.93127 0.10883 -0.29023
0.45951 0.047432 -0.61978
-0.62598 -0.3744 -0.3713
0.15311 0.0179 0.35079
-0.81554 -0.042056 -0.081023
-0.0053101 0.0016544 0.32323
1.0198 0.18098 -0.064367
-0.58857 0.53813 -0.0088187
-0.24862 0.72955 -0.1151
-0.063589 0.079588 -0.80969
0.66828 -0.52131 0.47516
-0.40709 0.083376 -0.66616
-0.12977 0.63124 0.13329
-0.37627 -0.56981 -0.3264
-0.41729 0.22443 0.50676
-0.22415 0.47216 -0.29703
0.88844 0.17541 0.28236
-0.18063 -0.18014 0.28908
-0.20739 -0.4938 -0.92569
0.27545 0.24876 -0.51892
-0.44423 0.042683 0.27886
-0.10933 -0.49095 0.30111
0.23285 0.17717 -0.65463
0.14024 -0.17438 0.54212
-0.35633 0.84189 -0.60744
0.82868 -0.71948 0.13687
-0.12247 -0.5735 -0.12512
1.0033 -0.23145 0.26903
0.13576 -0.60789 -0.034499
0.52627 0.13213 -0.53518
-0.56922 -0.19761 0.24223
-0.098471 -0.45956 -0.69775
-0.1464 0.48813 -0.23725
-0.42547 -0.66697 0.23383
-0.34388 0.23435 -0.52515
-0.2273 -0.49602 0.2455
0.40423 -0.6399 0.43855
0.55905 -0.61722 -0.48788
1.2261 -0.40376 0.21364
-0.34949 0.86182 -0.30404
0.98689 -0.38193 0.27431
1.0813 -0.20271 0.10725
0.051364 1.1014 -0.24123
-0.04818 -0.088036 0.29253
-0.51427 1.1355 -0.76831
0.024464 -0.49193 -0.67791
0.3808 0.37569 0.19657
-0.61477 -0.45916 0.05036
-0.74598 -0.13752 0.14875
1.251 -0.51035 0.17
-0.67455 -0.22389 -0.46768
-0.4152 0.43508 0.48315
-0.03962 0.42842 -0.14388
0.53243 0.52787 -0.23813
0.60018 0.19848 0.30268
0.46398 0.11678 0.3361
0.35629 0.4944 0.0021879
-0.45292 1.1648 -0.91393
-0.4185 0.92607 -0.78699
-0.22779 -0.16823 -0.61139
0.6743 0.50405 0.091261
-0.77784 -0.079934 -0.47141
-0.32607 -0.04758 0.32362
-0.4337 0.397 0.50236
-0.40591 -0.53113 -0.54441
0.60856 0.47498 0.14416
0.16175 -0.034963 0.46811
0.76599 0.42261 -0.21485
0.25402 -0.54202 -0.35905
-0.52645 0.28573 0.52771
0.09291 -0.5232 -0.77403
0.9253 0.33373 -0.062586
0.83537 -0.00093504 0.41448
0.23201 -0.17392 0.55264
-0.32039 0.71758 0.1171
0.64956 -0.05311 0.51249
-0.65349 0.27265 0.46773
-0.42743 1.1498 -0.74399
0.068105 -0.5232 -0.68781
0.00019372 0.14564 0.22857
0.61643 0.20924 -0.44435
0.13599 -0.64706 0.48071
-0.34525 -0.57715 0.27726
-0.45743 1.0989 -0.60868
-0.40317 0.32096 -0.37348
0.48526 0.56481 -0.11382
-0.20924 0.084087 -0.63569
-0.79016 -0.22716 -0.15513
-0.018688 1.1564 -0.23842
0.04307 1.0835 -0.35208
-0.91542 -0.5325 -0.41236
0.25186 0.43841 -0.36779
0.27764 -0.5552 -0.68249
1.1416 -0.32369 0.18265
-0.39523 -0.47121 -0.87787
1.0135 -0.10615 -0.23592
0.6103 0.14215 0.3611
-0.82587 -0.17362 -0.13855
-0.66476 0.13013 0.16185
0.9415 -0.033959 0.36235
0.29382 0.039393 0.43817
0.49955 0.35226 0.24908
-0.23302 0.050752 0.28823
1.07 -0.2349 -0.15182
-0.10535 -0.34062 -0.84045
-0.84342 -0.12616 -0.12107
-0.30688 -0.30083 -0.61737
-0.67705 0.12272 0.19809
0.49597 0.30241 -0.41937
-0.65306 -0.052873 -0.64381
-0.45823 0.61814 0.32487
0.75441 -0.28424 0.47512
-0.61672 -0.29481 -0.26603
0.63946 -0.62739 -0.436
1.0663 0.072401 0.093523
1.0781 -0.032544 0.018281
0.114 0.10942 0.29067
0.091357 0.35248 -0.45388
-0.68019 -0.15452 -0.55763
-0.50016 -0.18611 0.27237
-0.83212 -0.16154 -0.23873
0.67118 -0.51752 -0.54699
0.035688 0.17751 -0.72748
0.97787 0.19556 -0.17264
0.73116 0.25015 0.28472
1.0658 -0.16845 0.16133
0.21782 -0.56916 0.48121
0.96817 -0.095451 -0.29062
-0.41998 0.67257 -0.2351
1.2508 -0.4846 -0.12805
0.078819 -0.42987 -0.80896
0.37285 -0.47658 -0.69791
-0.66426 0.094696 -0.27174
0.075006 0.0071489 0.33051
-0.53561 -0.67006 0.3148
-0.50249 0.43988 0.50527
0.30669 -0.038171 -0.733
0.15606 -0.61096 0.45693
0.78303 -0.35697 -0.50742
-0.24554 0.72743 0.070243
-0.21893 -0.47684 0.22232
0.16119 -0.64814 0.47605
0.40726 -0.2099 0.58718
0.13846 0.085309 0.31606
1.0509 -0.046177 -0.14026
0.30718 -0.69499 0.45213
0.75429 -0.55567 0.36532
-0.65099 0.34367 4.557e-05
1.2088 -0.52128 0.2138
-0.47953 1.1543 -0.68284
-0.010471 -0.25678 0.31134
0.56282 -0.10048 0.55445
-0.28046 0.33994 -0.37458
0.15203 0.078948 -0.75526
-0.68093 -0.28869 -0.13459
0.62713 0.51554 -0.20247
0.13853 1.2909 -0.37503
0.97983 -0.63348 0.25691
-0.012039 -0.64528 0.28053
-0.41261 0.71821 -0.23199
-0.2907 0.23679 0.3275
1.1379 -0.26294 0.10581
-0.090563 -0.63859 0.51896
-0.14396 0.46166 0.18438
0.61762 0.54645 -0.14135
0.1481 0.11907 0.29815
0.60991 0.24223 0.29211
0.36624 -0.5727 -0.61906
0.58589 -0.57702 -0.59565
0.93073 0.31218 -0.10649
-0.065233 0.45911 -0.054797
0.80491 -0.5195 0.36901
-0.60863 0.41673 0.18899
0.42173 -0.48602 -0.67908
1.2532 -0.53153 -0.083107
0.84018 -0.50859 0.35917
0.71608 -0.21288 0.51578
-0.33899 0.33459 -0.37395
-0.36088 0.27847 -0.41044
0.6857 -0.56175 -0.42437
1.2969 -0.41186 -0.081082
-0.43127 1.2112 -0.85871
0.42546 0.50994 -0.29283
-0.11173 0.018066 -0.81458
-0.64416 -0.087195 0.24172
0.57672 0.45761 -0.29877
-0.42829 0.96164 -0.83234
-0.60043 0.34585 0.51715
-0.25279 0.32517 -0.44272
-0.053267 0.43096 -0.13766
0.34511 0.49001 -0.31374
-0.4428 0.51665 0.45305
1.0714 -0.66712 0.13488
-0.34637 0.71942 -0.036018
-0.46684 0.659 -0.12138
0.60321 -0.54882 -0.59579
0.34123 0.43365 -0.39132
0.68878 0.52596 -0.077464
0.89154 0.27164 0.23268
0.48458 0.48229 -0.31899
0.8573 0.062974 0.37144
-0.020483 -0.50984 -0.71671
0.40636 0.093555 -0.62116
0.14744 1.2942 -0.46352
-0.47154 1.0302 -0.53397
0.084368 0.41611 -0.1132
-0.34556 -0.2666 -0.62481
-0.028345 0.36515 0.0066898
0.40915 0.53408 -0.26173
-0.58541 -0.1968 -0.55588
-0.75838 -0.12985 0.13066
-0.56525 0.20812 -0.3101
0.63402 -0.73997 0.13479
1.2053 -0.22849 0.038618
-0.60601 0.41718 0.14472
0.72098 0.46466 0.13029
0.63943 -0.28758 0.53272
-0.52601 0.020037 -0.67672
-0.73342 0.1695 0.22809
0.36844 -0.57329 -0.5825
-0.1121 -0.73176 0.4848
-0.17806 -0.70304 0.33167
-0.76936 -0.065511 -0.48912
-0.11648 0.54634 -0.16549
-0.55747 0.4463 -0.11281
-0.43271 0.99535 -0.8569
-0.28029 -0.35068 -0.83537
0.66614 -0.08801 0.49946
-0.41079 -0.54812 -0.31049
-0.15369 -0.039182 -0.71958
0.64036 -0.76106 0.32922
-0.60157 -0.081291 -0.67116
-0.54201 0.58901 0.29086
-0.53602 -0.31452 -0.082208
0.11667 0.41903 -0.11159
-0.44637 0.88964 -0.54956
0.01881 0.35015 -0.44938
-0.52682 1.0437 -0.65878
-0.15969 -0.43403 0.198
-0.2565 0.1708 0.21697
-0.32759 0.92821 -0.52387
1.0506 -0.21946 0.18946
0.26073 0.3573 0.1403
-0.24699 0.72985 0.03145
-0.58082 0.52932 0.32795
0.86956 0.41293 0.076229
0.072037 0.38727 -0.0050301
0.76413 -0.010095 -0.46273
-0.79312 -0.094464 -0.45278
-0.37595 1.0062 -0.49595
-0.50043 -0.3035 0.056959
0.14101 0.39183 -0.40993
-0.42356 0.59971 0.36965
0.90907 0.042008 0.35381
0.31103 0.38784 0.13991
-0.28045 0.72417 0.081271
0.92724 -0.15483 0.37059
1.1526 -0.58804 0.20535
0.44999 -0.095336 -0.67799
0.24215 0.0024452 0.47682
-0.58349 0.46301 -0.021892
-0.2325 -0.34204 -0.85529
0.36829 0.25822 0.27993
0.64147 -0.58471 -0.51996
-0.55295 0.34724 -0.26472
-0.71759 -0.65417 0.29309
-0.15926 -0.45155 -0.91811
-0.062432 0.016922 -0.83742
-0.11524 0.22962 0.15744
-0.82094 -0.42624 -0.53813
-0.41445 -0.52541 -0.58683
-0.076333 -0.14746 0.27633
0.59691 -0.39002 -0.63386
0.033314 0.34496 -0.46613
-0.36809 -0.48602 -0.88566
0.099271 0.86314 -0.17817
0.56337 -0.62995 0.4226
0.34296 -0.65931 0.19033
-0.4364 0.87318 -0.62315
-0.35828 -0.10399 0.325
-0.30271 -0.4324 0.22877
-0.1306 0.31716 0.20239
0.30795 -0.29044 -0.76974
0.052136 1.127 -0.21753
0.53675 0.30891 0.27981
-0.03754 -0.22074 -0.82182
-0.53528 -0.52542 0.26655
-0.58662 0.30437 -0.25048
-0.43548 0.75264 -0.60086
-0.63882 -0.44061 -0.67266
0.36359 -0.60051 0.49419
0.48013 -0.30947 -0.71197
0.89796 -0.15642 0.38955
-0.41694 0.68532 -0.26173
0.76414 0.42338 0.16976
-0.17081 -0.15681 -0.63779
0.78301 0.42369 -0.19543
-0.46767 -0.40309 0.11873
-0.047886 -0.68228 0.53082
-0.45026 0.86625 -0.73687
-0.84051 -0.53456 -0.27436
0.89921 0.10396 0.33106
0.46164 -0.40677 -0.68009
0.18711 0.2395 -0.59735
0.17948 -0.055441 -0.79018
0.14107 -0.40143 -0.76912
1.0779 -0.065089 -0.020875
0.021497 1.0296 -0.17817
-0.23144 0.50024 0.26995
0.54823 -0.6505 -0.21885
-0.13104 0.41338 -0.34927
-0.035971 -0.14882 0.28274
-0.31315 0.81516 -0.49966
-0.43123 1.1823 -0.7953
-0.5261 0.026952 0.24933
0.40888 0.29027 -0.44244
1.0637 -0.21999 0.15829
0.58791 -0.67358 0.43685
-0.47418 1.2022 -0.90059
0.29693 0.51323 -0.28597
0.64054 0.15217 -0.46605
0.97745 -0.59153 0.27278
-0.46403 1.28 -0.89762
-0.33404 0.89051 -0.35737
-0.67392 -0.52494 -0.59154
0.16552 0.43778 -0.36008
0.1681 0.44397 -0.34044
0.22156 0.35931 0.10355
0.077328 1.3243 -0.32711
-0.47023 -0.3677 -0.64286
0.068808 1.0919 -0.35846
0.18409 0.47126 -0.26535
-0.72066 0.13763 0.34847
0.78884 -0.55189 0.35238
0.13919 -0.19908 0.53226
0.768 0.24752 0.28182
1.0262 -0.69027 0.031667
0.036015 0.78138 -0.19594
0.044445 -0.26798 0.41639
-0.74391 -0.083542 0.11469
0.64447 -0.089839 0.51876
-0.064074 0.64459 -0.14407
0.49179 -0.71301 0.44239
0.12739 1.3732 -0.38799
-0.42135 1.0558 -0.53978
0.5916 0.2627 -0.42467
-0.37391 1.0007 -0.66745
0.8241 0.39147 -0.19033
0.2799 0.03335 -0.71832
-0.69375 -0.26881 -0.31886
0.23831 -0.61743 -0.026062
0.29595 -0.75612 0.45093
0.12461 0.15823 0.25728
-0.81647 -0.21119 -0.2028
-0.1609 0.27911 0.22965
-0.1957 -0.209 0.2805
0.057554 -0.6056 0.48332
-0.31364 0.34164 -0.36943
-0.5315 -0.18007 -0.57759
0.46226 -0.60854 0.49693
-0.31113 0.8621 -0.49228
-0.33739 0.57353 -0.32276
0.95201 0.047726 0.31875
-0.72514 -0.55072 0.23827
0.17509 -0.2077 0.53937
-0.26654 0.29903 -0.47995
-0.42967 -0.49215 -0.79934
0.89176 0.21978 -0.26918
0.54341 0.56541 -0.14708
0.094601 0.85842 -0.22966
1.0383 -0.20083 -0.18601
-0.064322 0.4347 -0.21382
0.033729 1.0519 -0.21778
-0.65332 -0.073257 -0.64502
1.122 -0.21733 -0.011644
-0.50041 -0.39497 0.054301
0.81174 0.12927 0.3602
-0.039457 -0.0066981 0.31784
-0.40959 0.70775 -0.34041
1.0388 -0.18122 0.21667
-0.0017253 -0.52677 -0.36387
-0.74867 -0.4763 -0.66784
-0.58147 -0.3089 -0.16608
0.4429 -0.27319 -0.72475
-0.38499 -0.37902 -0.73706
0.39304 -0.76534 0.39586
0.46935 0.09118 0.3904
-0.21878 -0.31492 -0.63738
0.19156 0.47019 -0.16997
0.91802 -0.45406 -0.32124
0.035946 -0.7421 0.48742
-0.44704 0.28131 -0.37444
0.079556 -0.6426 0.2065
-0.82038 -0.51925 -0.61483
-0.53627 -0.28602 0.11077
-0.3685 0.81845 -0.25643
-0.79164 -0.17435 -0.39812
0.36902 0.053577 -0.6683
-0.063699 0.88003 -0.090309
0.66709 -0.018655 -0.53459
-0.41738 0.78953 -0.48181
-0.51476 -0.14254 0.30314
0.52036 -0.27868 -0.69376
-0.056304 -0.082413 -0.8363
0.013081 -0.5728 0.46767
0.58518 -0.5233 0.49684
-0.49806 0.29873 0.53181
-0.46699 0.53268 0.43732
0.30389 0.4811 -0.02475
-0.036269 0.98785 -0.12152
-0.81161 -0.19352 -0.31237
-0.5709 0.5422 -0.044346
0.62234 -0.44073 -0.6165
0.085589 -0.6363 0.15455
0.19362 0.24963 -0.55964
0.13453 0.45153 -0.23559
0.83701 0.040658 0.39893
1.0022 0.23253 0.10905
-0.014227 -0.7177 0.5266
-0.74245 -0.25112 -0.066934
-0.039851 -0.34741 0.26284
-0.57165 -0.54257 -0.47295
-0.55498 -0.52151 -0.62081
0.51404 0.50344 -0.2813
0.59842 -0.43422 -0.63052
-0.26783 -0.68275 0.4151
0.46244 0.45152 -0.35099
0.21105 0.42812 -0.021202
0.55882 -0.36037 0.55255
1.0574 -0.13442 0.18521
-0.7172 0.21442 0.014385
0.42289 0.055831 0.45785
0.39621 0.46249 -0.3546
-0.59127 0.42674 -0.02891
-0.61135 -0.30137 -0.11157
-0.76488 -0.53004 -0.55117
-0.0041377 0.37178 -0.41235
0.29477 -0.66517 0.26053
0.27719 -0.55912 -0.64351
-0.20996 -0.096114 0.30245
0.48291 -0.72349 0.11759
-0.096204 0.15507 -0.66417
-0.76063 -0.52253 -0.6074
0.79116 0.32303 0.23688
0.57232 0.45412 0.16478
-0.097553 0.58071 -0.11137
-0.37255 0.45217 -0.32647
0.47362 0.51629 0.042214
-0.30331 0.80209 -0.28876
0.32149 -0.36021 0.5668
0.28601 0.10309 -0.67684
-0.68025 -0.23917 0.118
0.084486 0.050959 -0.79224
-0.72236 0.22931 0.25037
-0.097188 0.3402 -0.4548
0.39631 0.52119 -0.28062
0.88979 -0.3125 0.36939
-0.22109 0.58191 0.29535
-0.50588 0.99346 -0.62249
0.59007 -0.55029 0.4726
0.99341 0.0086307 0.29018
-0.37368 -0.3785 -0.77973
-0.29436 0.49239 0.35476
-0.81262 -0.48881 -0.29602
0.55069 -0.36614 -0.67431
0.99633 0.14447 0.20166
-0.51909 -0.36506 -0.25288
0.8914 0.38629 0.10276
0.81058 0.26088 0.26657
0.19109 1.1339 -0.38614
0.14198 -0.30796 0.51464
-0.09333 0.39748 -0.37978
0.10839 -0.025654 0.38745
0.04811 1.0047 -0.22815
0.31242 -0.073327 -0.73249
0.18504 -0.75277 0.45218
1.3046 -0.35125 0.094882
-0.12362 0.11699 -0.65012
0.10377 1.2536 -0.30891
0.087149 1.2452 -0.4068
-0.75915 -0.23347 -0.36489
0.66229 -0.74728 0.18347
-0.096815 -0.090148 -0.80258
-0.39275 -0.040016 -0.67619
-0.40629 0.70827 -0.53153
1.0259 -0.23365 -0.20081
-0.76245 -0.53094 -0.071821
0.85147 -0.39728 0.38654
-0.020127 0.27307 -0.53895
-0.063016 0.33567 0.07156
-0.0082231 0.86905 -0.28727
-0.64085 -0.018608 -0.6465
0.43571 -0.76273 0.35091
-0.13371 0.51329 0.15367
-0.26003 0.02128 -0.6509
0.63173 -0.1231 0.52029
0.4375 0.14904 -0.58109
-0.63875 0.1258 0.13324
0.69362 -0.086337 0.4828
0.35426 -0.52337 -0.47822
0.062611 -0.2414 0.45548
0.18622 0.43154 -0.37542
0.3376 0.28205 0.25201
-0.32465 0.65155 -0.41908
-0.61134 -0.29414 -0.044606
0.84309 0.22718 -0.30983
1.0472 0.030316 -0.13873
1.088 -0.15077 0.021966
-0.37034 0.28963 0.4821
1.1548 -0.2355 -0.12815
-0.58075 -0.30893 -0.4095
-0.4687 -0.44149 -0.69504
0.99157 0.2381 -0.06591
0.22472 -0.54356 0.50331
1.3049 -0.33787 -0.038249
-0.72645 -0.24106 0.046595
-0.62644 0.50039 0.15333
-0.013257 -0.078809 -0.85443
0.44567 -0.63393 -0.32251
0.82922 -0.24902 -0.46985
-0.77959 -0.01403 -0.28972
-0.71664 -0.21053 0.12801
0.37571 0.49736 -0.31028
0.62762 0.11767 0.39507
0.023295 0.98732 -0.20339
0.33877 -0.66765 -0.10607
0.0045023 0.2297 -0.55816
-0.036271 -0.56921 0.46998
-0.46792 -0.0024839 0.29028
0.57541 0.42871 0.18999
-0.73455 -0.23192 0.060978
-0.61893 -0.018474 -0.66008
-0.087954 0.47584 -0.13076
-0.4289 0.35731 0.5043
0.012345 0.053485 -0.81672
-0.32013 0.76704 -0.50452
0.35869 -0.61707 0.46037
-0.19824 0.37104 -0.39453
-0.49092 0.28791 0.53158
-0.81031 -0.03844 -0.28427
0.032047 -0.11301 -0.85557
0.72438 -0.52976 0.42116
-0.49892 -0.35478 -0.0018481
0.41033 -0.0036285 0.52226
-0.41998 -0.36568 -0.64689
0.23731 -0.59835 -0.11936
0.78872 -0.5147 -0.35242
1.0828 -0.17696 -0.061031
0.14388 1.1276 -0.40069
-0.37403 0.26019 0.48524
0.12073 0.11597 -0.74719
0.84354 -0.43424 0.38471
0.14862 0.91484 -0.24339
0.69194 0.36238 0.23076
1.0343 0.12945 -0.10047
0.072679 1.1621 -0.26905
-0.46526 0.25913 0.53147
-0.053028 -0.027532 0.31886
-0.40455 -0.39212 -0.73027
-0.48803 0.15809 0.46961
1.1297 -0.61089 -0.13793
-0.23053 -0.013346 0.32367
0.75594 0.14971 -0.40511
-0.32985 0.17804 -0.60704
-0.71495 -0.19584 0.14291
0.23957 0.4857 -0.13485
-0.4539 0.49746 0.46731
-0.51794 0.25986 -0.33378
-0.15298 0.25005 0.18879
-0.79841 -0.20763 -0.29892
0.76452 -0.44438 0.43395
0.079745 0.1146 -0.76689
0.49652 0.10992 -0.57143
0.16932 -0.38622 0.52116
0.46087 -0.17358 0.56831
0.27864 0.51608 -0.19129
0.26575 -0.32449 -0.78252
-0.60684 0.42269 0.014573
0.41731 -0.44433 -0.6776
-0.6942 0.21438 0.44622
-0.30755 -0.25867 0.25994
-0.39713 0.038188 -0.69114
1.1879 -0.60814 0.13396
0.073077 1.2826 -0.26714
1.0514 0.094875 -0.062476
-0.6171 -0.093454 0.26285
-0.54557 -0.57102 0.31624
0.8733 -0.48826 -0.32543
-0.13548 -0.14457 -0.71682
0.37829 -0.13796 0.5596
-0.0086035 0.11175 0.24807
0.69085 0.32594 0.246
-0.30356 -0.37662 -0.85719
-0.3893 0.60556 -0.31479
-0.26063 -0.12589 -0.63027
-0.13194 0.47742 -0.22731
0.78993 0.47617 -0.0019737
-0.029994 0.85796 -0.2848
-0.68443 -0.27961 -0.062344
-0.70553 -0.44934 -0.27412
0.69888 0.34264 -0.32571
-0.44552 1.235 -0.83746
-0.7395 0.037495 -0.24444
0.043687 0.37027 0.029145
0.56844 -0.55657 -0.61877
-0.48105 0.56002 -0.1683
-0.41734 0.72758 -0.41449
-0.069011 0.3797 -0.38746
-0.50381 1.2252 -0.76534
-0.36246 0.77575 -0.58823
0.56009 -0.40636 0.5383
0.1666 1.2553 -0.41243
0.33601 -0.65323 0.14894
-0.46001 0.99166 -0.85243
0.2106 0.41868 -0.38578
0.66311 0.51916 0.060484
1.0836 -0.082927 0.10146
-0.76258 -0.10654 0.10862
-0.31512 0.63292 -0.38548
0.057127 0.23382 -0.59697
-0.45757 1.08 -0.89133
-0.30404 -0.59739 -0.15568
-0.44202 0.79574 -0.36914
0.13714 1.3377 -0.38304
-0.56614 0.46547 0.44019
0.11983 1.1062 -0.3761
0.97791 -0.030603 0.32075
0.25289 -0.43818 0.55362
0.82564 0.44577 0.067633
0.91662 -0.52795 -0.31502
0.82881 0.079178 0.38465
0.29582 -0.2796 0.57854
-0.27516 0.35328 -0.36403
0.24932 0.2568 -0.50754
-0.28581 0.32919 0.35619
0.83165 -0.72382 -0.066682
-0.40089 0.20018 0.47485
-0.078201 -0.56526 0.45659
-0.23193 0.55554 -0.26877
0.97387 -0.0029615 0.32097
0.5886 -0.34 -0.6565
-0.061652 1.0791 -0.26549
-0.83598 -0.16239 -0.15226
-0.16606 -0.31051 -0.767
0.59078 0.0034033 0.48696
1.2199 -0.59459 0.0054228
-0.12416 0.6833 0.066952
0.045477 0.93342 -0.19311
-0.22492 0.26941 0.29494
0.55175 -0.16906 0.54926
1.2592 -0.55636 0.097625
-0.25747 0.61846 0.31437
-0.5132 -0.44119 0.10783
0.98492 -0.29835 -0.26442
-0.63374 0.034868 -0.57893
-0.51915 0.20203 -0.33881
-0.44273 0.83553 -0.37106
-0.42495 -0.38026 0.15839
-0.029302 -0.60521 0.01372
-0.22928 0.13803 -0.62807
0.29275 0.25285 -0.49291
-0.18143 0.062161 -0.64665
0.50996 -0.4152 -0.66608
-0.62932 -0.36226 -0.41641
-0.032076 -0.01863 -0.85351
-0.55918 -0.085718 0.28796
-0.26523 0.25715 -0.53127
-0.016821 -0.19243 -0.83843
-0.40361 1.0852 -0.66634
0.25909 -0.59425 -0.16705
0.87594 -0.52093 -0.32125
0.58679 -0.73606 0.12916
0.20442 0.47821 -0.28385
-0.39062 0.70877 -0.037144
0.55215 -0.13273 0.55694
-0.43418 0.67215 -0.16465
-0.62121 0.38064 -0.022692
0.53866 0.56475 -0.083511
1.27 -0.49161 -0.082381
-0.77897 -0.54942 -0.39565
0.27491 -0.45959 -0.73321
0.31595 0.099163 -0.6641
0.03219 -0.23361 0.40145
-0.30713 0.76026 -0.22582
-0.39852 0.82587 -0.68511
0.1331 0.37523 -0.42637
-0.20671 0.2703 -0.51999
-0.17089 -0.0079628 -0.64903
-0.42545 0.72508 -0.52981
-0.20532 -0.27368 -0.58305
-0.40751 0.65955 -0.3473
-0.83294 -0.15094 -0.23443
-0.7802 -0.62311 0.087737
-0.036377 0.90138 -0.10472
-0.45539 0.93477 -0.82445
-0.67769 0.27477 -0.061406
0.61874 -0.050189 0.52048
0.49188 -0.59338 -0.46263
-0.086856 0.98243 -0.14208
-0.5374 0.036308 -0.65489
1.1705 -0.219 -0.006078
0.4475 0.22571 0.31167
0.86816 0.38679 0.13631
0.5862 0.19216 -0.46371
0.22098 -0.35008 -0.79024
-0.81995 -0.18052 -0.095402
0.49429 -0.21143 0.55877
-0.030996 0.42279 -0.10784
-0.46676 1.1605 -0.89672
-0.080557 0.84208 -0.27217
-0.14137 -0.47338 -0.58677
-0.20171 -0.24108 -0.58502
0.84402 0.091848 0.36434
-0.47276 0.53244 -0.19206
1.0387 0.14497 0.085293
-0.39351 0.51692 -0.29114
-0.053741 -0.51378 -0.41224
-0.43887 0.79326 -0.63283
-0.34575 0.16214 0.27361
-0.4335 0.78369 -0.33377
-0.61982 0.53167 0.078118
1.2812 -0.34736 0.13855
-0.10807 0.51006 0.071919
-0.80691 -0.18525 -0.35043
-0.5321 1.187 -0.80932
-0.17779 -0.61172 0.10058
0.19874 -0.4646 0.5181
0.51382 0.36613 -0.3788
-0.2034 -0.62097 0.1673
-0.64104 -0.29234 -0.264
-0.40735 0.18061 -0.5637
-0.14175 0.7631 -0.22713
0.60574 -0.092765 0.53852
0.022451 1.1625 -0.34662
-0.4844 -0.46757 -0.70127
-0.7001 0.055308 -0.33897
0.45499 -0.4124 0.58446
0.26564 0.13046 0.30841
-0.33695 0.55778 -0.30766
-0.46446 -0.11749 -0.64741
-0.68087 -0.48491 0.14024
-0.40958 0.67214 -0.27464
0.28046 0.21323 0.27767
-0.50008 0.4226 0.5167
1.1724 -0.22898 0.044996
0.22683 0.38593 0.059502
0.069962 0.20385 -0.68907
0.74609 -0.69397 -0.1842
-0.51239 -0.34069 -0.61252
0.93087 0.1754 -0.24937
0.96649 0.24509 -0.14104
-0.1501 0.28464 -0.51387
0.12096 0.8762 -0.21339
-0.02603 1.0528 -0.32141
-0.22983 -0.0070942 -0.6404
-0.37433 -0.44155 -0.88564
-0.65785 0.073917 -0.4277
-0.42028 0.057471 -0.67919
-0.61085 0.28006 0.50652
0.91802 0.17223 0.26545
-0.69333 0.04776 0.036444
-0.60666 0.42435 0.43686
0.68888 -0.3215 0.50041
0.42802 0.51795 0.0067881
0.24795 -0.56534 -0.26231
0.18626 -0.17429 0.55129
0.80046 0.084371 0.39543
0.11267 1.316 -0.30097
0.76588 0.078448 0.40611
0.7945 0.11988 0.37575
-0.22072 0.16419 -0.61092
0.83957 0.29011 -0.26891
-0.087885 -0.60922 0.054785
-0.42617 -0.21106 0.26513
-0.094435 0.11008 -0.78094
0.51442 0.553 -0.20619
0.67551 0.52799 -0.10776
1.04 0.068503 -0.13819
-0.014074 -0.60968 0.036194
1.2552 -0.48083 0.17343
-0.13269 0.19556 0.19304
-0.31112 -0.60225 -0.11409
1.2208 -0.58167 -0.043765
-0.29938 0.16503 0.22725
0.81235 0.073547 -0.4145
-0.7338 -0.25168 -0.027048
1.0115 0.18307 0.15161
1.1562 -0.22461 -0.09487
-0.81349 -0.1932 -0.10432
-0.19857 0.37678 -0.37692
0.12783 -0.72178 0.49094
0.012712 -0.48606 -0.55166
0.30282 0.17041 -0.62759
0.14577 0.26302 0.16638
0.7329 -0.72775 0.0050181
1.1081 -0.44929 -0.27582
-0.73116 -0.56759 -0.28146
-0.11704 0.2527 0.14824
0.48036 -0.032805 -0.64194
-0.21434 -0.49538 -0.89821
-0.11107 0.98863 -0.18919
-0.12596 0.36477 -0.4203
-0.098329 0.54039 -0.11821
0.14032 0.20001 -0.67153
-0.36925 1.0194 -0.59277
0.98176 -0.15007 0.30486
0.7364 -0.15405 -0.52589
-0.72529 0.033911 -0.0050338
-0.16789 0.3431 0.25018
0.060124 0.4145 -0.078736
-0.034714 1.0616 -0.31362
-0.5325 -0.035247 -0.69486
0.074749 0.14459 -0.74931
0.095466 0.87266 -0.16261
-0.69689 -0.50382 -0.1194
-0.66992 -0.061767 -0.62902
-0.73598 -0.58052 -0.18626
-0.82592 -0.051993 -0.1879
1.2545 -0.24859 -0.041463
-0.52298 1.176 -0.71321
0.96166 -0.34701 0.31791
-0.26079 0.72923 -0.020377
-0.64074 -0.56645 -0.31629
-0.77177 -0.035096 -0.44862
-0.1394 0.28393 0.20149
-0.64322 0.37209 0.27333
0.54355 -0.17375 -0.66105
0.1019 -0.061216 0.43581
-0.25325 -0.32963 -0.7935
-0.31333 0.26093 0.39317
0.15602 -0.54244 -0.33244
-0.26565 -0.46658 0.22336
0.18914 -0.3095 0.51879
-0.068885 0.64121 -0.11084
0.094994 0.018535 0.31465
1.0062 0.11505 -0.17801
0.55786 0.30487 -0.39538
1.096 -0.23765 0.066244
-0.073874 -0.52211 0.38517
-0.0052187 -0.21125 0.33474
-0.1655 -0.50451 -0.83347
0.28506 -0.65296 0.44897
0.2041 -0.19971 -0.80658
-0.33023 0.72167 -0.024154
1.0437 0.10078 -0.10024
0.45081 0.16326 0.33488
-0.0055302 -0.34473 -0.81828
-0.65778 -0.29424 -0.16533
1.2635 -0.44054 0.17652
0.21644 0.46422 -0.10341
0.094694 -0.01231 -0.82152
0.6219 -0.60365 -0.52091
-0.60415 0.51798 0.26852
-0.16507 0.21388 0.18208
0.84751 0.30301 0.22852
-0.3385 0.83219 -0.56805
0.0024081 0.036037 0.31137
-0.79155 -0.15364 0.075631
-0.02231 0.71897 -0.19949
0.43575 -0.28235 0.57293
-0.31773 0.73331 -0.15375
-0.41566 0.18836 -0.53278
0.72872 0.49727 0.049511
-0.45092 -0.51718 -0.65486
0.64002 0.081921 -0.50434
-0.61387 -0.47656 -0.12841
0.74609 -0.21113 0.49544
-0.43392 0.79389 -0.60113
-0.28635 0.80213 -0.40294
0.12145 0.0068131 0.34109
0.11805 -0.59684 -0.085446
1.017 -0.67358 -0.10393
0.36806 -0.583 0.51662
0.13639 -0.050685 -0.8092
0.94104 0.3346 0.040621
0.14615 -0.026332 0.44048
-0.15405 -0.12103 -0.68008
-0.67241 0.12072 0.36284
-0.11252 -0.45207 -0.89615
0.67912 -0.36531 -0.60746
-0.29815 -0.41021 -0.90515
-0.58428 -0.43618 -0.68234
0.80287 0.16134 0.34084
0.9268 0.057359 0.33405
0.49882 0.33307 0.263
0.15713 0.42526 -0.37788
1.1004 -0.21165 0.013964
0.74459 0.48897 0.06014
-0.16701 0.70528 -0.21005
0.28297 0.44442 -0.3662
-0.44832 0.80477 -0.40697
-0.65607 0.13545 0.11517
-0.60642 0.57745 0.17159
-0.041969 0.37904 -0.3875
-0.21665 -0.48554 -0.74022
0.61556 0.28288 -0.39776
0.85279 0.19434 -0.31574
-0.51129 0.55248 -0.10863
0.99886 -0.56024 0.27699
0.31281 0.52934 -0.25009
0.79756 0.40591 -0.20251
-0.053821 0.20722 0.18996
-0.33222 0.78361 -0.53793
-0.66704 -0.13978 -0.57742
-0.16789 -0.23012 -0.61413
-0.046828 0.13072 0.23788
0.05711 1.1731 -0.20858
-0.23599 0.26401 -0.52648
-0.0067636 -0.51581 -0.41301
-0.68967 -0.066907 -0.60196
0.54351 -0.58773 0.47072
-0.76421 -0.24242 -0.31923
0.67644 -0.1801 0.52769
0.20716 0.29875 -0.4873
1.0818 -0.10371 -0.019899
-0.48884 0.46756 0.48757
0.54483 -0.14708 -0.65413
-0.50536 -0.33041 -0.24908
-0.69949 -0.055143 0.15434
0.85848 0.38839 -0.1393
-0.41791 0.73647 -0.59645
-0.66249 -0.53133 -0.5435
-0.30764 -0.68872 0.34084
1.2589 -0.27236 0.086739
0.69413 0.38463 0.21953
-0.48824 -0.63083 0.028142
-0.078564 0.25167 0.13878
-0.45602 0.92573 -0.80009
-0.059881 -0.16563 -0.82688
-0.65974 0.30364 0.44763
1.2758 -0.45951 -0.096867
-0.61599 -0.30151 -0.21144
-0.31227 -0.32359 -0.6307
-0.74649 -0.19693 -0.45728
0.80932 -0.40438 -0.46265
0.67473 -0.74397 0.33245
-0.20465 -0.47736 -0.54999
-0.35454 0.98132 -0.59461
-0.77059 -0.22301 0.010323
0.044378 -0.20488 0.44788
-0.064015 0.7092 -0.070808
-0.66101 -0.54965 0.28415
-0.72243 -0.53696 -0.49599
-0.37093 -0.20132 -0.63511
1.2113 -0.33791 -0.18574
0.93128 -0.10826 0.36522
0.76574 0.39955 0.19619
-0.025898 1.0426 -0.1467
-0.12365 0.86385 -0.24362
0.48077 -0.72324 0.25262
0.25867 0.50271 -0.16602
-0.091224 -0.44427 -0.88311
-0.91033 -0.49643 -0.51542
-0.55637 -0.55104 0.30464
-0.75817 -0.067991 -0.51109
-0.14846 0.058805 0.28795
-0.41419 1.1077 -0.82385
-0.43838 -0.53878 0.2672
-0.099508 0.43307 -0.25116
0.21462 0.25712 -0.51667
-0.023258 0.19281 -0.71027
0.21857 -0.26801 0.54089
-0.16758 -0.023628 -0.68209
0.078752 0.40025 -0.036669
-0.11455 -0.62464 0.17673
-0.39375 0.12425 0.24686
-0.38974 0.15074 0.3332
0.9195 0.34999 -0.029947
-0.46874 -0.65496 0.32537
-0.20421 -0.3457 0.25607
0.34511 0.5016 -0.029623
0.80977 0.098443 -0.40399
-0.44251 0.10409 -0.62489
-0.38258 1.0279 -0.53337
0.15908 0.1617 0.271
0.54513 -0.67442 0.43821
-0.52307 0.32431 0.54408
0.076517 0.34285 0.067793
-0.29052 -0.23611 -0.60791
-0.48352 0.14118 0.43479
-0.81409 -0.036483 -0.1296
1.0019 0.21901 -0.065367
-0.739 -0.24311 -0.37238
0.38678 0.095125 0.35194
0.71271 0.44514 0.15708
-0.08666 0.46799 0.062308
-0.50624 0.29316 -0.3331
0.33815 -0.64709 0.090591
-0.2529 0.70579 -0.17608
0.11464 1.1624 -0.40274
0.52736 -0.072717 0.54781
0.65838 -0.28134 -0.62755
-0.81478 -0.1172 -0.0177
0.32439 0.21348 0.29361
-0.23628 -0.59549 -0.24329
-0.50892 1.1019 -0.73889
0.076315 0.41017 -0.36554
-0.12572 0.43425 -0.24951
0.03676 -0.38511 -0.82031
-0.41609 0.76331 -0.41297
-0.70471 -0.11006 0.19306
0.51462 0.53569 -0.23636
0.09389 -0.49998 -0.79591
0.45776 -0.37177 0.57766
-0.19817 -0.034371 -0.63779
-0.27673 0.22808 0.30127
1.0518 0.026065 0.16961
0.79589 0.4725 0.030202
-0.27953 0.28022 -0.50429
0.04663 -0.22865 0.43819
0.71202 0.50975 -0.11045
0.11149 0.92702 -0.27947
0.74123 0.1024 -0.43992
-0.040881 0.69037 -0.11106
-0.10189 -0.20488 -0.77075
-0.62509 0.38389 0.098699
0.32785 -0.54468 0.55356
0.31349 -0.59501 0.48064
-0.47456 1.085 -0.79369
0.10764 0.33745 0.06457
-0.40364 0.68393 0.20748
0.28968 0.37268 -0.42815
0.095459 0.40648 -0.38189
-0.13987 -0.075631 -0.73736
0.85429 -0.47924 0.36687
0.66904 -0.70756 0.025427
-0.35328 -0.32153 0.2116
0.30249 0.52286 -0.26928
-0.48327 -0.22355 -0.60123
-0.62431 0.53635 0.17347
-0.19674 0.4076 0.26173
1.2389 -0.35369 -0.16586
-0.4704 -0.5398 -0.33507
-0.40299 -0.30117 -0.62535
0.16655 0.087783 0.32197
-0.33779 0.0068298 0.30482
0.35138 -0.067977 0.54866
0.18282 -0.3458 0.5148
-0.018232 -0.55455 -0.23047
0.83494 -0.63122 0.25226
0.34676 -0.68278 0.0011635
-0.30337 0.072256 0.28811
0.60656 0.41575 -0.32214
1.266 -0.51943 0.14166
0.96325 -0.24429 -0.31672
0.90503 0.10417 -0.31759
-0.31907 -0.49882 -0.82954
-0.42918 1.1667 -0.89756
-0.68531 -0.47645 0.038656
-0.48306 1.0656 -0.73404
-0.53038 -0.46868 0.15701
-0.30721 -0.039611 -0.65559
0.82016 0.12947 -0.37176
-0.3461 0.14775 -0.62997
0.10724 -0.31027 0.49334
-0.56778 0.089629 -0.5651
0.48693 -0.49914 -0.6547
0.050067 0.045952 0.3166
0.44237 -0.056371 0.54208
1.0533 -0.24792 -0.17641
-0.35576 0.21063 -0.55234
-0.46882 -0.30594 -0.61374
-0.60755 -0.37998 -0.6117
-0.20974 0.38862 -0.32759
-0.4711 1.1303 -0.65143
-0.43054 0.5058 -0.27564
1.0241 -0.22943 0.23899
0.075729 0.85542 -0.15522
0.25276 0.50913 -0.24822
-0.23191 -0.09772 0.31386
-0.12011 0.48215 -0.20497
-0.67609 -0.53814 -0.48787
-0.67557 -0.63786 0.1465
-0.45429 0.94473 -0.62669
0.39312 -0.048288 -0.70241
0.75754 0.14765 0.36967
0.66966 -0.4862 0.48764
-0.31056 -0.58095 0.30202
-0.52811 -0.16178 0.28896
0.26145 0.37532 -0.43059
-0.61286 -0.46122 -0.030262
0.012127 0.8827 -0.15263
0.47439 0.55567 -0.2119
-0.66938 0.13237 -0.0018378
0.12693 0.24771 -0.56756
-0.0017415 -0.18432 0.34625
-0.68924 -0.43346 -0.65734
-0.20752 -0.31294 0.26679
-0.32069 -0.39868 -0.88379
1.3038 -0.43499 0.095841
0.75864 0.45784 -0.16396
0.061295 1.1842 -0.37784
0.58581 -0.30214 -0.66765
-0.82965 -0.077941 -0.20086
0.20351 -0.52679 -0.41189
1.1729 -0.62629 0.0025359
0.1122 0.41374 -0.38163
-0.4969 1.1137 -0.76671
0.17422 -0.54273 -0.66227
1.2226 -0.36873 -0.1845
-0.76292 0.011802 -0.25515
-0.33379 -0.2107 0.27778
-0.038307 0.26626 0.13634
0.99375 0.15084 -0.17502
0.39037 -0.67766 0.09729
-0.53318 0.085461 0.2355
-0.28792 -0.20935 0.27118
-0.24136 -0.20968 0.2833
0.10347 0.41479 -0.36169
1.0853 -0.3095 0.15475
0.39404 0.19548 -0.55881
0.57628 0.31327 0.27461
1.0857 -0.40225 0.23094
-0.70852 0.17631 0.092085
0.53251 -0.076463 -0.63977
-0.50027 0.073577 -0.62646
-0.58142 0.50037 -0.015098
-0.48885 -0.24934 -0.59938
-0.49254 0.32601 0.53726
-0.52538 -0.64773 0.16455
0.32762 0.37671 -0.42496
1.2273 -0.52609 -0.13967
-0.27199 -0.16861 -0.6181
-0.084274 -0.54378 0.42651
0.354 0.3528 0.20769
0.96371 0.24802 0.17054
-0.61379 0.39601 0.0094582
0.53484 -0.73666 0.16623
-0.60263 -0.32828 -0.46678
-0.1634 -0.59436 0.44916
-0.43342 -0.39213 -0.66275
0.78209 0.099579 -0.42138
0.62947 -0.44499 0.49532
-0.19121 0.70042 -0.19721
-0.44424 0.86829 -0.51389
-0.68357 0.29359 0.21583
-0.57734 0.064599 -0.59571
-0.82079 -0.57242 -0.021979
0.053307 0.87638 -0.1404
0.97561 -0.66892 0.21473
0.33412 0.24857 -0.48559
-0.50631 0.66795 0.044806
-0.82075 -0.55479 -0.25338
0.65309 0.54073 -0.07778
0.21115 0.48598 -0.21694
-0.63221 0.37528 0.050232
-0.41264 0.47133 0.4701
0.37248 0.24758 -0.47516
0.43882 0.042484 0.47902
0.83158 -0.69427 0.1947
0.12475 0.048569 -0.77745
0.49266 0.047484 -0.60182
0.2972 -0.10417 0.54977
-0.069449 -0.37948 0.23218
0.10325 0.21332 -0.66647
1.0001 0.24101 0.079159
-0.30715 -0.57711 -0.17741
-0.027762 0.20014 -0.69196
-0.18104 -0.093975 0.28711
0.90841 0.3545 -0.066363
0.3089 -0.060352 0.53828
0.52638 0.4553 -0.32487
0.67639 0.48678 0.1258
-0.62473 0.5301 0.12149
-0.30342 -0.6258 0.351
-0.37886 0.90553 -0.67571
-0.70864 0.26566 0.40698
0.3541 -0.63497 0.43461
-0.55132 -0.43219 -0.07173
0.65795 0.36322 0.23548
-0.30622 -0.58034 -0.21198
0.99523 -0.17684 -0.26836
-0.57423 0.10348 0.33122
0.82319 -0.5934 0.31379
-0.86216 -0.53163 -0.3058
0.63671 -0.63979 -0.37483
0.71708 0.073164 0.41187
-0.62786 -0.46569 0.094431
-0.71361 0.23648 0.020835
-0.72768 -0.64628 0.2076
-0.63345 0.023372 0.15747
0.73531 -0.64939 -0.26511
0.43574 -0.23558 -0.71732
-0.23276 0.6522 0.28969
0.84313 -0.67339 0.21245
0.47965 -0.54453 -0.66045
-0.1193 0.12852 0.25896
-0.39888 0.72636 -0.19263
-0.33021 0.21669 -0.55091
0.0083948 0.084538 -0.80336
-0.31154 -0.44549 -0.92206
-0.41148 0.41082 -0.33452
0.098741 0.14316 -0.74134
-0.34556 0.43437 -0.34059
-0.02319 0.95708 -0.31406
-0.42614 1.0745 -0.57463
0.047485 -0.44004 0.42213
1.0541 -0.4674 -0.2976
-0.80289 -0.10769 -0.44229
-0.62358 -0.66484 0.30963
0.42557 -0.55083 0.5491
-0.52783 0.36929 -0.27423
0.31594 0.027721 0.46629
-0.41249 0.64632 -0.29777
-0.44282 1.175 -0.75308
0.016074 0.027595 0.32225
0.11268 1.2705 -0.32437
-0.55391 -0.066137 -0.69073
-0.47961 1.0765 -0.76156
0.0090538 0.97598 -0.17382
-0.39135 0.5492 -0.28544
0.86834 -0.31289 0.37628
-0.68002 0.14931 0.079269
-0.61208 0.45376 0.15172
0.69694 0.45107 -0.23733
0.70477 0.42748 0.18319
-0.65822 -0.21421 0.175
0.33881 0.32324 0.22652
-0.094069 -0.0022701 0.29143
-0.15938 0.044924 -0.67919
0.21868 0.33527 0.13812
-0.5546 0.61884 0.20427
0.63016 -0.75378 0.23352
0.62365 -0.011425 -0.55589
-0.72668 -0.27732 -0.18627
0.42361 -0.64742 -0.19599
0.1292 1.06 -0.3538
-0.16598 -0.06459 0.28669
-0.62633 -0.44125 -0.24361
0.35897 -0.40778 0.57813
0.92407 -0.58579 -0.2825
-0.6591 -0.27578 -0.32031
-0.02003 0.80316 -0.10115
1.171 -0.22328 0.024169
-0.56549 0.053738 -0.61896
0.18825 -0.65835 0.26803
-0.81586 -0.16724 -0.029059
-0.28102 -0.61616 -0.11563
-0.89505 -0.5149 -0.55643
0.8344 -0.57566 -0.30509
-0.58625 -0.32098 -0.51509
0.7471 -0.2323 -0.52987
-0.069144 -0.73629 0.49368
0.10144 1.261 -0.29297
-0.3712 -0.26414 0.21494
0.062408 1.058 -0.25525
0.11965 -0.24068 0.50717
-0.57594 -0.30235 -0.26315
0.066465 0.85217 -0.24899
-0.20782 -0.31407 -0.68272
-0.54223 1.1877 -0.74093
0.47008 0.1497 0.3369
-0.1191 -0.47151 0.25213
-0.25725 -0.060057 -0.64921
-0.44796 0.90042 -0.72464
-0.32743 -0.66981 0.2021
-0.651 0.012693 -0.59285
0.18065 -0.74103 0.37466
-0.59931 0.1048 0.15128
-0.042415 0.41876 -0.069101
-0.63107 0.35012 -0.086181
0.52411 -0.57049 0.50443
0.12612 0.98173 -0.23837
-0.4966 -0.3778 -0.20103
-0.77092 -0.54175 -0.4567
0.47619 -0.71107 0.16984
-0.41523 0.64566 0.29859
0.911 0.33916 -0.10062
0.65346 -0.49181 -0.58815
-0.39608 0.3262 0.49289
-0.38122 0.96753 -0.42483
-0.56443 -0.32233 -0.33912
-0.31623 0.84239 -0.32337
0.11692 0.91368 -0.26692
-0.5563 -0.30104 0.0024085
-0.30188 -0.34345 -0.80379
-0.1657 0.020883 0.29737
-0.1837 0.82461 -0.14637
1.1848 -0.57304 -0.13323
-0.63357 0.14218 -0.20617
-0.066464 0.19519 -0.58978
0.83756 -0.42604 -0.39038
0.78703 -0.093348 -0.47438
-0.70494 0.026201 0.061246
0.16385 0.43906 -0.10796
0.026602 0.22452 -0.59668
-0.5286 0.061763 -0.62527
1.0195 0.10123 -0.16315
-0.39128 0.61917 0.34803
0.68302 -0.40244 0.48018
-0.4923 1.1274 -0.7923
-0.66466 -0.28598 -0.26909
0.19097 0.016852 0.4025
0.10462 0.049748 -0.7844
0.95665 -0.70905 0.025097
-0.76387 -0.50186 -0.23871
-0.6117 -0.099163 -0.65198
-0.3069 0.29476 0.3937
0.92957 -0.67645 0.21058
0.96255 0.019195 -0.29394
0.73259 -0.73455 0.047998
0.93112 -0.68318 -0.15012
0.64793 0.28068 0.27357
-0.41318 0.63479 -0.2784
-0.61165 -0.16141 -0.5899
-0.56544 0.14693 0.434
0.74404 -0.017315 -0.47783
-0.87304 -0.53824 -0.46303
0.98467 0.049797 0.28257
-0.19097 0.74264 -0.18529
-0.14987 0.38614 0.22568
0.27341 -0.016369 0.50923
0.35001 0.45704 -0.36416
0.39203 -0.081452 -0.70502
-0.48485 -0.0027372 -0.69288
-0.33613 0.49474 -0.3181
-0.53123 0.54869 -0.087081
-0.52703 0.13371 -0.51828
0.78591 -0.71007 -0.12618
-0.095966 0.61362 -0.055171
-0.0017755 1.0814 -0.16022
-0.098547 0.95934 -0.25977
0.69438 -0.58104 -0.37701
0.032299 -0.58533 -0.10719
0.91495 -0.31527 -0.36974
-0.49098 0.071175 -0.63937
-0.77714 -0.40208 -0.44292
-0.016316 -0.42341 0.32582
-0.43117 -0.080741 0.33123
-0.74819 -0.50921 -0.061039
-0.46614 1.1064 -0.86586
-0.067858 0.2922 -0.50976
0.34843 0.54178 -0.18673
0.1333 -0.49818 0.47423
0.12591 1.3683 -0.35918
-0.62276 -0.66166 0.26555
0.56699 0.4673 0.14549
-0.66591 0.089358 -0.034583
0.25472 0.27545 -0.48576
-0.26794 0.37672 -0.34956
0.56117 -0.66263 -0.23113
-0.73795 -0.59996 -0.063332
-0.661 0.09399 -0.30422
-0.11726 -0.14664 -0.75657
0.87507 0.39878 -0.054474
0.34378 -0.22818 -0.75813
0.7159 0.2882 -0.35398
-0.33844 -0.50272 -0.68144
0.00076492 1.1728 -0.23067
0.74255 -0.5941 0.3576
-0.41493 -0.38853 -0.69011
1.0212 -0.10022 0.25836
-0.5145 -0.21301 0.25409
-0.407 -0.45725 0.20494
0.84243 -0.59218 0.28829
-0.033684 0.31864 0.072454
-0.011888 -0.14134 0.31756
-0.76832 -0.16865 -0.45483
-0.032845 0.85879 -0.11475
-0.16165 0.48463 -0.25702
-0.33633 0.91501 -0.39051
0.11327 0.018678 0.31859
-0.090275 0.013567 -0.82662
-0.67171 0.0042492 -0.56814
0.94155 0.3054 0.14656
-0.28409 -0.19901 -0.61011
-0.094048 0.0468 -0.81324
-0.44355 0.53349 -0.25061
0.19746 0.26144 0.199
0.50504 0.3984 -0.36701
-0.29112 0.82312 -0.36301
0.85491 -0.7288 -0.023399
0.21136 -0.58611 0.44533
-0.6767 -0.48751 0.15877
1.0182 -0.063129 0.25899
-0.29227 0.3228 -0.39537
-0.18633 0.62598 0.25212
0.74034 -0.31636 0.47052
0.074634 1.208 -0.24026
0.70947 -0.29894 -0.58778
0.12581 -0.057297 0.46202
-0.13326 0.87403 -0.22978
0.27972 0.49437 -0.099089
1.0546 -0.019229 0.17411
1.2466 -0.27414 -0.11777
-0.055555 0.80232 -0.087351
-0.086644 0.52961 -0.045177
-0.69452 -0.51161 0.20565
0.27262 -0.25518 -0.78687
-0.63269 0.051797 -0.5455
0.015982 0.35804 -0.43097
0.038568 -0.17376 0.44438
1.0347 0.12648 0.13701
-0.60244 0.39542 -0.078616
1.1066 -0.58852 0.24451
-0.82903 -0.11347 -0.37537
-0.6182 0.49517 0.036092
-0.17762 -0.50584 -0.78468
0.45961 0.34741 0.24406
-0.7807 -0.24514 -0.21911
-0.050327 1.107 -0.22723
-0.34517 -0.015603 -0.66523
-0.53064 -0.63032 0.068862
-0.2121 -0.61635 0.13576
-0.03804 0.03154 0.29753
0.41421 0.55086 -0.12067
-0.48114 0.16524 -0.50164
-0.44196 0.32652 0.51786
-0.32781 -0.60951 -0.046897
0.49221 -0.49734 0.54216
-0.50259 0.52123 -0.14528
-0.83853 -0.44734 -0.55531
-0.36915 0.92504 -0.37212
0.15125 -0.52764 -0.64392
0.090049 -0.021802 0.3535
-0.41591 -0.48174 -0.84815
-0.41461 0.83964 -0.31623
-0.086707 0.15875 -0.71691
1.0182 0.01583 0.24685
-0.49975 -0.03036 -0.69563
1.1966 -0.22292 0.0047473
0.092714 1.2137 -0.29584
0.63751 0.25639 -0.40696
0.34358 -0.64794 -0.19688
-0.82607 -0.090719 -0.050536
-0.2843 -0.59216 0.34407
0.46317 0.40222 -0.37838
0.059304 0.23414 -0.57949
0.20809 0.47022 -0.13751
0.058067 0.38671 -0.40209
-0.10287 1.0073 -0.20204
-0.4417 1.1933 -0.78231
1.0927 -0.19908 0.023735
0.652 -0.66138 -0.29091
-0.28936 0.7562 -0.25912
0.97186 0.28983 0.04188
-0.73582 0.043832 -0.097282
-0.72836 -0.00078858 0.065245
1.0269 0.14853 -0.10068
0.79228 -0.60428 -0.2971
-0.65227 0.13492 0.40333
-0.82082 -0.045475 -0.23619
-0.24009 0.30607 -0.48023
-0.62827 0.11227 -0.36015
0.21313 0.22731 0.24498
-0.60302 -0.33705 -0.41532
0.0063366 0.2763 -0.53293
0.060302 -0.010123 -0.8344
-0.37204 0.2225 -0.51562
0.90554 0.031635 -0.3576
-0.63989 -0.46685 -0.015042
-0.25625 -0.1531 0.28497
0.36097 0.093105 -0.6465
-0.012097 0.87064 -0.14157
-0.6147 -0.39021 -0.32562
-0.29002 0.72593 -0.19015
-0.47586 1.2721 -0.84265
-0.4448 0.89526 -0.69602
-0.24352 -0.67758 0.44996
0.69612 -0.050069 0.48076
-0.71573 -0.52387 -0.596
1.1329 -0.43785 0.25461
-0.15 -0.41091 -0.90408
0.71315 -0.24911 0.51112
0.44035 -0.024793 -0.66239
-0.63168 -0.55774 -0.3724
-0.069821 0.46102 -0.088428
0.065335 0.42396 -0.17717
-0.42378 -0.25329 0.20218
0.082668 -0.37483 0.45474
-0.12483 -0.26701 0.25694
-0.20382 0.55654 -0.25422
0.59604 0.15883 -0.47886
-0.48907 0.19822 -0.41195
-0.61605 0.05757 -0.56572
0.23342 0.4962 -0.28385
-0.10227 0.16522 0.22717
0.33605 -0.66504 0.23134
-0.54993 -0.29696 0.04855
0.23563 -0.73949 0.34817
1.0156 -0.36916 0.21421
0.31922 -0.52057 -0.55253
-0.62786 -0.23604 0.16446
-0.19692 0.28837 -0.50067
0.2651 0.1405 -0.66306
-0.39988 0.69477 0.16477
0.79073 -0.73339 0.060779
-0.2487 0.33466 0.32044
-0.5872 0.21344 -0.28496
0.1241 -0.43524 -0.78633
-0.13124 0.21524 0.17438
-0.27449 -0.50187 -0.81125
-0.54478 -0.20534 0.24794
0.53972 -0.7494 0.44165
1.0258 -0.14792 -0.21758
0.19182 1.1005 -0.3331
-0.52 -0.5297 -0.56258
-0.4929 -0.10976 0.32084
0.10393 0.30812 0.10614
-0.081732 0.48074 0.024165
-0.19076 0.49944 0.22419
-0.24808 0.54159 -0.28376
0.041651 1.2211 -0.35565
-0.67821 -0.5012 -0.14435
0.065172 -0.05781 0.37649
-0.13141 0.68741 -0.21989
-0.82961 -0.0582 -0.13915
0.52882 -0.73009 0.12575
-0.22858 -0.6051 -0.19348
-0.30306 -0.12491 -0.64655
0.51862 0.28412 -0.43742
-0.50856 0.048367 -0.65737
0.096248 -0.52646 -0.3891
0.66194 0.50276 -0.19674
-0.74789 0.013185 -0.0028693
0.19624 -0.27707 0.5281
1.0057 -0.38202 0.2315
-0.3376 -0.10391 -0.65404
-0.60108 0.0067638 -0.65306
-0.43914 0.23436 -0.40477
-0.69253 -0.39638 -0.59862
-0.76429 -0.24769 -0.26767
1.2792 -0.50251 -0.040822
-0.0536 0.18916 -0.69303
-0.11575 0.35065 -0.4339
0.24409 0.50101 -0.19729
-0.8149 -0.052502 -0.34664
0.15501 0.37062 -0.44243
0.00069997 0.73363 -0.15337
0.24573 -0.55478 -0.30523
-0.35473 0.20143 0.40715
0.3512 -0.70457 0.44799
-0.10451 -0.32863 0.2172
-0.067088 -0.5418 -0.27942
-0.46443 0.8655 -0.47845
-0.07985 0.40935 -0.36163
0.18492 -0.63884 0.12155
-0.36735 0.48671 -0.31228
-0.66788 0.33353 0.085998
-0.51333 0.36926 0.54075
-0.063106 -0.57491 -0.12865
-0.60465 0.13329 -0.33988
0.77451 -0.73519 0.043197
0.91851 -0.71775 0.06366
0.13868 1.0255 -0.27026
0.036042 -0.72753 0.37361
-0.49298 0.63248 -0.12102
-0.39127 -0.15895 0.3159
0.79332 -0.67237 0.25136
0.77833 -0.35275 0.42208
0.62046 0.44738 -0.29024
-0.64454 0.11572 -0.25179
-0.28494 0.72181 -0.15222
-0.2117 0.51837 -0.27428
1.0187 -0.025703 0.25403
-0.017094 0.087416 0.26527
0.47814 0.14937 0.33423
0.83588 0.15863 -0.33831
-0.50127 1.2884 -0.88255
0.35226 -0.55862 -0.34545
0.45268 0.56329 -0.18134
-0.017038 0.80613 -0.26077
-0.5471 0.03961 -0.64474
0.0011534 1.1068 -0.17487
-0.5718 -0.29333 -0.50112
0.76681 0.20521 -0.36515
0.32827 0.26952 -0.46971
0.72928 0.18081 0.3424
0.70868 -0.072812 -0.53014
0.44463 0.20873 -0.50493
-0.0071703 -0.38977 0.32345
-0.48741 -0.42739 -0.67987
-0.39794 -0.31312 0.1644
-0.803 -0.48124 -0.6548
-0.48817 0.088681 0.241
-0.52889 -0.03266 0.29047
0.26687 0.080133 0.32825
-0.68323 0.30327 0.033252
0.042909 0.80163 -0.16014
0.6458 0.21587 0.29177
-0.025916 0.053265 -0.82685
-0.2109 0.40638 -0.31182
-0.55821 0.14036 -0.44352
-0.13924 -0.34905 0.21966
0.86934 -0.40058 0.37729
-0.049847 0.76086 -0.082163
0.90316 0.23553 -0.2387
0.30626 0.51463 -0.12729
0.057437 -0.49953 -0.49654
-0.30368 -0.23755 0.26508
-0.33449 -0.34279 -0.7195
0.45128 -0.6485 -0.27735
0.99099 0.25556 0.0067064
-0.67685 0.077071 -0.3251
0.35769 0.52466 -0.08994
-0.057363 -0.29926 0.23758
-0.11114 -0.43633 0.2084
-0.77901 -0.16549 -0.43351
1.2863 -0.40218 0.14893
-0.65395 -0.48685 -0.11948
0.096854 1.2913 -0.26906
-0.69557 -0.13569 0.19768
0.23046 -0.54787 -0.6986
-0.50789 1.0729 -0.61775
0.026481 -0.52536 -0.75013
-0.63231 0.28847 -0.16463
-0.49884 1.1315 -0.65819
-0.4288 -0.23745 -0.62692
-0.083136 0.7453 -0.05474
-0.75386 -0.15931 0.12654
0.78247 -0.27229 0.45386
0.37007 -0.55576 -0.55702
-0.1053 0.65138 -0.20292
-0.18025 -0.37254 0.22691
-0.23723 -0.46614 -0.60348
0.86984 0.12672 -0.32984
-0.79596 -0.084253 -0.41302
-0.42531 0.001829 -0.69991
0.53834 -0.25496 -0.6786
-0.07238 -0.51458 -0.76316
0.43358 -0.7027 0.017955
0.2888 -0.17264 -0.77782
-0.54052 0.13117 -0.50086
-0.29371 0.56898 -0.30126
0.76517 0.3728 -0.2672
0.33476 -0.7507 0.34603
-0.78592 -0.20929 -0.36152
-0.57245 -0.4679 0.1574
0.73548 -0.54694 0.38908
-0.5975 0.38624 0.49031
1.2633 -0.31812 -0.12935
-0.56457 -0.52775 -0.57276
-0.40997 0.7082 -0.19755
-0.58305 -0.011084 -0.67465
-0.18851 0.58369 0.24354
0.70013 0.52248 -0.04724
-0.57311 0.2492 0.49646
0.38025 -0.31735 0.57451
1.0741 -0.058917 -0.060754
0.096386 0.40852 -0.076752
-0.3036 0.30244 -0.43511
0.39775 -0.30147 -0.73287
0.56821 -0.13881 0.55155
0.17346 0.26651 -0.51189
-0.088516 0.52184 -0.010148
0.95328 0.31703 0.039991
-0.37306 0.091135 -0.66878
0.23885 -0.6507 0.17428
-0.10226 1.0071 -0.22618
0.60778 -0.66405 -0.22122
0.58448 -0.76801 0.32357
1.0529 0.11099 0.090986
-0.56784 0.31062 -0.27837
0.10921 -0.27304 0.49734
0.59014 -0.76212 0.41906
0.41444 -0.092012 -0.69325
0.018067 0.43326 -0.20506
-0.29387 0.7877 -0.43442
0.35732 -0.079267 -0.71754
-0.19604 -0.3178 -0.77531
0.0065207 -0.50672 -0.45573
-0.17348 0.092793 0.26567
1.0274 0.15932 0.12456
-0.39301 0.15933 0.37556
-0.12187 0.83397 -0.076044
-0.165 0.15003 -0.62192
0.83308 -0.067329 -0.4206
-0.45823 -0.18747 0.28721
0.053383 1.0534 -0.24672
-0.36319 0.89902 -0.63685
-0.39638 0.69233 -0.49579
0.38986 -0.48241 0.55393
-0.071251 1.0583 -0.19847
-0.12359 -0.52158 0.36399
-0.57102 -0.00080945 0.24446
-0.098479 0.18534 0.20463
-0.59174 0.065797 -0.58245
-0.62447 -0.49241 0.20543
-0.022034 1.0969 -0.3177
-0.52839 1.0901 -0.6622
-0.51978 0.55081 0.37883
1.0639 -0.54773 0.28177
0.44797 0.48985 -0.32224
0.33111 0.017423 0.49044
0.53259 -0.044672 0.53009
1.0394 -0.34342 0.19011
0.022978 1.2128 -0.32637
-0.11542 0.67197 -0.21677
0.43142 -0.7092 0.067841
-0.41022 0.39533 0.48732
0.42877 0.076111 0.42186
-0.084121 0.78608 -0.061097
-0.28317 -0.47299 -0.67399
-0.72305 0.043534 -0.033109
-0.10895 0.87262 -0.25857
0.64623 0.048877 -0.51825
0.34776 -0.041552 -0.71934
0.91008 -0.035784 0.37698
-0.55343 0.18401 0.48562
0.77853 -0.11618 0.46981
-0.26797 0.075746 0.28379
-0.35023 0.32643 0.44922
-0.48358 -0.35843 0.049485
0.79735 -0.45429 -0.43833
0.10005 0.87676 -0.24473
0.4286 -0.19953 -0.7073
-0.51913 0.18671 -0.36971
-0.22064 0.72933 0.077771
-0.38104 1.0375 -0.66356
-0.013922 -0.51736 -0.79994
0.107 0.30142 -0.50063
0.91939 -0.48721 0.29954
0.3371 -0.76086 0.39772
-0.69459 0.079979 -0.13261
1.1014 -0.63123 -0.12496
-0.61417 0.41796 0.1016
-0.1644 -0.61918 0.15845
0.008553 0.34319 0.062714
-0.47594 -0.12825 0.30744
0.015474 0.89632 -0.29542
-0.29619 0.36064 0.35582
0.030135 0.3029 0.12304
0.065676 -0.02468 0.33325
1.0138 0.21234 0.046423
-0.048321 0.32376 -0.4669
-0.5001 0.59431 0.33229
1.07 0.044911 0.015944
0.9677 -0.68959 -0.10261
0.88003 -0.72065 -0.066692
0.47982 -0.63598 -0.2196
-0.059923 0.74037 -0.23976
-0.84989 -0.12136 -0.16798
-0.58795 0.3655 -0.17378
0.30586 -0.62171 0.43965
-0.54313 0.6448 0.13082
0.63668 -0.71347 0.42141
-0.74385 0.2017 0.37129
0.97451 -0.6979 -0.056112
0.10006 0.39951 -0.043354
0.85218 0.33747 -0.21182
-0.14379 0.043289 -0.76476
-0.41746 1.0973 -0.64797
0.57101 0.1339 0.35058
-0.36405 0.78352 -0.22208
-0.086884 0.10392 0.26793
-0.57937 0.31865 0.53687
0.16831 -0.2818 -0.81867
0.68853 0.28096 0.26958
-0.31686 0.20412 -0.57541
0.45524 0.25854 0.29725
-0.26176 0.62014 -0.28183
0.497 0.54188 -0.23362
-0.81854 -0.15568 -0.39178
-0.6297 -0.35694 -0.47332
-0.62242 0.34794 -0.1184
0.011993 -0.11934 0.35091
-0.39513 0.13698 -0.61116
0.94123 -0.39139 -0.30096
-0.48982 0.51073 0.45085
-0.68995 -0.28425 -0.10633
-0.4359 1.1091 -0.64121
0.34036 -0.20871 -0.75911
0.16489 0.45342 -0.29871
0.13817 0.21868 0.20599
0.75017 -0.67234 0.33252
-0.29459 -0.57146 -0.35955
-0.60926 -0.60612 -0.1034
-0.025891 0.06323 0.28184
0.59279 0.116 0.38033
-0.4712 0.4219 -0.2794
0.45936 0.025389 0.49975
0.92674 -0.70886 0.12713
-0.30734 0.76066 -0.4696
0.54555 -0.3348 -0.67686
0.086125 -0.61193 0.0078777
0.38763 0.076388 0.41074
-0.050709 0.42721 -0.035662
-0.51287 -0.37404 -0.053928
-0.69341 0.1605 0.13246
-0.73296 -0.41999 -0.63248
-0.45885 -0.33771 -0.62734
-0.37016 0.94195 -0.39546
0.81545 -0.079047 0.44373
-0.42092 0.22145 -0.45387
-0.24665 -0.040054 0.31671
0.76891 0.32863 0.24143
-0.31798 0.31252 -0.38964
-0.27066 -0.32922 -0.74233
-0.47575 -0.082954 0.32905
0.74239 0.503 0.003878
-0.57533 0.47398 0.42021
1.0593 0.066833 0.13311
-0.4778 -0.14864 -0.61173
-0.84213 -0.13326 -0.27946
0.55206 -0.64208 -0.35115
0.080617 1.2047 -0.26311
0.89911 0.38519 0.029766
-0.28836 0.048353 -0.65989
0.87199 0.3868 -0.10555
-0.46472 0.68615 0.046816
0.03582 0.39187 -0.38894
0.049677 0.41165 -0.34722
-0.40373 1.0429 -0.52971
0.49732 -0.632 -0.36206
0.88378 0.36175 0.15482
0.64514 -0.35886 0.51449
-0.58867 -0.43919 -0.22299
0.58694 -0.44053 0.51131
0.49317 -0.041269 0.53347
-0.15657 -0.48156 -0.91786
1.0575 0.089188 -0.024171
-0.34696 0.65834 0.29537
0.10817 -0.74468 0.47939
1.2012 -0.2331 -0.093293
0.85253 -0.24389 0.40516
0.96576 -0.49833 -0.31162
-0.72327 -0.084873 0.14823
-0.3055 0.22361 -0.55109
-0.30233 0.79573 -0.46346
-0.061502 -0.41177 0.25567
-0.77779 -0.10503 0.079844
-0.6152 0.49248 0.24299
0.62545 0.54814 -0.046785
-0.3877 1.0441 -0.56821
1.0718 -0.65202 0.18282
-0.83266 -0.08833 -0.096897
0.31621 -0.41402 0.56271
0.92049 0.096676 0.31785
0.28106 -0.75899 0.43219
-0.60134 -0.085957 0.27058
-0.73599 -0.27401 -0.16056
1.0612 0.056506 -0.061828
-0.49021 0.16711 -0.48567
0.79493 -0.56115 -0.32322
-0.25359 -0.07098 0.32087
-0.82224 -0.15549 -0.031642
-0.48124 -0.6529 0.17953
-0.6303 -0.18445 0.22152
-0.51803 -0.27668 0.14936
-0.5281 -0.40068 -0.66127
0.95542 0.28129 0.15152
0.69028 -0.69648 -0.14312
-0.075034 0.93803 -0.28718
0.10971 0.25309 0.16863
0.078926 -0.22511 -0.84637
0.0043179 0.38512 -0.39365
0.63598 -0.55666 -0.55813
-0.082844 0.8868 -0.27869
-0.28483 -0.12815 0.31844
-0.26141 -0.32581 -0.69109
-0.082803 0.31829 -0.47722
0.19271 1.1177 -0.37401
0.70517 -0.67378 0.38886
-0.16902 0.30408 -0.48317
0.85234 0.045815 -0.39931
0.36092 -0.20945 0.58338
-0.34123 -0.22548 -0.62605
-0.19664 -0.056807 -0.63924
0.14816 -0.56582 -0.22984
-0.49685 0.23587 -0.35476
-0.10801 -0.40525 -0.88354
-0.01599 -0.58039 -0.11626
-0.27814 -0.36602 -0.86881
1.0854 -0.10989 0.02095
-0.46843 0.92168 -0.56252
1.0804 -0.67331 0.049366
0.02098 -0.56776 -0.18395
0.41998 -0.15972 -0.71219
-0.771 -0.41679 -0.59705
-0.11077 0.23988 -0.55287
-0.85415 -0.44265 -0.52524
-0.36096 0.042502 -0.68369
-0.037195 -0.31716 0.26013
0.23232 0.46517 -0.33958
-0.31495 0.39658 0.37099
-0.78649 -0.013788 -0.070033
0.83625 -0.11451 0.43487
0.68244 -0.63755 0.39733
0.076649 -0.13426 0.48482
-0.031475 -0.29249 0.26929
0.33526 -0.67542 -0.051166
-0.57051 -0.27183 -0.45576
0.78932 -0.24327 0.45992
0.22904 -0.63475 0.07744
0.21533 0.27135 -0.49523
-0.43445 -0.45939 -0.80174
-0.2289 0.14505 0.23023
-0.44544 0.43429 -0.29513
0.29228 -0.60767 -0.2048
-0.35934 0.36203 -0.36443
-0.50478 0.41959 -0.24574
-0.71112 0.20789 -0.038104
0.99367 -0.42421 0.23799
-0.47873 0.25043 -0.36511
0.59753 -0.77102 0.38127
0.5852 0.22516 -0.44986
-0.67185 0.33645 0.35762
-0.37028 -0.050514 0.33434
0.96709 -0.2715 0.30976
0.8204 0.17269 0.31888
0.13342 0.40198 -0.042355
0.74134 0.36812 -0.28737
0.22161 -0.20814 0.55069
-0.1764 -0.51008 0.31014
0.043475 -0.35802 0.39545
0.91333 0.0030643 0.36569
0.17315 -0.36942 -0.78187
0.31412 -0.37439 -0.74805
0.6351 0.31807 -0.36537
0.52326 0.19671 0.31743
1.0572 -0.40877 -0.29203
0.20257 -0.64977 0.46704
-0.12613 -0.2375 0.26825
-0.093285 0.29357 -0.50146
0.16244 0.38391 -0.42443
0.93581 0.29605 -0.1266
0.57974 -0.56897 0.46346
-0.024564 0.3282 -0.46653
0.75054 0.2777 -0.34252
-0.12843 0.015447 -0.79901
-0.33684 -0.564 -0.24922
-0.42138 0.79428 -0.51581
0.26891 0.38575 0.10239
-0.18665 0.36293 -0.41884
-0.39682 0.70532 0.081425
-0.45863 0.90741 -0.43842
0.042063 0.25894 -0.53638
0.11951 0.3275 -0.47777
0.98458 0.22983 0.15557
0.073414 -0.47795 -0.62886
0.45608 0.47432 0.1134
1.0966 -0.20791 -0.047339
-0.10833 0.54427 -0.14777
0.53584 -0.77364 0.41056
1.0819 -0.044152 0.09959
-0.56181 -0.035424 0.28018
-0.80743 -0.044927 -0.034816
-0.30264 0.26862 -0.50738
-0.53713 0.47347 0.46032
-0.18025 -0.12815 -0.63373
-0.48693 -0.36991 -0.19237
-0.31771 0.72496 -0.11747
0.59241 -0.1213 -0.62554
0.79847 -0.41227 -0.48302
-0.43153 0.97969 -0.44532
0.37206 0.40478 -0.40453
-0.65547 -0.41569 -0.30881
0.13905 0.26917 -0.51813
-0.7592 -0.20141 0.070752
-0.13265 0.63916 -0.20362
0.43205 0.0098439 -0.65277
0.069817 -0.50641 -0.66752
0.053675 0.33907 0.078591
-0.2796 -0.48639 -0.49185
0.46049 0.37593 0.22282
-0.39401 1.0032 -0.46847
-0.42548 0.81122 -0.55452
0.15505 1.2246 -0.44833
0.087317 -0.73946 0.41031
-0.097999 0.6275 -0.17718
0.16563 0.45559 -0.16404
-0.60759 -0.20932 0.20923
-0.1698 -0.25922 -0.62033
0.17132 0.25525 -0.53026
0.40079 0.18554 0.32544
0.56679 -0.74301 0.43856
0.93055 0.34242 0.10706
-0.75752 0.025857 -0.15344
0.052529 0.18247 0.21584
-0.074587 -0.50301 -0.73292
0.17351 1.1026 -0.32483
0.70084 0.48802 0.11296
0.26669 0.2259 -0.58774
0.36643 -0.0053941 0.51985
-0.21932 0.7323 0.030556
-0.44362 0.67088 0.20824
-0.40122 -0.17188 -0.63406
-0.25984 0.69812 -0.20081
-0.52678 -0.0834 0.30899
0.66812 -0.63462 -0.33987
0.57232 0.23475 0.30675
-0.47372 0.55295 0.41246
-0.60357 0.10044 0.24006
-0.7868 -0.22564 -0.26798
-0.31321 -0.6665 0.35465
-0.27097 0.32481 -0.42217
-0.47891 0.67466 0.12996
0.7217 0.45997 -0.2043
-0.048793 1.0426 -0.30069
-0.11025 0.39113 0.17862
0.65085 -0.61107 -0.43296
-0.44942 -0.37247 0.12274
0.034118 -0.73356 0.40413
-0.60687 0.10549 0.11859
-0.48265 -0.16023 0.28679
0.08186 -0.47177 -0.80556
-0.032827 0.14398 0.22897
-0.7389 0.23022 0.33028
-0.67304 -0.4969 -0.1709
-0.08438 -0.19883 -0.79905
-0.7296 -0.61733 0.037802
0.040716 0.93559 -0.30568
-0.87003 -0.52314 -0.56822
0.050578 -0.68298 0.5065
-0.14552 0.34538 -0.44034
-0.25941 -0.30375 -0.60234
1.2877 -0.48899 -0.029293
-0.80819 -0.5598 0.084455
-0.16537 -0.089863 -0.66337
-0.29821 0.75335 -0.43921
-0.40463 0.9367 -0.7526
-0.27978 0.31192 -0.44403
0.77735 -0.079586 0.45748
0.4497 0.26447 -0.46309
0.11513 0.40405 -0.39869
0.51437 -0.13715 0.56613
-0.31872 -0.49548 -0.871
-0.46548 -0.30977 0.075399
-0.25495 0.20988 0.26176
-0.26665 0.67417 -0.31186
-0.13613 0.42592 -0.28579
0.0060634 0.39722 -0.036461
-0.46426 1.0563 -0.82627
0.15377 1.2474 -0.3827
0.36465 0.26415 -0.46212
-0.38799 0.70927 -0.075472
0.39479 -0.64961 -0.23504
0.23055 0.49726 -0.22648
1.2766 -0.33746 -0.11179
-0.56867 0.1669 0.46148
0.44533 0.12077 -0.59392
0.95778 0.21922 -0.186
0.21298 0.37008 0.075082
-0.82136 -0.064391 -0.046473
-0.082791 0.24427 -0.55144
0.25292 0.12347 -0.68484
-0.65589 -0.030825 -0.63113
0.032012 0.43143 -0.17462
-0.8482 -0.14926 -0.18214
0.011901 1.1383 -0.19098
0.41928 -0.58038 -0.6106
-0.59489 -0.57127 0.32316
-0.04251 -0.47228 -0.60988
0.58572 0.054553 -0.54963
0.42372 0.36696 0.21891
1.2322 -0.56883 0.13761
-0.24718 0.23985 -0.5503
0.51896 0.50745 0.08376
0.32459 -0.6655 0.0012711
0.51238 -0.60801 -0.50229
-0.34485 0.9677 -0.49345
-0.37038 0.6013 -0.35728
1.04 -0.30394 0.18874
0.49815 0.45694 0.14771
-0.15846 0.75496 -0.2143
-0.52503 -0.53769 -0.3258
0.07564 1.3198 -0.35569
0.97553 -0.20531 -0.30346
0.24382 0.037431 -0.73174
0.44129 0.3928 -0.39261
0.94871 0.088999 -0.28569
1.0854 -0.54857 -0.24691
-0.33849 0.09516 -0.65831
-0.64441 0.12677 0.08091
0.0049713 0.11472 -0.78727
1.077 -0.57126 -0.2294
-0.8247 -0.18404 -0.31826
1.0378 -0.64587 0.21673
0.8816 0.34462 -0.1609
-0.76885 -0.51561 0.084102
-0.7065 0.15389 -0.0025944
0.94711 -0.052493 -0.31401
-0.18606 -0.20043 -0.60307
0.60029 0.55077 -0.016772
-0.21067 0.70585 0.18751
-0.10623 -0.71443 0.52992
-0.68436 0.13854 0.39561
-0.2282 -0.076429 0.31438
0.50388 0.41813 0.18798
-0.20584 0.18536 0.20208
0.077212 0.36676 0.028986
1.1431 -0.60725 0.19343
1.0305 0.16991 0.010649
-0.54333 -0.22086 -0.5336
0.19942 -0.68428 0.47217
-0.63314 -0.22403 -0.50209
0.043538 -0.72308 0.5064
-0.23277 -0.12503 0.29814
-0.14776 0.58682 0.19303
0.9324 -0.048596 -0.3337
-0.62387 0.48828 0.19861
0.18631 1.1361 -0.39605
0.94567 -0.26396 0.33853
0.82422 -0.62092 0.28046
-0.59685 -0.61336 -0.043617
-0.16922 -0.59873 0.011802
0.10091 1.3122 -0.28765
0.28409 -0.5127 0.54263
0.043885 0.8429 -0.13143
-0.34997 -0.014935 0.31656
0.5955 -0.59278 0.43089
-0.58403 -0.37905 -0.30955
0.3511 0.19383 -0.58607
-0.5403 0.22208 -0.32631
-0.088992 0.76727 -0.24905
-0.13009 0.26453 -0.52457
-0.39313 0.91252 -0.71182
-0.37678 -0.67272 0.24748
-0.41222 -0.13245 0.30981
-0.12797 0.33091 -0.45965
-0.075047 1.0587 -0.25321
-0.86686 -0.47371 -0.55653
0.70593 0.49496 0.090527
-0.53002 1.2396 -0.78058
-0.10711 0.50726 -0.16084
-0.086067 0.95902 -0.12437
0.71149 -0.60343 -0.32965
-0.23722 0.58226 -0.25355
-0.33782 0.1805 -0.59523
-0.089303 0.53546 -0.082102
0.50813 0.059261 0.45668
-0.02814 0.11147 -0.79339
-0.32167 -0.56903 -0.36924
1.1692 -0.47977 0.24788
0.73565 0.30634 -0.33043
-0.025252 -0.27852 0.2811
-0.61576 0.45333 0.19599
-0.18181 0.75507 -0.047153
0.23613 0.070751 -0.72172
0.62785 0.47075 0.15155
0.92999 -0.54959 -0.30104
-0.33812 0.62771 0.34056
0.77806 -0.27792 -0.5099
1.0287 0.17018 0.089592
1.2423 -0.39778 -0.17188
-0.53088 0.58973 -0.084218
-0.48066 0.96238 -0.50809
-0.62721 0.45519 0.32857
-0.21148 -0.30573 -0.59234
-0.38029 -0.49662 -0.8417
-0.76012 0.015109 -0.05891
-0.45055 -0.46438 -0.76523
-0.52684 0.63218 0.21529
0.12442 -0.34106 -0.80853
0.12172 0.07748 -0.76416
-0.64852 0.31144 -0.097371
-0.11115 -0.58293 -0.082075
1.0092 -0.40175 -0.2971
0.56795 0.55237 -0.17984
-0.057985 -0.013681 -0.84424
0.27678 0.48297 -0.31942
0.85927 -0.71179 -0.11285
-0.22173 -0.14221 -0.61843
-0.083359 -0.0095143 -0.8337
-0.15772 0.17578 -0.6019
-0.16609 0.50021 -0.24909
-0.59185 0.61599 0.04376
-0.062773 0.3029 -0.49096
-0.013002 1.1366 -0.31409
-0.14702 0.43865 -0.26174
0.064565 -0.21518 0.47351
0.02593 0.78765 -0.22059
-0.24831 0.7069 0.18885
-0.81515 -0.20585 -0.25803
0.25527 0.31423 0.18904
0.046577 -0.5332 -0.34809
-0.76237 -0.12583 -0.53799
0.68511 -0.73879 0.29046
-0.55602 -0.37613 -0.28356
-0.69878 0.063739 -0.042665
0.84725 -0.20653 0.42106
0.33475 -0.17962 -0.75982
-0.21989 0.23002 0.2576
-0.29554 0.66659 0.2878
1.134 -0.35457 0.20639
-0.72533 -0.18275 -0.4948
0.78037 0.34655 -0.27803
0.89864 0.3427 -0.13148
0.70396 0.038655 -0.48265
-0.29528 0.84071 -0.43083
-0.505 -0.30921 -0.59881
-0.17983 0.31443 -0.4674
1.1683 -0.63147 0.093712
1.1196 -0.55795 0.2542
-0.77093 -0.22079 -0.36998
-0.57234 -0.40377 -0.26732
0.21954 -0.057741 -0.77554
-0.39127 -0.23025 0.2547
0.24059 0.47869 -0.32278
-0.54258 0.62772 -0.041316
-0.70876 -0.17785 0.16163
-0.27308 0.63101 -0.31788
-0.35818 -0.029322 0.32824
-0.44434 -0.30605 0.11509
0.88394 -0.66417 -0.20905
-0.35228 -0.42942 0.22276
0.55728 0.51478 0.081935
-0.77321 0.0039437 -0.21333
-0.32857 0.67354 -0.44845
-0.6202 0.4537 0.24065
0.1726 -0.020673 -0.78456
0.48244 0.19055 0.3254
0.66512 0.5281 0.029195
0.93882 -0.071201 0.36712
0.81126 0.33542 0.22224
0.70613 -0.25337 -0.57942
0.42419 -0.69258 -0.04058
-0.27217 -0.18111 0.27652
-0.39589 0.79974 -0.26339
0.80662 0.46364 -0.011104
-0.18417 -0.31283 0.26109
0.28594 -0.66217 0.23135
-0.11094 -0.48808 -0.90026
-0.65252 0.22991 -0.18322
0.91974 -0.1984 0.37469
-0.66381 0.24035 0.46568
0.74072 -0.70968 0.24743
-0.34798 -0.15384 0.30725
-0.48496 -0.40272 0.094242
-0.58 -0.48692 0.20392
0.48287 -0.24404 -0.70009
0.51452 0.55704 -0.049281
1.1728 -0.46969 -0.23183
1.2707 -0.40713 -0.1358
0.60711 0.39351 -0.33415
-0.021083 0.72614 -0.11876
0.88114 0.40271 0.031828
0.65784 -0.55778 0.44457
0.14872 0.33259 -0.47763
0.031657 0.15579 0.23174
-0.44356 1.2032 -0.91841
-0.13791 0.58777 0.16605
-0.25982 0.40771 -0.33314
-0.38684 -0.65275 0.13663
0.23049 -0.52907 -0.73494
0.13327 -0.3403 0.50483
0.71641 0.0032578 0.44088
0.71758 0.40905 -0.26154
-0.53323 0.65208 0.0053417
-0.070754 0.94129 -0.10921
-0.28412 0.72135 0.11782
-0.31262 0.43684 -0.33924
-0.37496 0.0063337 -0.68593
-0.36528 0.55685 -0.3
0.32696 -0.14164 -0.75901
-0.72342 0.055651 -0.19047
0.19245 -0.73088 0.47655
-0.83792 -0.43882 -0.40308
0.97258 0.26872 -0.067683
1.2841 -0.29907 0.089163
-0.62669 0.44675 0.3562
0.82645 -0.72989 -0.027026
0.71391 -0.075359 0.46565
0.18125 0.36628 -0.45675
-0.46812 0.67824 -0.037598
0.60324 -0.36036 -0.64096
-0.54694 0.64232 0.0051354
-0.10687 0.36494 -0.41463
0.17011 -0.00053103 0.42108
-0.13455 0.42896 0.19271
-0.77376 -0.23489 -0.27963
-0.075333 0.79308 -0.25956
-0.057954 -0.45665 -0.87193
-0.56772 0.46644 -0.050948
-0.53015 0.039844 0.23625
-0.011893 -0.53731 -0.31118
0.37373 -0.53714 -0.53615
0.013067 0.1378 0.23537
-0.35429 0.3933 -0.35659
-0.55888 -0.24641 0.18347
-0.43052 0.89961 -0.79554
0.38531 0.53631 -0.24265
0.4616 -0.56959 -0.49505
-0.43214 0.14172 0.38333
0.32952 0.53069 -0.15529
-0.62491 0.20394 -0.24104
-0.63072 -0.57356 -0.27231
0.17505 1.1692 -0.40536
-0.27585 0.68248 -0.34715
0.90105 -0.48036 0.33096
0.026792 -0.032609 0.31743
0.65637 -0.32277 0.51819
0.63915 0.54206 -0.013995
0.57697 0.38136 0.22309
-0.027027 -0.46701 -0.65549
-0.12048 -0.05128 -0.78558
0.15647 -0.51916 -0.43288
0.010988 -0.29187 0.35027
0.047138 1.2483 -0.25867
-0.6266 -0.27927 0.05262
-0.63542 -0.28627 -0.0074179
-0.13018 -0.46091 0.22168
-0.60292 0.24303 -0.26724
0.21518 0.36674 -0.45267
-0.19308 -0.51777 -0.36031
0.62621 0.028025 0.45918
-0.31664 -0.33901 -0.75519
-0.11498 -0.56155 -0.18491
0.48607 -0.75998 0.31354
-0.65725 -0.60226 0.3326
-0.80503 -0.17105 0.019859
-0.39312 0.98543 -0.44275
0.19987 0.25887 -0.51022
-0.31035 -0.47888 -0.64111
0.43112 0.1134 0.33162
-0.27978 -0.6373 0.0079398
0.24466 0.43818 -0.0018298
-0.42595 -0.56016 -0.34082
-0.18937 0.29919 -0.48713
-0.2289 0.22308 -0.57175
-0.13092 0.67318 0.13704
-0.12292 0.51363 0.12878
-0.43349 0.032288 -0.69325
0.85517 0.26205 -0.27621
0.7603 -0.081343 -0.49403
0.547 0.56064 -0.05367
-0.6784 -0.54641 -0.43169
-0.84192 -0.13492 -0.10369
0.027626 0.79005 -0.14664
0.39112 -0.33298 -0.74263
0.11637 -0.15117 -0.84679
-0.70195 0.18784 -0.088133
-0.69932 0.26135 0.16401
0.5331 0.55991 -0.18232
0.54356 0.057524 0.45274
-0.1078 0.91913 -0.25417
-0.39647 1.0535 -0.7417
-0.36066 1.0027 -0.55745
-0.35341 0.24689 -0.49535
0.12689 -0.53673 -0.6834
-0.46104 0.85797 -0.43885
-0.78817 -0.41632 -0.55429
0.97311 0.11194 0.25754
-0.34462 -0.3549 -0.76992
-0.38212 0.7213 -0.55931
-0.208 -0.21348 -0.59016
1.3106 -0.41829 -0.036319
-0.72337 0.032437 -0.3503
0.26751 -0.61529 0.43937
-0.51038 1.1933 -0.83253
-0.32846 -0.36551 0.23468
-0.4459 0.30266 0.52535
-0.38655 -0.078346 0.32566
-0.50167 0.25597 0.53008
-0.32504 0.82447 -0.53492
-0.54964 0.0188 -0.66866
0.84397 0.081528 -0.38959
-0.015109 -0.74072 0.4882
-0.50852 0.23047 0.52603
-0.41408 0.089722 0.2523
-0.23851 0.61885 -0.24049
0.71757 -0.70464 0.35522
0.80478 0.2739 -0.31219
-0.24822 -0.36816 -0.88603
-0.26157 0.64793 0.30195
-0.12137 0.5932 0.089032
-0.20048 -0.32246 -0.80976
-0.33057 0.73634 -0.5094
-0.57808 0.41604 0.48268
-0.64653 -0.2573 0.1075
0.10878 0.35512 0.036118
-0.60156 0.077905 0.13873
-0.29583 0.087131 0.2782
-0.093244 -0.52575 -0.34295
0.48833 0.22983 0.31301
-0.42446 0.00041971 0.29793
0.0053042 0.97914 -0.32096
-0.43163 0.61629 -0.21667
-0.61497 0.48369 0.32234
-0.44056 1.158 -0.72829
-0.20875 0.72439 0.10669
-0.25233 0.65811 -0.24334
0.75808 0.038183 0.4179
0.79413 -0.66616 -0.23031
-0.14776 0.035343 -0.75191
0.048792 1.0295 -0.3356
-0.16387 -0.58218 -0.13004
1.1807 -0.52301 0.23347
-0.63425 -0.52455 0.2657
-0.61373 0.084865 0.11252
-0.42409 0.14751 -0.57931
-0.12325 0.024703 0.28746
1.2188 -0.4782 -0.17737
-0.81881 -0.20653 -0.14468
-0.17776 -0.49615 -0.75883
-0.76632 -0.25747 -0.21907
0.82089 -0.26886 0.40808
-0.70562 -0.064609 -0.58257
0.061161 0.078771 0.29835
1.1068 -0.21976 -0.099359
-0.18129 0.408 -0.30546
0.073642 -0.18904 -0.85423
0.023291 1.0804 -0.34674
0.80919 -0.20769 -0.47877
-0.010804 0.23669 0.16932
-0.76044 -0.42014 -0.36245
-0.64265 0.20829 -0.21981
-0.16048 -0.052658 -0.69149
-0.16612 0.58209 -0.21517
0.22394 0.4515 -0.3564
-0.31073 -0.48411 -0.92077
-0.41943 1.1149 -0.85602
-0.058836 0.19078 0.20318
0.064218 1.2987 -0.32194
0.77078 -0.47665 -0.44905
0.065468 0.21319 -0.67531
-0.53821 -0.39794 -0.24574
-0.25214 0.6293 -0.25831
-0.30673 -0.01237 -0.6579
1.1293 -0.64591 0.13181
0.7697 -0.48428 0.41616
0.94935 -0.65921 -0.19472
-0.068812 0.43552 -0.24948
0.55845 -0.4246 -0.65024
-0.77735 -0.077493 0.057014
-0.0011703 0.39756 -0.35299
-0.36931 0.86187 -0.64133
0.87122 0.1206 0.33339
-0.5455 0.057264 0.22012
0.93951 -0.47458 0.27989
-0.087485 1.0349 -0.19754
0.1983 -0.59175 -0.1314
0.78738 -0.72034 -0.081907
-0.48552 0.5221 -0.17517
0.015479 1.0252 -0.15922
-0.44613 0.89351 -0.7983
0.64079 -0.72231 0.058307
0.82135 -0.045008 0.43429
0.3981 -0.057642 0.54475
-0.40632 0.012934 -0.6987
-0.40806 0.15249 -0.58382
0.33362 0.5134 -0.27931
-0.13043 -0.17325 -0.72046
-0.4575 0.9342 -0.4464
-0.70614 0.012633 -0.49538
0.94866 0.18708 -0.22265
0.053948 -0.51079 -0.44561
0.30961 0.52869 -0.18971
1.1733 -0.40957 0.23769
-0.45129 0.94736 -0.72175
0.39891 0.12699 -0.60983
-0.72866 -0.54429 -0.4416
-0.4125 0.98242 -0.43586
0.79486 -0.5924 0.33359
0.1765 0.18042 -0.67582
0.58509 0.53163 0.049635
-0.60394 0.5383 0.025512
-0.28306 0.20489 0.27445
-0.56896 0.014227 -0.66296
0.079441 -0.14923 -0.85419
0.42625 0.085693 0.39599
-0.39142 0.8592 -0.68644
-0.35562 -0.60989 -0.027411
-0.4346 0.69513 0.090001
-0.72322 -0.037057 -0.54071
0.070371 0.25973 0.15387
0.072107 0.2101 0.19564
0.99479 0.19237 -0.13787
0.62153 -0.76048 0.27557
0.099737 0.077495 0.30706
-0.16051 -0.31733 -0.80262
0.79417 -0.32452 0.41107
-0.74503 -0.13598 -0.54102
0.064098 -0.56025 0.4348
-0.43256 -0.45436 0.19065
-0.60018 -0.15848 0.25944
1.1503 -0.33122 -0.22811
-0.5276 0.13945 0.43739
-0.096303 0.92531 -0.26707
0.7588 -0.56851 -0.3308
-0.65988 0.051381 0.090166
0.14916 1.0027 -0.25675
-0.42537 0.54343 -0.26173
0.019966 -0.0091721 -0.84496
-0.71609 -0.51472 -0.1803
0.085476 0.84133 -0.21532
0.38012 -0.56122 -0.66919
-0.10038 -0.29591 0.23185
-0.6953 0.26918 -0.0014811
-0.16976 -0.71946 0.43408
0.72453 0.40392 0.19546
-0.1375 0.069097 -0.74818
-0.47508 0.67993 0.089177
-0.20122 -0.40826 -0.91621
-0.67331 0.0020277 0.13778
0.88086 0.25702 -0.24525
-0.28017 -0.38245 -0.88831
0.2513 0.0040095 -0.74259
0.88184 -0.71994 0.10288
-0.47895 1.1851 -0.88116
0.34811 -0.66648 0.44227
0.76365 0.4772 -0.11232
-0.83372 -0.42953 -0.45917
0.92785 -0.69769 0.17089
-0.26096 0.13035 -0.62645
0.40714 0.015379 -0.6685
-0.5218 -0.15383 -0.60551
-0.153 -0.6682 0.51402
0.37676 -0.75537 0.34944
-0.39307 0.67427 -0.45828
-0.052974 0.19325 -0.64564
-0.11277 -0.63115 0.22741
0.25145 0.41817 0.039046
0.18002 0.23274 0.21547
1.0815 -0.038391 0.05883
-0.12039 -0.60158 0.0252
0.46156 0.41174 0.18849
-0.70119 -0.1586 0.18251
0.18688 -0.60237 -0.077673
-0.41383 1.0349 -0.81907
-0.59227 0.53162 0.29122
-0.21574 0.30394 0.30145
0.92643 -0.23719 0.35356
-0.83123 -0.12903 -0.38316
-0.080956 0.66315 -0.19995
0.088662 -0.25512 -0.83992
-0.61856 -0.00093335 0.20083
-0.67343 0.27038 0.44914
-0.53083 0.3188 -0.30848
-0.42505 1.0925 -0.88215
-0.12281 -0.18419 -0.73287
1.0714 -0.20469 0.1388
-0.0020432 -0.41869 -0.84618
-0.31668 0.72 0.074822
0.22567 -0.45221 -0.74893
-0.3005 0.38811 0.34885
0.88346 -0.63569 -0.24947
0.0028219 -0.18485 -0.84564
0.90718 -0.0066009 -0.36449
0.33905 -0.0063512 -0.71262
-0.5268 -0.66837 0.28673
-0.52109 0.12175 -0.55
0.94639 0.32825 0.072403
0.13996 0.36101 0.028306
0.88336 -0.72303 0.060192
-0.45249 0.47045 0.48328
0.41585 0.023474 0.49812
-0.52729 -0.65922 0.22682
0.0356 0.0058667 0.33071
-0.052115 -0.49203 -0.51352
-0.1288 0.44814 -0.23904
-0.40205 0.20946 -0.49788
1.2197 -0.26991 0.11748
-0.61554 0.57995 0.13511
-0.22615 -0.18082 0.28516
0.71229 -0.55002 -0.38056
-0.86493 -0.4617 -0.39224
1.1494 -0.53848 -0.20977
-0.67435 -0.44723 -0.67105
-0.49176 -0.50688 -0.70975
0.87276 -0.1763 0.40731
-0.43296 0.86203 -0.58696
-0.41823 1.0789 -0.84973
-0.64522 0.3614 0.092535
1.2641 -0.27429 -0.08725
0.31296 -0.22457 -0.76594
-0.17419 -0.6067 0.064997
-0.0050584 1.0648 -0.33325
-0.27139 0.53131 0.32706
0.6864 0.28238 -0.37012
-0.084117 0.61959 -0.10379
0.76888 0.444 -0.17724
-0.16607 -0.52404 -0.33859
1.0223 -0.075383 -0.21209
-0.42458 0.25808 -0.3873
0.45641 -0.35899 -0.70435
0.84022 0.43842 0.031
-0.73973 0.162 0.26607
-0.10259 0.14317 -0.65669
-0.42792 -0.20851 -0.63022
-0.28872 -0.075353 -0.65972
-0.24916 0.39292 0.29949
-0.56735 -0.025291 0.26978
-0.19066 0.069336 0.27517
-0.12063 -0.38028 -0.88241
-0.087803 0.69966 -0.22576
0.41593 0.33761 0.24003
-0.54011 0.26163 -0.32
1.0114 -0.42941 -0.30795
-0.74889 -0.26059 -0.27531
-0.82643 -0.13376 -0.068136
-0.83258 -0.20001 -0.22249
0.4976 0.4218 -0.35619
-0.35166 -0.44992 -0.91406
0.29337 0.48889 -0.058368
-0.44435 0.81118 -0.70643
-0.26853 0.70996 -0.18021
0.16406 -0.57255 0.44932
1.2004 -0.30267 -0.17932
0.10092 0.89569 -0.16102
0.79727 -0.71073 0.17279
-0.69911 0.24153 -0.039714
-0.6241 0.4861 0.16183
0.55832 0.034762 -0.57115
-0.49324 1.1774 -0.84104
0.99962 -0.26899 0.27091
1.0766 -0.45197 -0.28979
0.54059 -0.70978 0.4407
0.57779 -0.26263 -0.66468
-0.63772 -0.090818 -0.6473
-0.67857 0.11643 0.33636
1.0367 0.14294 -0.063324
0.38177 0.41975 0.14446
0.56041 0.55423 -0.021224
-0.6484 0.3538 0.16558
-0.62728 0.11768 0.15854
0.51805 -0.042532 -0.62742
0.41258 -0.62741 -0.31598
0.76988 -0.52815 0.38079
0.70979 0.10444 0.40533
-0.77083 -0.57471 0.20141
-0.34096 0.45953 -0.32986
-0.34789 0.93947 -0.59815
-0.0060321 0.42231 -0.10723
0.12426 0.43774 -0.17688
-0.090585 -0.17713 0.26954
0.37356 0.44533 0.10635
0.67762 0.14369 -0.45372
0.47181 -0.56272 0.53057
-0.42867 1.1965 -0.86665
1.0961 -0.31809 -0.23196
0.31594 -0.57655 -0.28035
0.67838 -0.67404 0.40454
0.067927 0.39731 -0.3838
-0.12035 0.50171 -0.19211
-0.43354 0.74146 -0.56581
-0.53491 -0.437 -0.68627
0.14173 -0.65314 0.25391
-0.61347 0.35375 0.50085
-0.17628 0.73076 0.027681
-0.69913 -0.04649 -0.58533
-0.73326 -0.49475 0.086132
0.80511 0.46231 0.064567
0.076572 -0.40906 0.45505
0.093079 0.021294 -0.8063
0.57483 -0.053014 0.5294
-0.10929 0.69364 -0.020155
0.3389 -0.76114 0.43851
-0.36924 0.3274 -0.37727
-0.76644 -0.51248 0.032173
0.45721 0.54487 -0.23928
-0.38561 0.77721 -0.62662
0.10494 -0.17796 -0.85038
0.32977 -0.60939 -0.25705
-0.83285 -0.073972 -0.1466
1.0845 -0.59759 -0.19339
1.0092 0.18657 -0.1013
0.18043 0.33811 -0.47454
0.24326 -0.16571 -0.79792
0.14536 0.4525 -0.20338
1.0505 -0.26992 -0.19317
-0.40555 0.24415 -0.42733
-0.37792 0.64015 -0.42241
-0.40308 -0.10554 0.31412
0.46922 -0.13748 0.56958
0.82086 -0.4494 -0.39458
0.66845 -0.049257 0.49789
0.76782 -0.12634 -0.49662
0.14336 -0.72982 0.48433
0.74871 -0.30695 -0.5378
-0.11417 0.57675 -0.16057
-0.61262 -0.22486 0.19101
0.31758 0.17786 0.30835
-0.71602 0.17427 -0.000806
0.48462 0.20007 -0.49268
-0.68307 -0.56997 -0.27939
-0.66999 0.31883 0.22007
-0.60811 -0.11418 -0.64128
0.79349 0.47033 -0.04462
-0.005617 -0.73024 0.51715
-0.54805 -0.031671 -0.69224
-0.21576 -0.57738 0.3922
0.22682 -0.49914 -0.74463
-0.020354 -0.027984 0.32191
0.63115 -0.20733 0.54222
1.2251 -0.59345 0.054234
0.1735 -0.40597 -0.75793
-0.14318 -0.11314 -0.70858
0.1421 -0.7339 0.36707
0.17062 -0.31362 -0.80747
1.1979 -0.41884 -0.22043
0.8291 0.43141 0.10721
0.82869 0.019552 -0.42604
0.87941 -0.72421 0.013653
-0.46298 0.42493 0.50954
0.25045 0.073146 0.32529
-0.17328 0.84561 -0.15396
-0.14345 -0.24809 -0.70137
-0.15673 -0.36075 -0.87979
0.70182 -0.38034 -0.58538
-0.4467 0.92421 -0.65738
0.43645 0.50784 0.040745
0.95348 -0.12904 -0.31444
-0.10157 0.60829 -0.031182
-0.65176 0.11202 -0.21654
-0.024873 0.76802 -0.096311
-0.15281 -0.15102 -0.67915
0.85409 0.35437 0.18437
1.0626 0.08186 0.012031
0.86207 0.035236 0.38476
1.061 0.091162 0.0272
0.093561 1.0933 -0.36233
0.67248 -0.055325 -0.54764
-0.35463 0.35263 0.44153
-0.50068 -0.18141 -0.57855
0.22729 -0.3464 0.53531
-0.22293 -0.34059 0.26202
1.1721 -0.61695 -0.04336
-0.082492 0.39868 0.12613
-0.48705 -0.29797 0.095937
0.016779 -0.47449 0.38798
0.83551 -0.28033 0.39529
1.307 -0.39473 0.094384
-0.26612 -0.7003 0.37088
-0.47737 1.0215 -0.68223
-0.82949 -0.071228 -0.2493
0.56854 0.25867 -0.43842
-0.43733 0.93743 -0.82523
1.0748 -0.67334 0.08596
0.0049199 0.2101 -0.68095
0.093564 -0.54767 -0.29363
-0.40161 -0.38517 0.18655
0.74747 0.44132 -0.20637
0.17389 0.4661 -0.20774
-0.45849 0.44324 0.49913
0.75836 -0.50375 -0.40793
-0.72619 -0.060216 0.12181
0.6236 -0.086619 -0.58922
0.69118 -0.73287 0.051815
-0.028187 -0.45676 0.32336
-0.034505 -0.17734 0.28383
0.068666 0.42187 -0.33529
0.82111 0.40817 -0.17063
-0.16229 -0.7253 0.47455
-0.098991 0.26864 -0.52679
1.0712 0.012089 -0.022432
0.93988 -0.71141 0.086218
-0.72637 -0.1041 -0.5801
-0.24098 0.36796 0.30268
-0.54633 -0.18661 0.2602
-0.48561 1.1782 -0.71495
0.89368 -0.30172 -0.39473
-0.35976 0.70382 0.16646
-0.67714 -0.64946 0.20947
0.57547 -0.2519 0.5586
0.20993 0.33313 -0.47082
0.0099477 -0.056258 0.31456
-0.83069 -0.16907 -0.18813
-0.29557 0.70476 -0.41182
0.63858 0.042809 0.44297
0.28895 -0.3125 0.56091
-0.56164 -0.6548 0.34116
-0.4345 0.77154 -0.66415
-0.13844 0.71856 -0.22277
0.10953 1.2525 -0.43356
0.69204 -0.41482 -0.57191
0.27889 -0.53686 -0.7179
0.38469 0.51437 -0.0237
0.63605 0.22692 -0.42698
-0.3508 0.56646 0.39285
1.0644 0.082247 0.056905
0.32245 -0.0074308 0.51588
-0.58457 -0.18233 0.24985
-0.093063 1.0205 -0.24044
-0.33914 0.28601 -0.41998
0.13417 0.44701 -0.3038
-0.56783 0.107 -0.51973
-0.010777 -0.087108 0.30367
0.2001 0.043388 -0.75368
1.0993 -0.22707 -0.12895
-0.28948 0.73881 -0.22753
-0.11783 0.46778 0.14148
-0.16259 -0.01721 -0.71297
-0.25911 0.21735 -0.57846
1.2079 -0.51494 -0.17262
-0.17951 0.42097 0.2413
0.22774 0.10454 -0.7139
1.0566 -0.31973 -0.23588
-0.467 0.94869 -0.47288
0.2329 0.072467 0.32179
0.94263 0.024002 -0.3192
0.69895 0.5078 0.056441
0.21407 0.39875 0.029032
0.67665 0.028016 -0.50834
0.53711 0.2011 -0.47667
-0.52731 -0.41125 -0.21286
0.91689 -0.349 0.35437
0.56063 0.40073 -0.34882
0.84656 0.43159 0.063018
0.8038 0.1584 -0.36077
0.58132 -0.4846 -0.63126
-0.41006 0.69875 0.12033
-0.7752 -0.13859 -0.49096
0.012245 -0.5035 0.38146
-0.2471 -0.31204 0.26539
-0.22499 0.54075 0.28749
0.53969 0.44877 0.16536
0.86281 0.0055516 -0.40332
0.68045 -0.091633 -0.55547
-0.018771 0.009898 0.31705
0.8609 0.29231 -0.24138
0.11536 0.2925 -0.50911
-0.54816 0.076839 -0.59956
-0.18813 0.69109 0.22341
-0.82705 -0.086655 -0.25742
-0.33398 -0.64249 0.049273
-0.14043 0.24373 0.16619
0.93489 -0.54348 0.25726
-0.31216 -0.33348 -0.662
-0.30424 0.099277 -0.64867
0.27479 -0.10127 -0.76164
-0.72351 -0.52055 0.18909
-0.57175 0.61628 0.17103
-0.43405 0.19855 -0.4848
0.42164 -0.56934 0.53762
0.047603 -0.33413 0.40929
-0.20545 -0.43463 0.20853
0.81947 -0.70288 -0.15193
1.0674 0.069127 0.047706
-0.43925 0.40259 -0.32149
-0.00013452 0.88501 -0.29246
-0.20894 0.19513 -0.58409
-0.68378 -0.26119 0.047822
-0.03195 -0.48227 -0.56283
0.66229 -0.21313 -0.59583
-0.6748 -0.27268 0.0017109
0.50139 -0.64919 -0.22903
-0.0060187 -0.30594 -0.81823
-0.27559 -0.45973 -0.64837
0.0052105 0.14201 -0.7668
-0.28949 -0.40171 0.23825
-0.22634 0.33941 -0.43642
-0.6996 0.071045 -0.083962
-0.41074 0.68483 -0.41836
-0.68295 -0.17482 -0.54038
-0.71885 0.046791 -0.29306
-0.70837 0.23671 0.4267
0.90424 -0.51739 0.28918
-0.44058 0.9647 -0.84662
0.30825 -0.51723 -0.4881
-0.30543 0.58648 -0.32296
0.10115 1.364 -0.38391
0.97352 -0.17008 -0.303
-0.41107 0.77685 -0.66126
-0.014517 -0.72848 0.40203
-0.10136 0.41961 -0.34494
0.54749 -0.44411 0.53234
0.15865 -0.19408 -0.82442
0.011901 1.2046 -0.26085
-0.29012 0.7455 -0.41019
-0.69247 0.055293 -0.37137
0.69684 -0.012134 0.46935
-0.29112 -0.64668 0.083888
-0.16457 0.36012 -0.42955
-0.66075 0.13216 0.029014
-0.81777 -0.049389 -0.32413
0.6988 -0.69687 -0.044204
0.25233 -0.24104 -0.79336
0.22207 -0.37328 -0.77663
0.5771 0.28002 0.29175
-0.50672 -0.65386 0.33353
0.27043 0.49989 -0.13257
-0.46401 -0.5378 -0.51002
-0.38559 0.96361 -0.7073
-0.0090842 -0.68595 0.52341
-0.12978 0.37622 -0.40932
-0.07267 -0.59649 -0.019151
1.2963 -0.39371 0.12737
0.59778 -0.72176 0.43451
0.77272 0.21418 0.30205
1.0529 -0.29017 -0.20986
0.4051 0.5327 -0.059345
0.68721 -0.62145 -0.32401
-0.045608 -0.4522 0.2971
-0.45856 0.98799 -0.72668
-0.11963 -0.24209 -0.74768
-0.011175 0.91552 -0.14436
-0.069666 0.45858 0.01995
-0.53936 -0.42861 -0.11173
-0.53048 0.16029 0.47467
-0.80792 -0.58829 -0.055924
-0.15825 0.87681 -0.1488
0.28833 0.20097 0.28787
0.53949 -0.0075822 0.51186
1.0135 -0.28011 -0.22846
-0.46432 0.58713 0.37236
0.96699 0.16388 -0.21008
-0.38318 0.65977 -0.45359
0.66503 0.39074 -0.30694
0.029859 1.1994 -0.22623
-0.19677 0.20627 0.19741
-0.24981 -0.62698 0.13887
0.97997 -0.54584 0.26808
0.80753 0.20754 0.29871
-0.38562 -0.23605 -0.63052
0.0094209 1.1162 -0.34095
0.83703 -0.037803 0.4227
0.93712 -0.60901 -0.26372
1.2229 -0.44431 0.22039
0.080526 0.88691 -0.15067
-0.068905 0.46864 -0.018839
0.2144 0.48547 -0.19644
-0.5873 0.0023141 0.22517
0.70955 0.11443 -0.45124
-0.38643 -0.34829 0.18744
1.1159 -0.21566 -0.057493
1.1145 -0.63741 -0.09355
0.034908 -0.34759 -0.81013
-0.19143 0.24735 -0.548
-0.21233 -0.61082 0.0050565
0.01035 -0.2309 0.3542
0.65406 0.35226 -0.33533
-0.42699 0.34519 -0.35798
0.55427 -0.39105 -0.65978
0.68419 -0.13166 -0.56034
-0.70219 0.12003 0.3121
-0.47035 0.57021 -0.18505
0.087009 -0.65275 0.28252
0.037738 -0.64579 0.25352
-0.0097243 -0.49235 -0.84856
-0.33048 -0.57906 -0.26873
-0.5277 -0.55474 -0.40718
-0.71046 0.1363 0.21462
-0.12492 -0.099045 -0.77576
-0.44719 0.87252 -0.77413
-0.73132 0.22966 0.29009
0.42029 0.55948 -0.18231
-0.55228 -0.43554 -0.20115
0.41735 -0.58313 -0.56947
0.59683 0.32329 -0.3721
0.92555 -0.12298 -0.3427
-0.72158 -0.25258 -0.36351
-0.46667 -0.49255 -0.76217
-0.5964 0.044581 -0.61098
1.1171 -0.65559 -0.0044339
-0.36505 -0.46126 0.2217
-0.023621 -0.48336 -0.69338
-0.21146 0.35215 -0.42206
0.36875 -0.43559 0.5754
-0.33968 0.84033 -0.28804
-0.79994 -0.20872 -0.054362
-0.0073564 0.78552 -0.10421
0.072894 0.42084 -0.14806
-0.27818 0.71194 0.16932
-0.066948 0.34567 -0.44838
0.38464 -0.68201 -0.086488
-0.82175 -0.079579 -0.3061
0.097225 1.1129 -0.37055
0.96708 -0.44704 0.25805
0.58673 -0.20913 0.54996
-0.71487 -0.52355 -0.13327
0.51899 0.33649 -0.38959
0.36754 0.51951 -0.27392
-0.33416 0.92993 -0.42473
0.14114 -0.064627 0.48281
-0.15848 0.25817 -0.53245
0.062511 -0.19916 0.48051
0.68638 -0.66679 -0.28028
0.60123 -0.32455 0.54232
-0.26782 -0.43404 -0.92544
