-0.529244025008 -0.0412955409158 0.760437
-0.735384419537 -0.498127177732 -0.293734
0.680376176982 -0.366597893207 0.677063
0.285177069284 -0.00277882684669 0.730331
0.142645749915 0.408469686336 0.721352
0.136262226825 0.872861100014 -0.350391
-0.467590192982 0.178542718174 -0.263268653044
0.309999728385 1.3166312799 -0.471263
0.220669309228 -0.377615544746 0.666512
0.447032665175 -0.0597007112742 0.712067
-0.70619095695 0.161119382717 0.712067
-0.408657076134 -0.349904818737 0.699112
0.163006827208 0.927814106705 -0.225975
0.504677018396 -0.0515937627263 0.691597
0.38724157501 1.10853008272 -0.50677
0.649550072462 0.229621916696 0.832427191839
0.428084993403 -0.710115092657 -0.253662028823
0.109224316858 0.466396066219 0.726967
-0.0781812992159 0.589928017556 0.714722
-0.195125756362 0.397384276116 0.760254
-0.569031589306 0.18536037621 0.746075
0.265818956446 0.509345938179 -0.446438
-0.472758327875 -0.372933443581 0.67849
0.581988395697 -0.368430529237 0.735352
0.249799454858 -0.00733665248297 0.789742
-0.540578259772 -0.359405011393 0.595703
0.327792094944 -0.263851437237 0.744263
0.291638592837 1.12025086024 -0.431129
-0.32358797563 -0.52255281451 0.574955
-0.226196493422 0.279724180899 0.778564
-0.527544688962 -0.896338204546 -0.367477
0.149217909123 -0.086151 0.78006
-0.13774886486 0.462949967377 0.80189
-0.317414591929 -0.130476200284 0.820384
0.274744371037 0.015543209729 0.72261
-0.429287041032 -0.257238966098 0.787923
-0.721389286764 -0.0300768967104 0.777313
0.907251849967 -0.152743700595 0.462102
0.889864914114 -0.274352756881 0.630341
0.943243933745 -0.216351582822 0.555374
-0.488703790198 -0.0504997944746 0.742264
-0.776948574338 -0.232310405621 0.27478
0.741729973732 -0.428238 0.65152
0.0570091784035 0.0836323810412 -0.441657585413
0.251834774305 -0.00738937579049 0.76992
0.600010082256 -0.596434052478 0.670258
0.282501043132 0.652972159896 0.525932
0.710304945166 -0.307373746105 0.701263
0.338155366177 -0.445181724929 0.689041
-0.0422915844472 0.538818827005 0.771533
-0.472210301942 -0.110128234821 0.795916
0.165682986137 -0.0298426500605 0.809367
-0.205543596369 0.328482047918 0.775932
-0.234703248288 -0.316429950736 0.682281
0.450508961188 0.982700410042 -0.411806
-0.336874393739 -0.671207565725 -0.168127
0.0398261886179 0.918726982158 0.029408
0.860144505275 -0.270654015013 0.654205
-0.419372011393 0.436712368995 0.813293
0.161503484239 0.546760240302 0.669991
-0.499653480393 -0.0354392142188 0.723915
0.662203742847 -0.691247472427 0.58279
-0.199392366435 0.715778290693 0.53743
0.116709548991 0.38818286858 0.72522
0.140961233262 -0.259021982093 0.716461
0.111941560091 -0.798984995322 0.196064627831
-0.0076238477296 -0.123760891617 0.767517
0.151315857762 -0.526672479926 1.05685397689
-0.613930035816 -0.945061533965 0.769309122842
-0.455915511855 -0.608604830492 -0.189526
-0.021776226479 0.192994469341 0.671875
0.53078078806 0.0134852926012 0.48632
-0.273245608079 -0.498147276137 0.583534
0.0694358184949 0.892238365498 0.542191
0.0928053493144 -0.147660419773 0.803819
-0.0259178532578 0.889556961334 0.184349
-0.861357481878 -0.231324922093 0.146179
0.147451264335 0.516745081469 0.655518
0.612012172816 -0.449881821833 0.721359
0.410560993299 -0.2370375 0.268433
-0.100989933955 0.279182303338 0.758423
0.291491800433 1.09215860834 -0.486755
0.139765818592 -0.106996508705 0.098972294922
0.374566719137 0.60474858837 -0.050249
0.177286453308 -0.335142855378 0.664978
0.502802606476 -1.12402149127 -0.0300634532099
0.661807215392 -0.507280278126 0.706741
-0.397230192187 0.301923124831 0.587744
0.446562200257 1.01341241959 -0.421028
0.563387856115 0.800400391159 -0.35717
0.406692067688 1.21018732427 -0.523042
0.318394083349 0.778578729191 -0.321067
0.714785614982 -0.467604998331 0.663087
-0.232357521969 0.0229909664285 0.762405
-0.012446039029 0.578906828049 -0.618225
0.357414934757 1.02555482638 -0.388611
-0.343875522261 -0.345547876035 0.707214
0.726717617771 -0.401810163264 0.64447
0.283624811914 0.813258584523 -0.3144
-0.196337423188 -0.144395493511 -0.122388283009
0.499716082476 -0.260320355792 0.742065
0.0509297751217 -0.299849041871 -0.497884
-0.34014433528 0.0159027293885 0.77383
-0.852320001047 -0.328633546121 -0.379356
-0.375916536884 0.170770074705 -0.132500582323
-0.724839303661 -0.648646501263 -0.269104
0.0613334443442 0.912384641807 -0.137632
-0.215614162712 0.951443315352 -0.155849
-0.350228592328 -0.0123457161756 0.772568
0.207817893704 -0.363224849383 0.315624
-0.73695759581 -0.506183998967 0.569221
-0.429679989118 -0.636281572149 -0.229025
0.277060804321 0.87838138987 -0.325989
0.213600626665 1.28647113791 -0.442123
0.137911727641 -0.198201880765 0.812637
-0.073764223606 -0.467271383066 -0.206589
-0.487342247149 -0.0959335327374 0.767517
-0.396818084447 -0.0752390836247 0.806857
-0.774261245309 -0.820561815208 -0.403763
-0.535159011778 -0.393948598528 0.667183
0.0222312094866 0.394083584344 0.812735
-0.906284704928 -0.341337155058 -0.208313
0.715178906099 -0.287825798135 0.721885
-0.158039656184 0.587413285879 0.674721
1.27463754851 -0.106962144748 0.54421458026
-0.887760758363 -0.31118673845 -0.33139
-0.302371869457 -0.0392714406793 0.765831
-0.698427353717 -0.349389662034 0.702644
0.527761062773 0.983958974979 -0.379387
0.151734270026 0.647791464934 0.642303
-0.460916545412 -0.927176874703 -0.316483
-0.209826490284 -0.130214141947 0.764252
0.1557005416 -0.190218751182 0.815323
0.391515664824 0.549103023433 -0.067928
0.249040490486 1.12931878266 -0.409676
-0.721432128161 -0.849289100187 -0.491119
0.439048006428 1.1118634541 -0.453011
0.121455998819 0.838083960839 0.254997
0.116221585517 0.368256123096 -0.848248967366
-0.337926943836 -0.48470463597 0.619125
-0.283709354157 -0.650733015982 -0.151048
0.394062428743 1.18964614794 -0.434357
-0.2470147768 -0.0755481436386 0.766754
0.75483242151 -0.305383894744 0.7117
-0.645602408336 -0.540008172726 0.400013
0.0783230134437 -0.383274561314 0.267078
-0.345489725923 -0.0603817587914 0.78125
0.220032848371 -0.340545927287 -0.060336
0.705231333089 -0.4071655 0.647583
0.147914568026 1.164719547 -0.419228
-0.714917049907 -0.664664653636 -0.299133
0.0839372474169 0.437039577174 0.761322
-1.32653853251 0.11693241011 0.357316918229
-0.70004666381 -0.177882389387 0.4643
0.298659723686 0.477818171069 0.481372227007
0.162172033445 -0.53155868651 -0.225523634265
-0.759168555378 -0.355110509423 0.594421
-0.390029738595 -0.0119813237087 0.768919
-0.17341288695 0.328440069116 0.7687
0.547419577559 0.73735852139 -0.256226
-0.958406138067 0.0780058745829 -0.254387
-0.740830616355 0.0596637326707 0.777889
0.418703301862 0.713889392121 -0.291072
0.621317720294 0.0462095140798 0.318584082127
0.271025429018 1.0491058132 -0.391853
-0.915820676377 0.271930057893 -0.084347
0.412721255178 0.828760183332 -0.408089
0.677994543467 -0.29659900346 0.729586
-0.381466164497 -0.674850778277 -0.221294
-0.702323394246 -0.778867802179 -0.374802
0.369232367135 0.346255219676 -0.197418
-0.493440991556 -0.367370867912 0.67767
0.319640447236 0.368209494766 0.518158
0.0595577321882 0.704155018134 0.657822
-0.0347258866409 0.020049 0.742762
0.513703705196 -0.428247082565 0.729111
-0.525241036381 -0.946244161232 -0.335907
0.425711855231 0.921954562644 -0.377197
0.398022417125 1.16340904901 -0.517408
-0.0257143247136 0.228075483114 0.761955
0.949921502089 -0.20685969518 0.526527
0.210429225336 0.20904116762 -0.0158512007361
-0.543838366565 -0.319641681996 0.680786
0.206097815666 1.01863188806 -0.322708
-0.934719431974 -0.710457547001 -0.419228
-0.28325668626 0.408799027815 0.63916
-0.281718406336 0.123323406798 0.790799
0.198722915979 -0.00204781289548 0.807237
-0.4047456984 -0.763204113773 -0.360336
0.197854726647 0.0107244390705 0.775116
-0.15497983937 0.421021044062 0.786728
0.00390310733053 0.690018380204 -0.55088
-0.0463124379187 -0.313415495498 0.642537
0.640257932022 -0.39900673179 0.727051
0.222565849935 1.01721736012 -0.35132
-0.06765929145 0.0601210789812 -0.476665048489
0.417111724319 1.1179442276 0.0447408567804
-0.308386746444 -0.288001513221 0.752808
-0.751956258147 -0.660461553512 0.556272482882
-0.60082591673 -0.943925014281 -0.42532
-0.0189387091722 -0.250630806516 0.70162
-0.539800856134 -0.338190508793 0.681084
-0.580765104865 -0.59299466889 -0.094614
0.16773371903 -0.229952676497 0.747433
0.84033477104 -0.339587481192 0.66507
0.38693511225 0.21685327365 -0.037891
0.390804606533 0.0564714343478 0.527679
-0.546676900162 0.127153833594 0.622809
0.0139322889828 0.477057432384 0.795868
-0.493191487879 0.528701285134 0.743057
-0.0955766031484 0.872502467332 -0.418701
-0.318976719088 0.324164116107 0.813248
-0.253776880194 0.700133549717 0.587815
0.62261484623 -0.891902966364 0.115163032014
-0.175946216932 0.260438212875 0.771729
0.198695749424 0.0042471332503 0.801014
0.353383461459 -0.0208558901977 0.711853
0.213843793907 1.23527127817 -0.403798517274
0.372816701286 0.159409468537 0.209256
-0.368039413426 -0.556102963242 0.537567
-0.397201788311 0.107680321788 -0.767334
-0.426415410545 -0.762621156194 -0.278687
-0.866727695897 -0.180476405621 0.166016
-0.496066309433 0.844583948139 -0.186249
-0.40020286704 -0.771975699048 -0.206234
-0.502891043447 -0.345642837922 0.672363
-0.440468478666 0.232125013507 -0.0957654939023
-0.515542136741 -0.975709174277 -0.420372
0.0375292690763 0.177184600811 0.755157
0.145483676541 0.167703119441 0.746419
-0.115727441778 -0.42294980899 0.54937
0.234939479548 0.00214111528117 0.779205
0.0457675035487 0.0119156414819 0.750746
0.348779703251 0.772012166679 -0.319824
0.114985706299 -0.142228914546 0.814752
-0.187409989122 -0.297747623005 0.641357
0.654106502089 -0.71922630482 0.526527
-0.796759761209 -0.669330387841 -0.291376
0.815562383424 -0.315920515168 0.684601
-0.609606958559 -0.647068224872 -0.294666
-0.326442705407 -0.421861351526 0.581787
0.315261014817 -0.436861904691 0.384918
-0.229100745439 -0.0125061311519 0.759598
-0.0845300648489 0.528201632915 0.778379
0.115521333093 0.911392818276 -0.277114
0.0249469505136 0.928391385784 -0.016345
-0.784938499248 0.322026638486 -0.469788
0.661108687874 -0.351386163278 0.730408
0.45376824441 1.12791365418 -0.464695
0.0278983730663 0.875043399599 0.495361
-0.420371776244 -0.0684992745231 0.78936
0.14558551884 -0.0969864845224 0.806144
0.301752836754 0.0705332445861 0.573456
0.675886942718 -0.23090947504 0.367844
0.203904098861 0.808312259098 0.476074
-0.365098426356 0.431594975788 0.815247
-0.161411669128 -0.823642420505 0.13809086672
0.2217784774 -0.0711864091177 0.819381
0.405189105511 0.667206117418 -0.215336
0.411223463911 0.0243379327585 0.224982
0.0529943282545 0.41644486905 0.799627
-0.374366265112 -0.0733013918142 0.800529
0.514266742274 0.901264126262 -0.353569
-0.164422592328 0.309479716176 0.772568
-0.48951535269 -0.189641461945 0.790044
-0.0354104789522 0.715949251334 0.690048
0.0859237910296 0.847514170909 -0.0846483443144
0.317704481423 0.426092303616 0.4056
-0.158777820274 0.55921674817 0.749725
-0.0102025867533 -0.919566099182 0.671441981798
0.947812587247 -0.536198418451 0.835507141943
0.328190318062 0.180306305435 0.378183
-0.0164578890855 0.268858099919 0.753418
-0.748271100151 -0.248943563298 0.589155
-0.464991304466 -0.837630564412 -0.288761
0.103944714735 -0.138870472901 0.809713
0.295590582682 0.701029907444 0.16122
0.0917054219142 -0.115759549915 0.78093
0.275278999072 -0.438898787351 0.411079
0.24461687964 -0.418047136075 0.410233
0.87743410045 -0.319213557728 0.442764
-0.231090187663 -0.290853946163 0.723946
0.21234473498 -0.034430130294 0.819855
-0.0587780947444 0.228911353531 0.763634
0.116664842626 -0.205950565115 0.760529
-0.546758138067 0.791001125417 -0.254387
-0.0197902651123 0.54084225533 0.761902
-0.451511598499 -0.872067028808 -0.26976
-0.605877473361 -0.160144567023 0.733093
-0.593108851291 0.0372153351447 0.536906
0.0655218212499 -0.404486876591 -0.235367
-0.66350353459 0.0128561670894 0.797394
0.320139526556 0.102867925505 0.459666
0.114773689374 -0.274472138633 0.674698
0.780452363876 -0.130820852879 0.408371
-0.0145608642537 0.162645843311 0.752258
-0.193051413415 -0.00974485650823 0.753624
0.871760732756 -0.121536118823 0.497284
-0.0935135774384 0.547013732679 0.748108
-0.547059158332 0.689885743022 0.225128
-0.292719169205 0.660475526587 0.766296
0.164152010878 0.311175623005 0.641357
-0.753794809286 -0.189612908166 0.666702
-0.308197043554 -0.484878938179 -0.446438
-0.344957580774 0.526503943643 0.587711
-0.562576742186 -0.0871275006223 0.750946
0.150909256736 -0.0871275 0.798981
0.225673506615 0.219673979379 -0.579142
0.0189328282545 0.357448620468 0.814212
-0.103189020607 -0.460528626474 -0.288727
-0.216223094136 0.0478006151865 0.763126
0.302773140539 -0.279858712696 -0.202870824517
0.294254669273 0.882894037545 -0.333122
-0.962142817548 -0.814674244131 -0.388901
0.18271447211 -0.134809251027 0.819851
0.323687911807 0.692607909046 -0.005561
0.698791022776 -0.22966244468 0.716161
0.00412920096463 0.350331985865 0.816813
0.277820905477 -0.33186607631 0.186297
-0.246320415551 -0.433445474676 0.637985
-0.763433083883 0.0618891105357 0.66384
-0.3540081025 -0.24514401982 0.80351
-0.14409618626 0.649832084221 0.589355
-0.557667027854 -0.60628762595 0.059174
0.769523968686 -0.428039388594 0.687286
0.390992926516 0.176623614127 -0.134697
0.160486540578 0.403890842212 0.708277
0.140351429588 0.325005806961 0.689774
0.573847567597 -0.00336685712199 0.484663
-0.184852598272 0.564439907882 -0.657005
0.410666404295 -0.603492922799 0.556541
0.374486405649 0.944833481327 -0.369995
-0.248238044946 0.504305093782 -0.689316
0.166684243625 1.00232957878 -0.262939
0.177573517611 0.88294435458 -0.216812
0.46583369489 -0.430518372574 0.724915
0.0780913663893 0.278828214219 0.723915
-0.228859025008 0.478986540916 0.760437
0.744118204794 -0.459455462459 0.685654
-0.512668892405 -0.072782569105 0.736969
0.786312807741 -0.39935826635 0.68866
0.375027605648 0.0865288672232 0.310555
0.713563873792 -0.514345116147 0.688568
-0.716412736324 -0.552751258503 -0.314164
-0.190106686677 0.339655559817 0.773094
-0.0142996968217 0.461366198572 0.807027
0.62146166575 -0.698430819964 0.587631
-0.988197636665 -0.918288514624 -0.450905
-0.665074001181 -0.524225960839 0.254997
-0.290752489144 -0.136476083625 0.806857
0.0251197945926 0.18706276051 0.644775
-0.474105007193 -0.617015960581 0.096926
0.632793742595 -0.0255810871143 0.59922
-0.0724933234591 -0.209844119441 0.746419
-0.505309175929 -0.61825716624 0.00568
0.89943494837 -0.309442971319 0.610291
-0.256077482854 0.500796789022 0.649414
-0.561870236557 -0.816631796978 -0.363403
-0.294090163763 0.806261400895 -0.763672510589
0.0271883752496 0.605807647308 -0.58963
0.385954242731 -0.154749642193 0.028931
-0.439850587787 0.184140434214 0.709656
0.1179279307 0.900791167604 -0.232784
0.226285306373 -0.219024352355 -0.382812
0.195617965181 -0.0790057454336 0.821818
0.0285792809486 0.0834367666467 -0.723267
0.699017097708 -0.446004871411 0.382568
-0.25139885851 -0.0370295959043 0.766907
-0.673727595863 0.645859573504 0.088663
0.541343961339 -0.19348275459 0.735313
-0.139117710007 -0.0929489419649 0.754539
0.41277181256 -0.540978248713 0.657013
0.305855348493 0.608919003356 0.307098
-0.341120555086 -0.282452132915 0.778379
0.304860108517 0.140491197152 0.458303
-0.516028822717 -0.366566139116 0.679169
0.271095426109 0.808547051721 -0.29541
0.194681474767 0.0163982055889 0.756836
-0.279988801897 -0.155090830436 0.798264
-0.55901840029 -0.554586271668 -0.409009
-0.344076719212 0.004047640624 0.774826
0.112157238338 0.993014035238 -0.336639
0.460156544043 0.644120513718 -0.15921
0.468424681605 1.18044534806 -0.413071
0.577210418346 -0.218198228767 0.348114
-0.262672659586 0.712547607837 0.710098
-0.597997739554 -0.585628467718 0.127434
0.768451596934 -0.537616790954 0.452171
-0.649555805028 0.63207834334 -0.361626
0.0462862864177 0.18169354421 0.408536204869
0.859357675574 -0.403516844032 0.617844
-0.217467644169 0.564152991297 0.748684
0.281462294986 0.59654699533 0.564034
0.163189348379 0.0258102426472 0.762871
-0.133250084447 0.381274083625 0.806857
-0.224516773946 -0.185444459626 0.759613
0.144189385325 -0.0252806587046 0.77182
0.623216829398 -0.639780787351 0.641499
-0.314215569242 0.622930669543 0.785721
0.451472367958 0.706397079517 -0.198723
-0.797670379795 -0.416883625497 -0.358917
0.794787528608 -0.0844776192294 0.507393
-0.680170751182 -1.00432229887 -0.399994
-0.254066576134 -0.0821462183696 0.753319
0.412922903749 -0.735481502295 0.766467103217
0.723481997976 -0.477026421145 0.68927
-0.278079435941 -0.0388837115892 0.772057
0.488284329658 0.830959267507 -0.317415
0.297930274269 0.0883563721469 0.499898
-0.012132543209 0.592847818737 0.699112
-0.531677245011 -0.0628300015874 0.759476
0.389852682122 0.459676652901 -0.045559
-0.296908941978 -0.235879372728 0.797735
0.745870578651 -0.444442261905 0.670593
-0.709134111288 -0.480392310131 0.246765
-0.693579314407 -0.361160271338 0.972387351919
0.631033034942 -0.471426722226 0.697845
0.882097618947 -0.317316106748 0.630096
0.529479838586 -0.227514017986 0.332455
0.213897009264 0.994382487632 -0.322327
-0.460604999439 -0.933563261248 -0.392254
-0.648882275541 -0.744777069369 -0.354752
0.302189034366 0.726654761012 -0.283783
-0.178447992163 0.389253011065 0.765381
-0.575197940698 -0.204524057698 0.732758
-0.247660406336 0.182313593202 0.790799
-0.637110375054 -0.287955539622 0.702606
0.557765426957 -0.168473941805 0.728561
-0.223279640086 0.00487031907467 0.65332
0.133107855926 0.79928956935 0.597511
0.297298992807 0.719094960581 0.096926
-0.837694241427 -0.97876098736 -0.413696
0.822886711661 -0.384028406531 0.426773
0.234250183885 1.04265522017 -0.379028
-0.141499793362 0.945711168636 0.030579
0.0774463898691 -0.010708917884 0.750359
0.187997796167 -0.193054265328 0.800791
0.0408357526974 0.417709598437 0.803835
-0.302645786527 -0.648389878961 -0.311829
0.263360417034 0.253897623005 0.626167
0.0143303672631 -0.434895075809 0.052965
0.179442997489 -0.514561088539 0.0123818043736
0.0614648887121 0.854324310131 0.246765
-0.752606906177 -0.431543399626 0.232666
0.138405931333 0.466044105138 0.709106
0.0384531077502 0.758802736332 0.663368
-0.802591507827 -0.0132251058083 -0.0226956429579
-0.363230229076 -0.279809211604 0.786603
0.00566711225041 -0.44352227365 -0.037891
0.147688693567 -0.209131679039 0.804733
0.100819874632 -0.125694854724 0.803819
-0.00395036256359 -0.366744228668 0.415799
0.711751902021 -0.490261543316 0.695297
-0.148847484104 -0.529101405046 -0.114243
0.666420051896 -0.456344610933 0.648825
0.299725126083 0.258069146681 0.509312
0.059441177283 0.630177139116 0.679169
-0.24767576454 -0.573175007986 0.096793
-0.473108844867 -0.61405655682 -0.235311
0.0290956335559 0.344087115597 0.805555
0.226579998541 0.866508069452 -0.254639
-0.966052226564 -0.000385539173246 -0.260788
0.512155440555 -0.107803991904 1.13001952084
-0.692397272246 -0.473529254552 0.632187
0.356669696419 0.225512035718 -0.309349
-0.742319883213 0.339788210406 0.688557359577
-0.628688386889 -1.03783422822 -0.433411
0.14810241933 -0.180369084997 -0.536499
0.736899046242 -0.47380541186 0.689621
-0.218538930253 0.40941346937 0.771477
-0.49565868626 0.0409079721854 0.63916
-0.496937317575 -0.0523706822162 0.762451
0.396568545654 0.158478869757 -0.042689
0.815070201077 -0.470581 0.455902
-0.63481918626 -0.200125084221 0.589355
0.0855786606984 -0.404659411627 0.129658
0.851121146014 -0.137386931708 0.432922
0.180160613678 -0.215722663588 0.77478
-0.0598719064233 0.215024816129 0.759094
0.109201465389 0.864680486315 0.571686
0.0118282492453 0.668009128658 0.680466
0.0229811438664 0.636576508793 0.681084
0.158912458232 0.836402451613 0.162704
0.348028118928 1.13524838445 -0.43829
0.123429832459 -0.0367632590111 0.750824
0.132635526235 -0.219196529672 0.751259
-0.0638448370454 0.166151498436 0.751038
-0.114091207313 0.367604232238 0.817296
0.586594890516 -0.404131846166 0.733549
0.732127150878 -0.216018577078 0.378769
0.887003214387 -0.255397366205 0.632431
-0.121175544247 0.36280780073 0.807582
-0.137896102086 0.278566945021 0.773842
-0.320261241448 -0.569080741884 0.244684
-0.0217925061552 0.207584272115 0.694252
-0.799273652811 -0.95414657582 -0.435242
-0.27598842464 -0.221005973778 0.779205
-0.66474348622 0.083424507866 0.813187
-0.131300620461 0.572812654297 0.74868
-0.664182605804 -0.767006018756 -0.364868
0.732158785622 -0.387807784094 0.644824
0.596202690148 -0.0555426490539 0.411415
0.58951005987 -0.419658624732 0.357109
0.232154096538 -0.0810173096106 0.815415
-0.101436406022 0.573330991033 0.728027
-0.0984113757555 0.197896728245 -0.247177304094
0.386147715158 0.439951461881 -0.179077
-0.19458708187 0.275147287705 0.773621
-0.509746791664 -0.601873342157 -0.129658
0.0786205924935 0.466671709999 1.37932484506
0.681954530038 -0.575884105523 0.669518
-0.548237571535 -0.596121328516 -0.164307
-0.63791589225 -0.412702736332 0.663368
-0.287833540824 -0.0483083168292 0.764828
-0.679364795511 -0.133255752413 0.0235236813074
0.636938010081 -0.173615005268 0.368576
-0.354065170542 -0.12714686457 0.822622
0.151954921937 -0.0490383547446 0.801014
-0.591327477394 -0.709343234758 -0.33474
1.22610715144 -0.345075218545 -0.14653466594
0.384631234219 0.900636839846 -0.355591
0.118329123228 0.919552053446 -0.246154
0.733998151423 -0.451367909074 0.660884
-0.255913291133 0.141515253153 0.459442576637
-0.40942827704 0.154301001607 -0.851202510802
-0.424042354525 -0.291652902598 0.760437
0.0374290622464 0.381617965946 -0.522727106883
1.14856999006 -0.125150925026 -0.570829257183
-0.596505678806 -0.287084142695 0.602905
-0.00525924300399 0.217392723908 0.756767
-0.838619858245 -0.922198202717 -0.468567
0.328553370389 0.254599130513 -0.386559
0.361737977894 0.75362455674 -0.306274
0.201221494511 1.15608185207 -0.358948
-0.579405042453 -0.58327097169 0.184982
-0.33476039163 -0.379566006665 0.66095
-0.207341355778 0.743212237281 0.603918
-0.31120831039 0.427157394666 0.789551
-0.503624373736 -0.386097003241 0.594727
-0.917951383903 -0.946262435798 -0.520884
0.194617876661 1.02118605044 -0.306702
-0.110475940698 0.600398057698 0.732758
0.23025541933 -0.0380759150029 -0.536499
0.176151165461 0.0895867683909 -0.628306
0.0081319589682 0.500392966098 0.787923
-0.0669201705422 0.37020286457 0.822622
0.564375487026 -0.445018981925 0.362274
-0.208203800533 0.694068439147 0.424713
-0.211296166321 0.474554304487 0.76239
-0.184638738595 0.343766323709 0.768919
0.273730245923 0.731562693507 -0.18996
0.462314838158 1.13864278878 -0.463385
0.233021551495 0.318933166447 0.666
-0.400252676436 -0.737783971452 -0.238602
0.27590174946 0.122065847962 0.52682
-0.76614788096 0.0656169440661 0.3489
-0.527815389728 -0.0872610720259 0.757069
-0.538771046638 -0.0564088264241 0.757477
-0.912420660641 0.269967057893 -0.17617
0.50679355972 1.07321819438 -0.412758
-0.236417118537 -0.452272461085 0.616333
-0.442506623711 -0.690729954953 -0.271378
0.768108435006 -0.321386552013 0.585700530054
0.257000752211 0.244647455813 0.392134129547
0.182386702551 0.845387035444 -0.150973
-0.689891771028 0.0166264008553 0.594639
-0.0600226927824 0.816119646494 0.675266
0.412403241868 -0.391820631879 0.347893
0.0666367458348 0.604492229437 0.675446
0.168188033603 -0.300853780574 0.692017
0.195121457159 0.349678277447 0.606934
1.09366514328 0.77601594291 0.314827600416
-0.261338989312 -0.126958414087 -0.476733590363
0.113441538824 0.539992508932 0.676109
-0.324783457752 -0.0388594502849 0.753906
-0.22724962834 -0.135351902286 0.764
-0.582963320115 0.0852419106123 0.601831
0.197058466615 0.0112372762391 0.75592
0.150428789136 -0.0147736942958 0.762971
0.770449029644 -0.388093136014 0.683075
0.360511616097 1.2681004358 -0.520884
-0.348151553216 -0.397754178904 -0.544179
0.911256629812 -0.261683218432 0.607727
0.266364208336 0.742390342157 -0.129658
-0.0299227939053 0.853384200652 0.638916
1.40167521133 -0.517948954052 0.592050248138
-0.463104662576 -0.610922804804 -0.214132
0.245749746478 -0.441658953153 0.447418
-0.584147448229 0.710822940556 0.153992
-0.702391002622 -0.53615690332 0.519806
0.450973144975 -0.347461600055 0.739365
-0.35459583363 0.204726 0.783107
0.241865401674 -0.215444835708 0.747805
0.372697268841 0.447698605474 -0.248047
-0.52114843814 0.00792842685666 0.767944
0.214804574914 -0.146873462212 -0.43259498493
-0.377777052224 -0.332627048386 0.722916
-0.336444280863 -0.62675858837 -0.050249
-0.545242957314 -0.833120504537 -0.366638
0.30352001505 0.0743580871804 0.543396
-0.101950190148 0.911613090822 -0.359528
0.51443164058 0.779181738505 -0.233154
0.188390468603 0.308546763216 -0.19020825551
-0.359267166306 0.0184470144674 0.717094
-0.533178782439 -0.0837407407027 0.758133
-0.453428461507 -0.682423132929 -0.274431
0.148581982542 -0.219470457149 0.769028
0.235820826804 0.845175653508 -0.25457
0.256982457715 0.764136673417 -0.216553
-0.113971666671 0.399183308545 -0.381437562989
0.584446613111 1.06337722822 -0.433411
-0.470518210803 -0.538561446997 -0.434731
-0.893444514967 -0.884679293666 -0.419617
0.301162363335 1.31494851462 -0.450905
0.21830446268 0.00945442088007 0.754917
0.035675862175 0.839930405891 0.648285
-0.119333432278 -0.87780337738 -0.151659957414
-0.499701064849 -0.190895632915 0.778379
0.795505290099 -0.559186419859 0.533333
0.684842418233 -0.0651461364414 0.628632
-0.00869395925667 0.231145620849 0.761213
-0.70646539512 -0.182755958137 0.501821
0.431897850697 -0.0836729789126 0.725777
-0.809139881072 -0.869025384446 -0.43829
-0.896194595863 0.260535426496 0.088663
0.206615721137 0.649546926653 -0.463161
0.157393076255 0.360681920443 0.835086258403
-0.317510419928 0.865429820752 0.1073
-0.979584549351 -0.815770209785 -0.393715
0.353303818941 0.143101774111 1.49850457634
0.587287718275 0.992942166713 -0.392834
0.068698760265 0.648653743196 0.673431
0.064252989216 0.53916144186 0.717773
0.568517963606 0.926473997981 -0.3396
0.208626900267 -0.0146756089117 0.814879
-0.246220184926 -0.0562118701415 0.768402
-0.707567225808 -0.87568838487 -0.414734
-0.214376114945 -0.335178323014 0.632812
0.319432485033 1.21608529367 -0.419617
-0.691701397547 -0.664003964218 -0.305338
0.769695625937 -0.296364069514 0.705154
0.469512788288 0.882006004118 -0.367798
-0.618211148831 -0.153049119581 0.624237
-0.676777995865 -0.807711874283 -0.470444
-0.744377503201 -0.0517516555559 0.369522
0.445920139898 0.999093140765 -0.321187397822
0.0263281638912 -0.25340028247 0.666538
0.386009437157 -0.435740818835 -0.68764578595
-0.235745827833 -0.118773751479 0.759277
0.52334274678 -0.671637772805 0.463135
0.280292249202 0.00992372943631 0.636545313719
-0.166339484824 0.44507556098 0.771889
0.0707429032201 0.436088302652 0.784353
-0.496267083446 -0.190411802652 0.784353
-0.925516865868 -0.818130234945 -0.394333
-0.426400643076 -0.193819578188 0.809835
0.775791674115 -0.0741974043446 0.55101
-0.134672478236 0.285264425314 0.771408
-0.314153203628 0.252100689956 0.809203
0.378144329318 0.761617190972 -0.314629
0.295234155133 0.71675255682 -0.235311
-0.69502327635 -0.415401627081 0.673187
-0.40366846073 -0.303270283397 0.751785
0.13729594897 -0.0464824407103 0.764103
0.805156418824 -0.170614174557 0.397278
0.41140201241 0.226686675484 -0.680295971288
-0.586899353706 0.0455487015104 0.613506439532
-0.89855647919 0.261902524572 -0.269276
-0.434295530166 0.0418460762522 0.777451
0.471723369286 0.655396842721 -0.307358
0.111034381277 -0.154660810241 0.814073
0.419002128767 -0.188207024495 0.24707
-0.506128820274 -0.0424128318897 0.76535
-0.246376458731 0.00223345568952 0.762886
0.306411674851 0.994206588874 -0.371452
-0.447625580847 -0.748948248795 -0.310372
0.248128315223 -0.00931515123722 0.798599
-0.665124211165 0.47386178371 0.281439655149
0.103647359344 0.242084492455 0.656738
0.1383417441 0.827550929589 0.355354
-0.875631419781 -0.689062107765 -0.427643
0.164713081857 -0.0459865735516 0.811686
0.344854608059 0.740901702383 -0.288228
-0.276243144953 0.0072048376981 0.697472
-0.546632863743 -0.0737178930892 0.755264
-0.189571447262 -0.186379378323 0.744415
0.296302100237 0.282832291999 -0.454783
0.296078457041 -0.195185069378 0.74707
-1.09417268141 0.0719230995796 -0.566412824288
0.652383932834 -0.403575882289 0.690216
0.269470449809 1.02714051021 -0.38064
-0.967696922376 -0.124648235883 -0.084869
0.157828994769 0.188984602138 0.30736865627
0.817575695221 -0.407521356843 0.663013
-0.302757734101 -0.0391017778478 0.753754
0.442738167177 -0.255615 0.744629
-0.333108555137 0.249777058067 0.801711
0.519465416294 0.691244493796 -0.202484
0.213705291353 0.239451570479 -0.253111072877
-0.678041197076 0.606776471599 -0.255809728868
0.556894588589 0.879181721897 -0.422882
-0.436520913426 -0.67471640062 -0.257599
0.314251441048 0.701201462246 -0.039469
0.400831431013 0.923280403784 -0.369324
0.10890294897 -0.0956605592897 0.764103
-0.841068261296 -1.0386229612 -0.503966
0.111546835006 -0.181779214345 0.810124
-0.105870619153 0.346874708598 0.807831
0.630523291379 -0.331577623976 0.734421
-0.807771417739 -0.694817136427 -0.324158
-0.348752585933 0.438616801893 0.591559
0.135936030673 -0.0499428996897 -0.20972805378
0.875002945644 -0.369338441372 0.615417
-0.0864703441888 0.336942970517 0.813375
0.345701762189 0.285419016377 0.245576
-0.0186179212872 0.154880121025 0.10311350167
-0.0978777329706 0.509028793565 0.793917
-0.485305388931 -0.666195590815 -0.313904
0.332344977167 0.718202386094 -0.26364
-0.586096264824 -0.0431025088007 0.758629
-0.911202854837 -0.66792564058 -0.33886
0.0782812396449 0.361723084344 0.762726
-0.119095869137 0.275469903684 0.770599
-0.606439029268 -0.594603210386 -0.201538
0.502239613723 -0.0357654714585 0.380783
-0.620097114156 -0.199039707344 0.616089
1.2460772395 0.764151279006 0.438274714211
0.0729239844773 0.481808046205 0.754242
-0.836846279299 -0.14010427387 -0.4692
-0.194214885344 0.359989950999 0.769012
-0.26520990026 0.0788509780794 0.777134
0.274841216905 -0.132603048306 0.770508
0.323987678446 1.1846571201 -0.462036
0.451019892701 -0.301696630617 0.316528
0.0985019165192 0.564147379275 0.889605271086
-0.678449247002 -0.712106566163 -0.347471
-0.791168534244 -0.772776098661 -0.404179
-0.302729817251 0.0597625755544 -0.774139
0.383538206191 0.673267659767 -0.225902
-0.0496306788056 0.660131142695 0.602905
0.284348542247 -0.113249877769 0.762311
-0.440756701053 0.254471 -0.75238
-0.807524914174 -0.658928179727 -0.278358
0.19856400398 0.831410943448 -0.178223
-0.386158129471 0.2229485 0.621857
-0.29939542464 -0.261548087031 0.770172
-0.195143605829 -0.522236640068 0.19572
0.0206092013286 0.522448183804 0.767413
0.581639550836 -0.30409474626 0.736816
-0.0483857677959 0.317377391814 0.800529
-0.728145023247 -0.441208175542 0.279175
0.187233419161 -0.0113342051375 -0.597351
-0.326106657566 -0.00715529959052 0.736847
-0.842605607882 -0.936845723594 -0.424965
-0.109264982015 0.772967499662 0.462219
0.338688902857 1.05924438771 -0.394441
0.332955196371 0.783879316759 -0.322769
-0.731184682216 -0.678803019314 -0.323025
0.303684497423 -0.300921020992 0.11814
0.128014935895 -0.145767626903 0.818621
-0.500731862945 -0.646779027589 -0.315565
0.767186529041 -0.101613952819 0.434143
0.181505973577 -0.172544842106 0.188318644871
0.221391438845 -0.20234477956 0.762625
0.136838716973 1.16907961024 -0.388885
-0.621424869213 0.182938553435 0.715851
0.490520584404 1.22070057435 -0.43541
-0.159977866424 0.200510207268 0.767487
0.209134377436 -0.395406632671 0.634836
0.661909218118 -0.489525604222 0.706314
0.23109117421 0.0423456549133 0.728558
-0.595137184415 0.0246581591191 0.558414
-0.703357722678 -0.642063311574 -0.262405
0.208880885215 -0.168145694077 0.804652
-0.134772747149 0.514734754462 0.757751
-0.37897996773 -0.719416559159 -0.343193
0.375501061844 0.63134691741 -0.175472
-0.750629302225 -0.302936089104 0.574966
-0.251020494905 0.445789749083 0.766262
0.361110004135 0.989962874283 -0.470444
-0.244943178806 0.321839969341 0.671875
0.209822811785 0.433761482124 -0.558447601612
0.286042431525 -0.243939975478 -0.182617
0.708441873818 -0.479760680337 0.686279
0.267963848388 -0.154709 -0.388672
-0.644584908373 -0.824971811094 -0.384743
-0.5166199505 -0.62882800247 -0.295674
0.201254129807 0.214966581793 -0.458719489043
-0.0738306430763 0.416849575036 0.821635
0.464175857652 0.8090421691 -0.313599
0.223632459407 0.763868781915 0.308365
0.373420907751 0.429400975078 -0.114880352011
0.080929546217 0.908074085881 -0.049082
-0.117875562543 0.176449536704 -0.766724
-0.562753334899 -0.123277368174 0.704727
0.721532478446 -0.65584708802 0.541275
-0.323733244605 0.284553572246 0.812576
0.305720422273 0.841581304288 -0.327019
-0.968400746478 -0.810009294988 -0.481333
0.478939738704 1.2476979612 -0.503966
0.0148935021406 0.553328181521 -0.341307485531
0.203811517729 0.821309903875 -0.138187
0.431381058815 -0.0107300887097 0.326424
0.0290036038402 0.444677715454 0.801607
-0.576253166067 -0.268911761651 0.710312
-0.939912015541 -0.851119365562 -0.400375
0.53607170444 0.93350742859 -0.344574
-0.076004691512 0.231728012688 0.765173
-0.484678811696 -0.12749232721 0.791665
-0.494674096398 0.00577933185011 0.769463
-0.425873060646 -0.344272369799 0.401249153696
-0.235508803364 -0.0688012130563 0.76712
-0.497690367859 -0.77480500357 -0.325455
-0.359011938156 -0.64086691741 -0.175472
-0.43403688861 -0.580097943432 0.30014
0.136341812337 0.345556946163 0.723946
-0.433650875524 0.876488650846 -0.202942
0.630939865791 -0.0440020959301 0.632162
-0.375899922376 0.900374235883 -0.084869
-0.197272492158 -0.0864359793534 0.757385
0.0211071065097 0.280576580876 0.757263
0.220849674187 0.0622408565277 -0.578771
-0.459743715238 -0.697791473253 -0.296419
0.288794459382 1.13590867659 -0.44104
0.239965607485 0.975904624234 -0.346077
0.554173550836 -0.35166725374 0.736816
0.504837547887 0.910628282508 -0.388245
-0.57537745903 -0.0783709925696 0.750092
-0.0192940968179 0.820219644025 0.678009
0.152228064818 0.291314742603 0.715698
-0.482946411411 -0.921875721897 -0.422882
-0.218206996411 -0.07748560435 0.762493
-0.306827476929 0.192113048069 0.145589303796
-0.745950453783 -0.524124085881 -0.049082
-0.539257269066 -0.802932988373 -0.348976
-0.360239916307 -0.437185837958 -0.510213
-0.957049709517 -0.181538722253 -0.163765
-0.361807919765 0.00109230038576 0.736309
0.404937848371 -0.0202810727132 -0.060336
0.342713741558 -0.330220906746 1.14566190806
-0.22039426538 0.282999934666 0.674255
0.278891897755 0.73972893673 -0.235469
-0.453709386876 -0.713033709939 -0.306213
0.897543569174 -0.326480936184 0.467743
-0.108391380615 -0.205474492604 0.0900568845599
-0.297717607787 -0.365150022995 0.66748
-0.103219482914 0.516462611261 0.782614
-0.446339310637 -0.360180363438 0.673615
0.251202421234 0.641509103931 0.410462006589
0.0833392610554 -0.140732165587 0.763512
-0.727869259061 -0.499476537962 0.593765
-0.62868641473 -0.656482812341 -0.306946
0.131608156836 -0.092695985669 0.777382
0.273132303338 0.0905110265689 0.580612
-0.90114928393 -0.67420234497 -0.397373
0.387657970664 -0.413486698851 0.357773
0.316541521911 0.478991998655 0.439667
-0.0519068094619 -0.164267231247 0.762268
-0.871447302083 -0.354281003326 -0.316772
-0.0361286661824 0.854781314562 0.551346
-0.354395120482 0.829299645371 -0.406796
-0.481905097943 -0.617398114064 -0.253479
0.129529342714 0.411511402651 0.721745
-0.674417110997 -0.24487670174 0.732903
-0.402011567023 0.186951540687 0.764481
-0.0893448348939 0.25360620657 0.770798
-0.66597994589 0.178092896896 0.745796
-0.778070793906 -0.745078146931 -0.390503
-0.679016406675 -0.967564915534 -0.456589
0.296690056543 0.255610252033 0.489183
0.0140113914408 0.56816844186 0.717773
0.144457036316 -0.34610707359 0.596985
0.0842512641536 0.486809470116 0.740295
0.529476401501 0.827054028808 -0.26976
-0.393654634492 -0.0971538275743 0.819906
0.894111178273 -0.369200011616 0.576202
0.0596489309316 -0.133911770745 0.251569003712
-0.0853390093143 0.0492705 -0.758392
0.27923602991 1.15190499111 -0.443726
0.354280421228 0.722337689694 -0.263449
-0.975758856863 -0.856261916022 -0.404587
-0.815718128762 -0.942009243671 -0.469208
0.149411696545 -0.0783693503397 0.779236
-0.698457441485 -0.651619775576 -0.277306
-0.0833982302895 0.929586027877 -0.308899
0.430695612456 0.0449253931407 -0.123478310363
0.506785675537 -0.171477461422 0.326508
-0.361358273927 -0.843816890178 -0.285645
0.284196441805 0.758202676536 -0.283455
-0.108052274151 0.960247971297 -0.08609
0.361930480734 1.10753998144 -0.422947
-0.771118545809 0.4452055 -0.383728
0.303588595618 0.72126487221 -0.270004
-0.792034961095 0.589691662269 0.387212378102
-0.580661830174 -0.103651791877 0.746086
-0.211008322405 -0.305769135225 0.707855
0.16815818209 -0.351487484911 0.632607
0.135752719777 -0.11692539208 0.815252
-0.296589781568 -0.055700570682 0.751221
-0.381505273959 -0.479084517853 0.627991
-0.859732889201 -1.00356704503 -0.423889
-0.180034049965 0.617951878368 0.741089
0.042162470983 0.639007541915 0.68071
-0.471865336946 0.600521262079 0.732437
-0.159674230974 0.580053757018 -0.336626227096
-0.269211736608 0.511251594202 0.762924
-0.296931679508 -0.426215620857 -0.536780350679
-0.398074204581 -0.549774747517 -0.421707
-0.925643911343 -0.147940284163 -0.348389
0.125280266455 1.00959378669 -0.252136
0.424837132403 1.17652949826 -0.426041
0.769959204794 -0.414697537541 0.685654
0.764165000242 -0.463109394215 0.681732
-0.675022634954 0.3897245 -0.566101
-0.204340235665 -0.0925756702023 0.715485
-0.935866598665 -0.701840497994 -0.343597
0.126941976408 -0.351888047247 0.398809
-0.290540271158 0.57213348871 0.779091
-0.496329866565 -0.237354546205 0.754242
0.863333719449 -0.448266134028 0.536987
-0.65702620031 -0.335420760841 0.697418
-0.0613835092363 0.745304643256 -0.529251
-0.477134240638 0.484615253184 0.773819
0.143411595989 -0.379855829352 0.205462
-0.267776646236 -0.269954756362 0.727783
0.0606346064646 0.726940219094 0.655609
-0.213114002651 1.14353764378 -0.11767624561
-0.419290597391 -0.239089638999 -0.123329559763
0.0676583199406 0.393371647692 0.787137
0.103747292968 0.677025582568 0.651642
0.339302265414 0.431222762821 0.27382
0.617005535514 -0.388225063939 0.733582
0.523498741676 0.766300418281 -0.227783
-0.144143274424 0.300996525128 0.753723
-0.548937347496 -0.227155376035 0.707214
0.312072850681 0.735404033042 -0.304701
-0.059548535993 0.268928910144 0.750488
-0.392744371457 -0.0811904523462 -0.0749882048087
0.359127242387 0.665926630196 -0.208924
0.250961033254 0.0233012603152 0.732452
0.343829220119 0.727311678373 -0.270318
-0.440041844189 -0.275460831591 0.7736
0.05125265623 0.281796204613 0.759323
-0.0219972356649 0.223251670202 0.715485
0.112802548054 0.957151744453 -0.323669
0.0919327147775 -0.316033867128 -0.429899
-0.295144819513 -0.313635822987 0.71875
0.525520121263 0.970591550427 -0.47171
0.0753803550466 0.616234604833 0.621666
0.492396582448 0.00677787724713 -0.66007758768
-0.291614657286 -0.317931402651 0.721745
0.122444262401 1.07317968357 -0.375191
-0.458924050337 -0.473483772 0.632599
-0.432430505466 -0.805875606209 -0.243713
0.311736443574 0.0858713588403 0.492198
-0.069094672359 0.556472516942 0.743866
0.305594254735 0.369270775702 0.571259
0.705052463835 -0.645451310637 0.460632
-0.676301922879 -0.969775291683 -0.433105
-0.52553331039 0.0559356053339 0.789551
-0.0112375126779 0.246534057091 0.768311
0.397450265065 0.712726052574 -0.26741
0.0369899515771 -0.775389409249 0.561236620528
0.0259383062318 -0.421321535744 0.137686
-0.803397603148 -0.353479467332 -0.418701
-0.340199511572 -0.697606838753 -0.166624
-0.528001337315 -0.326635142695 0.674316
-0.74991775559 -0.95693165418 -0.464695
0.245227358922 0.699908245059 0.547348
-0.137675114156 0.636539707344 0.616089
-0.619998645964 -0.283281155433 0.696274
0.670898725275 -0.35957532109 0.713898
0.424795419153 0.762129248795 -0.310372
-0.617775373736 -0.583812334976 0.080429
0.645306817044 0.20333473593 -0.250534656275
0.381546167292 0.579665347183 -0.02147
-0.974834996383 0.0875222572688 -0.094383
0.202121294593 0.493638351526 0.581787
0.220244181559 1.12848411253 -0.472687
0.738831469971 -0.410918355779 0.645477
0.774225249228 -0.373174531834 0.692627
0.289915648858 -0.372119366269 0.321167
-0.612102007381 -0.636051776198 -0.268581
-0.0088559911282 0.320750291075 0.630254451211
0.819266653898 -0.0936685305012 0.544651
-0.283280532441 -0.104852274983 0.780968
0.724986795992 -0.0976679570754 -0.245856137187
-0.460042119153 -0.266568323995 0.767868
-0.0169564128857 0.559116631368 0.737549
-0.263416810637 -0.0433492995905 0.736847
-0.441707756362 -0.029708276116 0.760254
0.387018151793 1.20964110236 -0.417603
0.647391004705 -0.141387887488 0.377092
-0.06395336945 0.535861514797 0.774621
0.463888335263 1.22504816571 -0.518351
0.308044181882 -0.0731238260038 0.744566
-0.468604433955 -0.357544688262 0.673828
0.267986311564 0.331847348133 0.238705536259
0.483042464007 1.20872408987 -0.423737
-0.840797537234 -0.705610053369 -0.328472
-0.0581708033641 0.238357213056 0.76712
0.36901349541 0.584244122729 0.073656
-0.491938300126 -0.636966130008 -0.309118
0.547412225013 0.101216680451 -0.511115997813
0.0388138040248 0.733425480606 0.662292
-0.356268558486 -0.223867244436 0.81075
0.394577167696 0.810991701956 -0.328644
-0.634636038345 -0.357887862727 0.679291
-0.611315746898 -0.200461933094 0.721741
0.145348648931 0.47510924476 0.685059
0.311138548475 0.482815774151 0.557953
-0.89041497211 0.038474028486 -0.412376
0.695384916071 -0.421777994548 0.647827
-0.196369084776 0.939276768133 -0.27677
-0.0949299833279 0.381426445714 0.821777
-0.339466108559 -0.0440725474722 0.768509
0.100299399685 0.576365656223 0.681179
0.222376378117 0.816747185302 -0.383911
0.595702160418 -0.280019591977 0.736046
-0.255720264824 0.529125508801 0.758629
-0.317830723766 -0.323936961769 0.708496
0.398063339232 0.148919463857 0.0299630857143
-0.0868614781261 0.622989506665 0.66095
-0.808996872384 -0.736095686134 -0.385979
-0.654368485955 -0.593483464546 -0.211884
-0.145386482914 0.443427224859 0.799734
-0.330327915428 -0.302308732679 0.748108
-0.425634626097 0.328927202139 0.559875
-0.102938603962 0.582691107877 0.737022
0.416131838075 0.020387486193 0.048173
-0.212202778131 0.29236600677 0.775391
0.796591755979 -0.207268605754 0.676132
-0.438741038347 0.202954230217 0.594865
-0.28321509678 -0.176984937093 0.808675
0.288466198292 0.0853461117086 0.523665
0.246569242812 1.16626645613 -0.399872
-0.481594490271 -0.579202125795 0.518311
-0.761766892297 -0.0277769609831 0.644101
0.109884306583 0.975359201956 -0.265503
0.523493132798 -0.340719296581 0.336548
0.296033892819 1.27902374313 -0.410851
-0.365789305935 -0.435017662745 0.654755
-0.400778816667 -0.283469273065 0.780941
0.253907176609 -0.0600358697069 0.807749
0.147880550786 -0.234403372587 0.740509
0.0753732956782 0.845272377649 0.293335
-0.815604062257 -0.413583674689 0.134125
-0.350638470632 0.0779783537769 0.786133
0.495088755757 1.24110287923 -0.488079
-0.843239772109 -0.436426128256 -0.041992
-0.129891288461 0.250577688925 0.770142
0.0316338835731 0.222866041183 -0.290448180607
0.304068949611 0.236972869731 0.440979
-0.685654985241 -0.684889270901 -0.418167
0.260987912883 0.085100325275 0.620575
-0.241422223095 -0.0724515564767 0.768509
0.179746654913 0.00689433880032 0.76466
0.14090945997 0.00666935294679 0.210248663226
0.300297100793 0.597063835938 0.369186
0.122839145163 1.12308764058 -0.33886
-0.230345481878 0.861619922093 0.146179
-0.416430642909 -0.580441031347 0.471397
-0.00746416630558 0.627787684723 0.651382
0.757895151423 -0.409977090926 0.660884
1.23815857026 0.392665916881 -0.660417689329
0.645291948629 -0.47725155926 0.681339
-0.688859335225 0.104086632122 0.806641
-0.480493830877 -0.779107727802 -0.317524
0.275999280146 -0.348615223934 0.265686
-0.497676626097 0.204146797861 0.559875
-0.678035402088 -0.992049765748 -0.400528
0.425382383092 0.723943900161 -0.297852
-0.478219307654 -0.730704138017 -0.383636
-0.595621892669 -0.348389380204 -0.55088
0.24806861266 0.87143944089 -0.29512
0.723818326408 -0.312407883212 0.685164
0.198163298764 0.00857290165547 0.793304
-0.0726846154795 0.0894665530609 0.745741
-0.743377993572 -0.936158454095 -0.453011
-0.353337619153 -0.0817507085983 0.807831
0.138110543592 0.477006478562 -0.579264
0.661851137849 -0.496218202199 0.708733
-0.328242546788 -0.0118607682422 0.77446
0.503221381377 -0.290535 0.326263
0.2711933443 0.540552651001 0.59848
0.934066696057 -0.268959024771 0.561295
-0.759111224126 -0.0213012087824 0.734665
0.0956631280184 -0.392492601861 0.197959
0.316431077679 0.835458703635 -0.396294
0.277355178212 -0.0329327395953 0.757261
-0.0629590571463 -0.172721328332 0.346405361606
-0.669233412172 -0.607876272005 -0.228607
-0.756824478984 -0.133948450012 0.649857
-0.483928530062 0.653877198701 -0.510712
0.315634637436 0.186793228668 0.415799
-0.0618226684201 -0.440698002763 -0.299255
-0.336986902954 -0.462676437402 0.635956
0.632462326408 -0.470641116788 0.685164
-0.423032595564 0.590834051225 0.62382
-0.252624012858 -0.616203625482 -0.145111
-0.0204085442467 0.537341364456 0.769239
-0.547412166306 -0.307429684723 0.651382
-0.447540362666 0.633644945358 -0.208958738833
0.715130549837 -0.654133553638 0.487053
-0.496926774424 -0.310042420944 0.696838
0.273470881463 0.430879461085 0.616333
0.358301224088 -0.132842075465 0.744253
-0.124239568576 0.384766754915 0.816691
0.276523631393 1.22455897907 -0.405121
0.0112526209742 -0.317071888754 0.491053
-0.682651501394 -0.902319084277 -0.427921
0.294614499487 1.17605528176 -0.448574
0.317387354179 0.368799023117 0.492487
0.236690842626 0.00194056511463 0.760529
-0.490843446834 -0.23444378848 0.764221
0.405263711294 0.100035338426 -0.04701
0.568072418231 -0.0458557092458 0.664215
-0.566865374696 -1.01170163003 -0.415764
-0.852568700726 -0.244883962731 0.298677808174
-0.583665999909 -0.334669166492 0.571167
0.149257231908 0.927405109061 -0.220352
0.101134915979 -0.171075187105 0.807237
-0.610976351496 -0.037601156727 -0.0664368814952
-0.595908093333 -0.576043094294 0.448769
0.453452953399 0.819461554129 -0.322876
0.427797101367 0.703856314899 -0.24704
-0.81084139903 0.4681395 0.006714
0.471614833563 0.716122853335 -0.190384
-0.144396807245 0.742603393402 0.724144
-0.43989988096 0.630695055934 0.3489
-0.040916725882 0.834970151893 -0.449942
-0.157173778222 -0.288590969499 0.711075
-0.814628237862 -0.903347497257 -0.455383
-0.717152492564 -0.974108553896 -0.459496
0.637176264601 -0.0785216609629 -0.586133889266
0.30354739877 1.16387151718 -0.454926
-0.0696205858055 -0.422460969593 0.108303331463
-0.978936033937 0.00700905186141 -0.037689
0.437865468572 0.617751238447 -0.156396
0.159299677595 0.335623135225 0.707855
0.256358237532 1.12789749234 -0.421282
-0.0867864570449 0.476599446989 0.808271
-0.654359799743 -0.893440419585 -0.421028
0.327899532891 -0.496805403947 0.253958704578
-0.520212604243 -0.0721626612863 0.758858
-0.0271844891441 0.320037083625 0.806857
0.248795859851 0.794979069974 -0.23843
-0.379254422986 -0.629097929606 -0.021985
-0.291769355501 -0.378803347819 0.642303
-0.0615292702891 0.808590177707 0.349731
-0.839038758701 -0.62954575959 -0.268616
0.517967104304 -0.509440658697 0.706566
0.249888279198 0.765431195787 -0.192627
-0.261369616986 -0.293281456175 0.724884
0.213824049091 -0.0686737608117 0.20997134424
-0.628444580774 0.0354900563574 0.587711
0.142575696545 -0.0902096496603 0.779236
-0.0388561707062 -0.225646861851 0.735016
-0.898400893126 -0.0390479924597 -0.406418
-0.0328796713223 0.357738738734 0.821971
0.416159651735 -0.231940913315 -0.0699063286689
0.319261374584 0.549466921673 0.318039
0.75726313241 -0.344387779968 0.684479
-0.944381570021 -0.237340861008 -0.100372
0.182168644499 0.442081347819 0.642303
-0.378440977098 0.218493 0.675201
1.21390417435 0.0255473534829 0.0979511647821
-0.664688289049 -0.583401887829 -0.197815
0.850594265029 -0.442743516344 0.482544
-0.091843149823 0.642206998179 0.70916
-0.666246679923 -0.579419100001 -0.372986
-0.111902391044 0.438293373224 0.816376
0.10104536729 -0.241244289985 0.714371
0.773325893449 -0.401832261737 0.687012
0.153617675496 -0.0215603811002 0.797261
0.757799075099 -0.4375155 0.403885
-0.759355555527 -0.675532403183 -0.307281
-0.665317292777 0.167658645756 0.684895
0.173437813326 -0.381646895366 0.449869
0.44164308961 0.617914270016 -0.303558
-0.936312661938 -0.0849671022462 -0.340996
-0.178026226479 -0.0776384693413 0.671875
0.229556462705 0.301177354463 1.33192465827
0.785058904354 -0.311198090725 0.700142
-0.79642145234 -0.885788419691 -0.439431
-0.685201836574 -0.319236724261 -0.749923383435
-0.638040493126 -0.70131055138 -0.337139
-0.0123465187942 0.252495202152 0.767578
-0.095608554234 -0.120232873572 0.759733
-0.645350237321 -0.103023399717 0.76265
0.289839567597 -0.495283142878 0.484663
0.775334710947 -0.429174887768 0.686218
0.385437806995 1.29939386487 -0.501248
-0.34229209678 -0.279309302652 0.784353
0.570556826416 1.01638541196 -0.467402
0.864115083825 -0.358136771228 0.448029
0.0815737595106 0.0553690467456 0.612968672424
0.216640525392 -0.172669603042 0.798967
-0.754025103245 -0.501149789003 0.073255
0.71393521722 -0.061125930462 0.475037
0.136436880875 1.1126516097 -0.309219
-0.117976966628 0.406639899678 0.818848
0.233273954019 -0.0538436595573 0.818024
-0.0218539217194 0.178943897237 0.648926
0.71425877104 -0.557957518808 0.66507
0.883162038652 -0.365520477739 0.47406
0.439223683203 -0.144911739654 -0.441250858433
-0.159058552764 -0.460921494766 0.518158
0.00182491582541 0.0825328469291 0.751478
0.529305245931 -0.175719533973 0.129805346504
0.0160752308867 0.758373116639 0.673624
-0.51261126025 0.0362652527143 0.777283
-0.336429476691 0.581105053208 0.445511
-0.488875741117 -0.620561622203 -0.269318
-0.569904848811 -0.458300153621 0.638559
-0.660044141144 0.1527300123 0.659424
0.461942636628 0.849500116822 -0.344055
0.755250566752 -0.39340564594 0.652395
0.475486184105 0.840878229167 -0.338028
0.509182469843 -0.642240091908 0.432648
-0.318029610565 0.100442556191 0.790507
0.152093479007 1.00513363314 -0.253662
0.841261407363 -0.4857025 0.563019
-0.608290213085 0.608610445189 -0.451183
-0.304415262215 -0.257364700756 0.779724
0.151955187853 0.539070105835 0.679276
-0.446562003629 -0.0096740790153 0.772339
0.167370392213 0.440406022995 0.66748
-0.337444861171 0.429170355698 0.803665
0.231369846056 -0.0918059528275 -0.128050912671
0.361711473536 0.624964649844 -0.132798
-0.0786884372609 -0.272078371304 0.70961
-0.0824638377802 0.814016443178 0.301208
-0.252058892793 -0.0299628088164 0.717834
0.119424665801 -0.130092411156 0.814073
-0.0879847629766 0.754161920233 0.718277
-0.218330887371 0.501657011089 -1.02297632718
0.712838973718 -0.500006679904 0.694031
0.0504369214317 -0.223730689503 0.710286
0.191489710003 0.929375906851 -0.248131
0.126124309889 0.463937712797 0.705505
0.605087871228 -0.68061506399 0.424072
-0.237965247577 -0.137753899239 0.753418
-0.564922215601 -0.720905979745 -0.334198
-0.886731757188 -0.796668456134 -0.399872
0.124044180487 0.412420822987 0.71875
0.421096282251 -0.193041844263 0.745728
0.0767502687345 -0.238720635057 0.697446
0.150156626574 0.500312906319 0.694214
-0.127263555252 0.794481056352 -0.497013
-0.409424187373 -0.726985494377 -0.293854
0.235648319109 0.00182886141509 0.769455
-0.748420659586 -0.128792607837 0.710098
-0.728612786515 0.289153634712 -0.556763
-0.575886076294 -0.0734839435133 0.666157
-0.224574504728 -0.218076452273 0.752094
-0.186817227636 -0.329588929995 0.693733
-0.0860708007805 0.049693 0.744588
-0.399227994456 0.0199428297977 0.715485
-0.415855375257 -0.614372638546 -0.162009
0.0501957300658 0.378231554797 0.803022
0.0764777315472 0.738865316687 -0.489388
-0.246000610565 0.225200443809 0.790507
-0.782823898859 0.193867233797 0.311371
-0.0292392047097 0.25550821187 0.763588
0.491818138119 0.0275580033059 0.48753
-0.816459980812 -0.593106169114 -0.306152
-0.566613716221 -0.23189174476 0.685059
0.393234660698 0.128216411627 0.129658
0.319948949307 0.0673658360272 0.568802
-0.520431668985 0.775893907449 -0.334091
0.576489810705 -0.656732357812 0.627487
0.14946659364 -0.221646265781 0.758942
-0.115671821683 0.286954527841 0.759521
0.665678932022 -0.35497626821 0.727051
-0.641308948448 0.101988317939 0.816742
0.692075803281 -0.481297546029 0.680214
-0.428159892223 -0.00593868709384 0.772827
0.076572495272 0.303525452273 0.752094
0.12739432852 0.979869449593 -0.238754
-0.731988229547 -0.409106804117 0.431412
0.0334468231963 0.615549597128 0.673096
0.198139248277 0.00982924498994 0.76635
0.736030740921 -0.325621360792 0.660078
-0.725185447454 -0.1483920399 0.382095
0.136131871529 0.882027318018 -0.173154
0.369086487497 0.966196548733 -0.375809
-0.14158036945 0.401407606758 0.805401
-0.65480724631 -0.368107419773 0.684937
0.698559413975 -0.682531602889 0.53524
-0.874111811928 -1.03093406976 -0.468227
0.391885467093 0.00145753975331 -0.163727
-0.745690370189 -0.348549607883 0.527069
-0.299049767796 -0.116785391814 0.800529
0.928060135648 -0.172574692579 0.464617
-0.18384433528 0.286622270612 0.77383
0.315128354252 -0.49373167953 0.444855
0.123304383014 0.372993456175 0.724884
-0.719978096818 -0.393400644025 0.678009
0.14059398364 0.1740800241 -0.0477278332722
-0.172212300638 0.0584095456068 0.75647
-0.281727638756 -0.403982584221 0.589355
0.335999830043 0.0678687769686 0.535095
0.135187877715 -0.0671977272298 0.758748
0.362449623444 0.641681162989 -0.181945
0.104445121108 0.364254256362 0.731995
0.165511722616 -0.0144312871809 0.803765
0.239284822383 0.997643469848 -0.357925
0.121314740925 0.94962529499 -0.237793
0.2425845416 -0.0397312488176 0.815323
0.254450722593 1.30668757955 -0.448822
0.315237740274 0.392174825931 0.618048720989
0.623170860214 -0.671888408313 0.615791
0.155424807913 0.746619664063 0.605621
0.322086533391 0.747496240267 -0.313108
-0.28898482658 -0.520324505281 0.0389671575474
0.258733469806 -0.233318484677 -0.288818
-0.695034942015 -0.0827418326059 0.775238
0.276939550786 -0.010866627413 0.740509
-0.188708274411 0.245535680912 0.772827
-0.561720620461 -0.172696654297 0.74868
0.00434254417145 -0.311814492861 0.575058
-0.207517918354 0.39371242193 0.769073
-0.828790762407 -0.199911709333 -0.463867
0.315909818435 0.24324585614 0.398729
0.363860335947 0.0632265887201 0.496721
0.26828337922 -0.385997556364 0.345924
0.0764295082591 0.618113791502 0.678421
0.69856724026 -0.569014047367 0.666868
0.190677462766 1.08095705337 -0.328472
0.0893782013584 -0.363332414158 0.349723
-0.751579935171 0.0985813663345 0.670882
0.336290638162 0.731256471406 -0.278249
0.578187000561 0.865677261248 -0.392254
0.316619152279 0.0758504583969 0.513652
-0.032034895802 0.622979932856 0.693665
-0.447850999612 -0.367130685549 0.679321
-0.236743282525 0.134596043559 -0.860331150481
-0.483057315442 0.524648186687 0.771271
-0.525056710647 -0.453378899696 -0.497035
-0.469609306339 -0.46696299253 -0.0621754568437
-0.622170195679 -0.67913238987 -0.325989
-0.709989283038 -0.540939511051 0.033193
0.698859840851 -0.595951248277 0.649414
0.257739427581 1.15988778368 -0.412888
-0.101294601792 -0.199603952704 0.877085318573
-0.519024247221 0.183635633453 0.744476
0.12852590104 0.88526739069 -0.084396
-0.26771797742 0.937146861008 -0.163162
0.633582530811 -0.447790865847 0.368114
0.393341784527 0.772413955541 -0.320129
-0.152015626501 0.594093211356 0.732788
-0.976785809893 -0.0621726508465 -0.0625
-0.112146778674 0.180084081432 0.757599
-0.543423007426 0.687609741136 -0.429672
-0.232347068704 0.666593072015 0.763077
-0.885625274151 -0.386547971297 -0.08609
-0.634398376882 -0.639124220999 -0.268616
-0.497087491741 -0.375246791502 0.678421
-0.538509554926 -0.363603909494 0.679527
0.595859543467 -0.43886099654 0.729586
0.981893366024 0.17844474844 0.509115805328
-0.547811894265 -0.0898900338574 0.711617
-0.648911743734 -0.660416109775 -0.30899
-0.511566231853 -0.0359607050063 0.765305
0.298606246142 -0.147592810225 0.749512
-0.346767994986 -0.153049785754 0.822795
0.202836342746 -0.0865744044476 -0.477280261165
-0.00660857821936 0.323481606758 0.805401
-0.293424961737 -0.0289489419383 0.773056
0.030682895904 0.294218334629 0.762299
-0.228242336644 0.311704676494 0.776787
0.166250500382 0.836976313445 -0.378812
-0.332289953848 -0.440457082909 0.649906
0.268672778805 0.832480903501 -0.305817
0.4585813016 0.732122113773 -0.360336
0.423760662089 0.949368996987 -0.38855
-0.862755934871 -0.280591113728 -0.395935
-0.443785151484 0.402307569985 0.504364
-0.511215071267 -0.62161047703 -0.269291
-0.373788735665 -0.386069081469 0.655518
0.713777354032 -0.313079357524 0.675334
-0.335930388103 0.1939495 0.798381
-0.458768597519 -0.18466051982 0.80351
0.517887731621 0.947423863785 -0.39389
-0.58075522936 -0.669777564013 -0.321808
0.263932034392 0.703847693313 0.401398
0.351488587942 -0.460173907404 0.387894
0.397218494315 0.121290613859 -0.142853
-0.411322266505 -0.684049063871 -0.249664
-0.734812655396 -1.00478885319 -0.408997
0.202981443373 0.0957561729151 0.71463
0.557327586446 -0.198532895021 -0.793302293569
-0.274627881188 -0.0576854433921 0.763847
-0.420900602653 -0.762193228731 -0.265671
-0.183292928812 0.417757334629 0.762299
0.141366305549 1.06980562369 -0.284454
-0.802681447552 -0.818437049452 -0.418716
-0.621614848303 0.3588895 0.398201
-0.405739039718 0.121099069418 0.35576189074
-0.14989022697 0.296596511329 0.772064
0.721193250404 -0.649660648225 0.566071
0.216108417162 0.00561275846832 0.795868
-0.17315577596 -0.372762491902 -0.528790576158
-0.543916897654 -0.884489701833 -0.392426
0.857836190185 -0.445092134028 0.583374
-0.156222823014 0.524336133239 0.749146
-0.588730152838 -0.632930536663 -0.269089
-0.757323976961 -0.966187605887 -0.444542
-0.680229019235 -0.270355222098 -0.55069
-0.528123648831 0.00298700754546 0.656738
0.833818739365 -0.218005579117 0.40049
0.247682506447 0.359052685311 -0.511058
-0.179649744059 -0.228650484276 0.731159
-0.371044412886 -0.0541817749827 0.780968
-0.148135864254 -0.0687128433105 0.752258
-0.107875499179 0.25239415453 0.771286
0.0830711326057 -0.137854577685 0.757324
0.247481256266 0.892182109775 -0.30899
0.914357410509 -0.332576508721 0.547554
0.726747873792 -0.4915097583 0.690948
0.196339451995 -0.415880093614 0.488487
0.675190500488 -0.0639337483661 0.43985
0.244193634065 -0.332842218915 0.712379
0.470910667011 0.80233520109 -0.302612
-0.33329175501 -0.792442253421 -0.288803
-0.202429792995 -0.579004885964 -0.384588953556
-0.114437189141 0.806610974133 0.607422
-0.545286711963 0.446191710189 -0.633759
-0.719578366435 -0.185210290693 0.53743
-0.72774362309 -0.244648930076 0.518978
0.474522961796 -0.0135521208115 0.666779
0.379337141755 1.18736520272 -0.468567
0.0935528324591 -0.0885117409889 0.750824
-1.08871558418 0.931242518391 -0.352227506973
0.197941808802 0.843967269788 -0.206688
0.725281222565 -0.482774072741 0.691978
-0.765892976254 -0.877793548031 -0.42394
-0.376562931137 0.495723871023 0.81134
0.617073724366 -0.660416957382 0.415934
-0.76336761276 -0.121995490153 0.33548
0.284167131895 0.0261279102827 0.703346
-0.580037267812 -0.403656018134 0.657822
-0.0233489438517 0.259974442946 0.752228
0.462697637604 1.16706181687 -0.413689
0.371992468462 0.248741855409 -0.215485
0.325606541587 0.0823390733054 0.483134
0.656501319482 -0.31446035942 0.732763
0.223778510106 0.807839749146 -0.019297
0.553141150878 -0.526031422922 0.378769
0.392154091627 0.970712811094 -0.384743
0.657670143186 -0.280133897381 0.730901
0.609734687331 -0.725952542406 0.525829
0.150908901204 0.4390558842 0.691101
0.0666235527378 0.257363378323 0.744415
-0.939929593961 -0.0153358122772 -0.334442
0.0858307942905 -0.126436703435 0.771408
0.169705194056 0.854480018413 -0.001052
0.310348319635 0.313979057651 0.500505
0.774925213994 -0.415008157297 0.688099
0.0458389808409 -0.0929285562164 0.755893
-0.139260214812 0.855230232473 -0.440186
-0.805264535993 -1.02268908987 -0.423737
0.701942819047 -0.0448813734027 0.518051
0.91558966575 -0.188986180036 0.587631
-0.391319241039 0.202953192541 0.706421
0.332155394196 0.958702018756 -0.364868
-0.409555219048 0.24762132318 -0.281603446505
-0.632399584454 -0.64545821096 -0.282227
-0.152079700183 -0.59639007666 -0.0155228207464
0.000315752422949 0.274960899239 0.753418
0.893457860214 -0.203737591687 0.615791
-0.912261344705 -0.20605899881 -0.351257
0.0454016306952 0.661645931111 0.568359
0.0483412260541 0.287159459626 0.759613
-0.593990056661 -0.360836957327 0.670326
-0.409454161874 0.0283225882634 0.776085
0.442302221324 -0.594284080366 0.623932
0.631652948758 -0.364685 0.351685
-0.514524558195 -0.625222676536 -0.283455
0.717923164637 -0.319172602918 0.663371
0.748783367791 -0.330999163123 0.689041
0.296013026574 0.769161601729 -0.313127
0.524587281015 -0.078250176278 0.363983
0.286886958675 0.352160194785 -0.225808890282
-0.270727617931 -0.198565989269 0.783268
-0.0832320834458 0.524985802652 0.784353
-0.225541008772 0.0920175136174 0.772583
-0.837653444125 -0.207500959904 -0.180723406423
0.162029405015 -0.385006838195 0.526917
0.754896218118 -0.328467395778 0.706314
-0.82061263857 -0.206360783337 0.221771
0.60056053665 -0.666524637502 0.621307
-0.0729311802143 0.272849490413 0.750244
-0.969877574343 -0.123389235883 -0.151749
-0.473294271097 0.304888825589 0.156987012889
-0.772516451946 -0.576265744453 -0.323669
-0.739482471918 -0.665801212668 -0.294327
-0.633178548325 -0.720507415961 -0.343765
-0.524950720605 0.0344627378986 -0.0504888852087
0.459847712447 0.209297013946 -0.139288736971
0.113326907805 -0.121602037818 0.808666
-0.402261143747 0.858287261119 0.0728
0.661573530338 -0.769816869684 -0.620188526096
-0.641122009341 -0.956829894029 -0.446014
0.0883875705005 -0.160444237136 0.798575
-0.566128642364 -0.775683572194 -0.347603
0.142293994419 0.377746427946 0.723328
0.215090558515 0.930691775576 -0.277306
0.0839026549133 -0.1591123388 0.76466
-0.849332682788 -0.990939359118 -0.416794
0.144936641856 0.144135783922 -0.590647146994
-0.482248101826 -0.569662214216 -0.410304
-0.402961767796 -0.29676625533 0.761902
0.526432746465 0.0227702636452 0.56459
-0.448797013654 -0.000789229934609 0.774231
0.111998176115 -0.342019738264 -0.268797210993
-0.165577945305 -0.559095255471 0.522229554799
0.695415123504 -0.488757673739 0.696785
0.529144704703 -0.230630953734 -0.721708982416
-0.127322416171 0.26460910625 0.736923
-0.445279888386 -0.835459390273 -0.257074
0.661375457779 -0.464128104248 0.648359
-0.232367952998 -0.00623310064292 0.675537
0.100073936225 0.873211142055 -0.30608
-0.317774221124 -0.204940187975 -0.0928225493928
-0.447343215291 -0.763225177305 -0.30188
-0.197733684924 0.633033211343 0.751961
-0.373468989068 0.898970735883 -0.218781
-0.138038500206 0.402248304242 0.811035
-0.399283668083 0.204356400249 0.622498
-0.811897415596 -1.03515357435 -0.43541
-0.104412045297 -0.497862967376 -0.117615
0.119786283624 1.07997392929 -0.298309
0.302554777228 0.645500246232 -0.397247
-0.608823494519 -0.370637225349 0.668034
0.20656834764 0.397336873348 0.5979
-0.925522643731 -0.247842242498 -0.286964
-0.59199919799 -0.192426688959 -0.628708
-0.379020385654 0.285869434944 0.73996
0.800596270389 -0.343650583336 0.69183
-0.562643800381 0.178716351176 0.773888
0.186371113098 0.352162236949 -0.5902
-0.110059940809 0.87037859064 0.197056
-0.290073833223 0.606327382912 0.782196
-0.340332676804 -0.0318554877 0.755371
0.321353402165 0.423536419734 0.537804
-0.200981800517 0.506763310107 0.757698
0.18108570966 1.25432364966 -0.42868
-0.499782822804 -0.630975241846 -0.304701
0.151544232487 0.374238310262 0.715836
-0.150011717047 0.493528084344 0.762726
-0.597623124299 -0.867083615064 -0.399902
-0.210961834899 0.486043383497 0.718094
0.293729902057 0.726041114064 -0.253479
0.377245023746 1.10217954803 -0.42394
-0.352231910861 -0.117814940832 0.0516998015281
0.891973871228 -0.18371393601 0.424072
0.28025466762 -0.263104676623 0.740876
-0.0896836935537 0.331327286155 0.800781
0.101136484521 -0.14985847031 0.809367
0.675546911776 -0.254570425907 0.725449
-0.023780492158 0.214060979353 0.757385
0.13598973498 -0.166680869706 0.819855
0.281081921497 1.11120416912 -0.427195
-0.816548547475 -0.655709541913 0.264484444984
-0.466219032491 0.39927294827 -0.697021
0.784865233467 -0.0877175385406 0.586151
-0.743860626934 -0.461682399599 0.495361
-0.0463192886345 0.939670638715 -0.21051
-0.726217602257 -0.41763578446 0.339478
-0.145458532879 0.546276430659 0.753716
-0.54040529556 -0.93100542859 -0.344574
-0.436754253383 0.409281442718 0.684044
0.285090496589 0.335343224848 -0.449992
-0.589596090746 -0.624360385116 -0.254852
0.13330171607 1.11751934497 -0.397373
0.118864859203 0.413155975373 0.714844
-0.821790078503 -0.799026169123 -0.427195
0.571029118806 -0.711388553627 0.494324
0.91477422844 -0.332006558888 0.5215
0.0809220687582 0.590113134543 0.676514
-0.775727811382 -0.493853982158 0.029408
-0.371422241039 0.237415807459 0.706421
0.426678347189 1.16926457582 -0.435242
0.181281696978 0.00750110964741 0.790939
0.219985645169 0.0214603143678 0.751031
-0.825886087774 -0.76539666529 -0.413452
-0.473904702212 -0.644931022177 -0.296257
0.149998986351 0.593271865443 -0.526029
0.55708578055 0.383258008477 0.672207973675
0.461552250669 -0.525226564008 -0.159163472625
-0.0909719434106 0.63832997195 0.635376
0.277451329597 -0.0859382005113 0.779785
-0.752138035606 -0.19175231463 -0.575598653693
0.400670595989 0.0657298293522 0.205462
-0.277066695897 0.840846405621 0.166016
0.682528914114 -0.633469243119 0.630341
-0.228729932533 0.426582135642 0.770859
-0.0505857431634 -0.121851077298 0.76473
-0.868344357702 -0.688098546006 -0.308022
0.113442395904 0.437561993438 0.731766
-0.287735166688 -0.709309927828 -0.165497
0.207640552397 0.320405986463 -0.580037
0.443168612437 -0.208361446939 0.286133
-0.219388252706 -0.364977600271 0.67952
-1.01845608709 -0.1688113041 -0.688851472916
0.687949725567 -0.154658122265 0.695206
0.0489811477683 0.514555836548 -0.620608
-0.506732407869 -0.0631722762709 0.759766
0.288059146632 1.17846707755 -0.438461
-0.442148798671 -0.279072183804 0.767413
0.247193977186 1.27879852781 -0.490382
-0.0272971244539 0.243735993545 0.768204
0.0318961217144 -0.275076296626 0.620468
0.0349145514707 -0.289196222929 0.580162
-0.643299508475 -0.899261433163 -0.486023
-0.860701416758 -0.913324583972 -0.4328
-0.750720006051 -0.356957192738 0.651794
0.00979214200617 0.65749448747 0.684532
0.266557708083 1.15669949355 -0.425629
-0.713297817825 -0.234686061401 0.439969
-0.310867127794 0.913298340257 -0.035526
-0.505242015327 -0.274774840665 0.719791
-0.572866240564 -0.237183434597 0.724358
0.747947170105 -0.4318275 0.660599
-0.608833949159 -0.026089333317 0.770859
0.405017862764 0.560527516279 -0.141186
0.195161163666 0.799089051133 0.417145
-0.416031902998 -0.745860393562 -0.281047
0.0681506386264 -0.102133631331 0.753164
0.170151626138 -0.239760473021 -0.0779600881124
-0.226736045709 -0.253864351074 0.739441
-0.668439199321 -0.0172066549946 0.790466
0.286121748299 0.648759405204 0.406708
-0.789272370449 -0.999047846628 -0.517782
-0.143739189786 -0.449265579747 -0.367421
0.484272704969 1.10764492973 -0.451172
-0.507250922229 0.0850696305128 0.804874
0.344183571005 1.10827143211 -0.420838
0.242415933105 -0.295379287299 -0.174477
0.0768095753597 0.390058087031 0.770172
0.41711000925 -0.107440271634 0.734985
0.317930178145 -0.442961861902 0.54683946106
-0.193206321664 -0.268695165466 0.719482
0.353542419225 -0.522534567271 0.442764
0.286372692983 0.204482054146 0.501
-0.546152159426 -0.344523288789 0.682465
0.802217873792 -0.360791883853 0.688568
0.781628109467 -0.414536401779 0.687103
-0.15000858532 0.162456954275 -1.23745934108
0.23702928056 -0.266719243189 0.735435
-0.281146637953 0.457619738688 0.632324
-0.616668946423 -0.908249946654 -0.424065
0.194376803803 -0.1122235 0.819865
0.679332968434 -0.694454783415 0.557526
-0.131565108559 0.316022547472 0.768509
-0.546854081172 -0.172399052916 0.743958
-0.168373924084 0.272699808816 0.717834
-0.0783187344111 0.595609972815 0.719543
0.115732251942 1.04364014044 -0.278679
-0.658256240638 0.170902746816 0.773819
0.441314838079 0.288866157764 -0.232040760711
0.160799636101 0.669313139565 0.631439
0.585213231038 -0.718802950581 0.528351
-0.563873490859 -0.629397535209 -0.269585
0.284225309927 0.19769667759 0.489282
0.74322611614 -0.181620605334 0.383762
-0.387026632336 -0.699767791088 -0.236847
0.471373976226 0.0215836761893 0.448318
-0.533881807271 0.0245395845696 0.774139
0.123559161417 0.310262745316 0.725708
-0.44501467818 0.169715967278 0.647119
0.384039233521 0.737013464559 -0.284332
0.314558475208 0.719513261012 -0.271759
0.265604234395 0.755398028677 -0.062308
-0.596135621883 -0.600957185302 -0.383911
0.571998858141 -0.237600915829 0.736389
0.464732177023 0.757149742517 -0.241074
-0.152532322967 0.758092266825 0.705696
-0.374194721486 -0.456382269538 0.642464
0.925429025633 -0.207519908805 0.584312
0.762396890865 -0.58305384949 0.596733
0.712139811165 -0.34765366497 0.655802
0.550028860507 0.808879932027 -0.267883
-0.746761149063 0.450367527136 -0.113289539455
-0.554092106675 -0.194579680834 0.712646
-0.606327767875 0.3500635 -0.643387
-0.419151290057 -0.0747453304359 0.798264
-0.209475956718 0.120941 0.773865
0.819789938722 -0.269336174599 0.678093
0.531522827345 1.03766654234 -0.488665
-0.192318925126 0.935769850424 0.026749
0.0172717474169 0.321571544062 0.786728
-0.149839394845 0.0724063908593 -0.0991494634952
-0.705182800533 -0.166724439147 0.424713
0.620680959665 -0.534919042569 0.69943
-0.549983299216 -0.227257017556 0.714722
0.402263916404 0.743159541263 -0.305878
0.517997639635 0.896282230048 -0.339096
0.319659714778 0.0784008671276 -0.429899
-0.390026482685 0.281950931806 0.240776040104
0.0926211522792 -0.312125458397 0.513652
-0.531285545825 -0.895821558695 -0.379482
-0.303953610705 0.572168903114 0.482697
-0.674148604996 -0.366755635705 -0.503693
0.190409838075 -0.370574486193 0.048173
0.076450060882 -0.0291273926139 -0.00139205489743
-0.00867882186724 -0.356094160424 0.446785
-0.32768209952 0.5334959549 0.790718
0.302317979785 0.731490101029 -0.295408
-0.442463083596 -0.719950541263 -0.305878
-0.321307709517 0.919598722253 -0.163765
0.685938173978 -0.528198231819 0.403267
-0.445042589306 0.40011562379 0.746075
0.099142964007 0.543790650873 0.681641
0.158601747722 0.0650947571867 1.0214922121
0.495393388078 0.644056517885 -0.176682
0.67416137622 -1.05677749825 -0.590413313352
0.740890607266 -0.622539825364 0.494442
-0.538012855442 -0.0320436007509 0.75926
0.214561729929 0.364551817598 -0.556478
0.113198461479 0.565682848625 -0.85777495991
-0.268271802936 0.348205607076 0.782555
0.455296198566 1.27367614841 -0.485153
-0.101448924697 -0.0866966919485 0.756848
-0.210730938979 0.527703306961 0.689774
-0.20089190026 0.190253021921 0.777134
-0.305745938679 0.1765225 0.805537
0.762853803281 -0.358706453971 0.680214
0.579968969237 -0.00596227846871 0.600891
-0.865294076444 -0.89485130389 -0.452126
0.158849121311 0.865494748848 -0.050016
0.233611668917 -0.0303407201954 0.817329
-0.393046012787 -0.367059663859 0.692991
0.275881959969 -0.108210428441 0.779053
-0.136511790198 0.559514643545 0.718636
0.386292914202 0.578052954002 -0.083906
0.260285085396 0.938360992358 -0.339104
-0.521426382896 -0.342834987582 0.676697
0.644195844122 -0.609012067956 0.658752
0.0817306138824 0.626065575778 0.676964
-0.0706090684498 0.83538950597 0.624237
0.253854339708 0.979788614096 -0.354752
0.630684314466 -0.585204723809 0.40049
-0.462290141144 0.4952499877 0.659424
-0.262954183037 -0.307044005083 0.728302
0.132316774305 -0.21440062421 0.76992
-0.0665339283475 0.251031855675 -0.74294
-0.496530528553 0.163811897037 0.575975
