-0.608347 0.325417 0.530317
-0.322177 -0.347034 -0.272218
0.464048 -0.707155 0.734314
1.095608 0.15581 -0.346525
0.341911 -0.691846 0.624881
0.304308 -0.598739 0.903898
0.16514 0.006545 0.798281
0.274908 -0.694726 0.663911
-0.484279 0.482945 0.618228
-0.94291 0.141116 -0.575789
-0.637193 0.517987 0.432777
0.236021 -0.294686 0.428651
-0.866493 0.050048 -0.463422
-0.135891 0.669768 0.470804
0.903137 0.123897 -0.276473
-0.800437 0.148927 -0.330333
0.58023 0.135108 0.413315
0.102421 0.378648 0.662781
-0.523336 0.862948 0.248041
0.327442 -0.437476 0.892638
-0.206197 0.517848 0.491353
0.907875 0.260423 -0.213882
-0.749857 0.475041 -0.163705
1.037452 0.199693 -0.324735
0.124317 0.697426 0.581437
0.78128 0.453725 0.042129
-0.174585 0.510649 0.602938
-0.633308 0.476198 0.457835
-0.696736 0.510948 -0.109018
-0.735568 -0.011326 -0.160314
0.340274 0.599187 0.635721
0.079307 0.038479 0.838718
0.145064 -0.379389 0.478385
0.046963 0.575359 0.53037
0.288685 -0.500082 0.851305
-0.569071 0.340868 0.549651
0.262369 -0.5946090000000001 0.920693
-0.801239 -0.001714 -0.389457
-0.134784 -0.304922 0.29052
0.604515 0.059632 -0.582026
-0.823556 0.032157 -0.408946
-0.615442 0.791029 0.329965
-0.195163 0.05338 0.59082
0.110711 0.088202 0.839421
-0.645882 0.492479 0.448573
-0.866883 0.120831 -0.458181
0.176685 0.029045 0.79814
0.203545 -0.55192 0.949217
-1.056759 -0.083661 -0.462841
-0.372746 -0.292222 -0.424442
-0.784785 0.101862 -0.08948399999999999
1.241729 0.18312 -0.386125
-0.548175 0.432511 0.5521200000000001
-0.727483 0.355177 0.44507
0.428059 -0.369103 0.6136
0.432755 0.272349 0.57085
0.933419 -0.117948 -0.28894
0.962577 -0.006027 -0.317844
0.923967 0.179178 -0.254303
0.147963 -0.449998 0.922752
-0.19522 0.007702 0.542077
0.695764 0.6649929999999999 -0.225232
1.085747 -0.121069 -0.377173
0.028109 0.855364 0.558589
0.178522 0.500816 0.678529
0.210926 -0.536017 0.562149
-0.504298 0.432626 -0.746721
-0.265224 -0.169502 0.318309
-0.968072 0.123434 -0.608522
-0.681767 0.5535600000000001 0.075201
-0.860835 0.483704 0.16634
-1.177582 -0.03262 -0.608302
0.380558 -0.520836 0.548215
-0.482754 0.340743 0.5852579999999999
-0.425309 0.741949 0.235514
0.257597 -0.664137 0.636466
0.779767 0.383358 -0.428827
-0.013086 0.03258 0.802266
0.331154 0.26617 0.658434
0.145338 -0.547771 0.962456
-0.007463 0.041418 0.8079730000000001
-0.413951 0.370368 0.630726
-0.210005 0.469063 0.6142300000000001
-0.044966 -0.067275 0.819391
0.7790280000000001 0.063385 -0.182226
0.035835 -0.058323 0.831381
-0.090944 -0.63005 0.85737
0.84912 -0.07915999999999999 -0.283969
-0.247796 0.310676 0.671712
-0.983097 0.210173 -0.6891699999999999
0.823796 -0.064404 -0.252404
0.407631 -0.617259 0.568526
0.264463 -0.302359 0.461237
0.379919 -0.718554 0.7656539999999999
-0.634491 0.460928 0.471331
0.123049 0.215697 0.733714
-0.6641010000000001 0.545341 0.029059
0.128323 0.478661 0.635625
-0.772936 0.077163 -0.195057
0.14972 -0.456675 0.93612
-1.020179 0.160712 -0.662845
-0.914175 0.11323 -0.538274
0.259512 0.448231 0.698847
0.801745 0.215692 0.008817999999999999
-0.855678 0.017468 -0.434905
-0.650702 0.69004 0.388931
-1.146368 0.008085999999999999 -0.655902
-0.688131 0.660314 0.383129
0.289912 0.672438 0.596239
-0.816953 -0.049507 -0.362543
0.443115 0.410212 0.617522
1.331906 0.042571 -0.444959
0.194905 0.090959 0.790523
-0.519535 0.469215 0.596211
0.114691 0.66662 0.589091
-1.246656 -0.02775 -0.693251
-0.619527 0.792137 0.297562
0.191907 0.781187 0.378337
0.140628 0.466324 0.633722
-0.418256 0.297154 0.624731
-0.7976490000000001 0.158672 -0.555198
0.282627 -0.020756 0.627035
-0.225536 0.701536 0.546462
-0.334555 0.6838610000000001 0.284576
-0.024928 -0.416138 -0.025924
0.056561 -0.659748 0.747647
0.140683 0.684265 -0.672009
-0.648968 0.437075 0.481434
-0.6273879999999999 0.570252 0.277613
0.160175 -0.48233 0.893804
0.193886 -0.361595 0.919939
0.579898 0.187402 0.521406
0.060469 0.002592 0.815004
0.310431 -0.550304 0.896711
0.450869 -0.240519 -0.315966
0.392086 0.262103 0.580605
-0.163009 -0.248395 0.637216
-1.135213 -0.115208 -0.460846
0.29456 0.6315539999999999 0.636817
0.9991370000000001 0.317301 -0.319461
0.274649 -0.556444 0.8751640000000001
0.314297 0.617013 0.645169
0.411648 0.647796 0.57331
0.137548 -0.355584 0.9331390000000001
0.677599 0.6868610000000001 -0.169673
-0.470094 0.844217 0.419244
-0.122142 -0.382298 -0.479832
0.248225 -0.297434 0.878547
0.144153 0.695411 0.58263
-0.977778 0.19751 -0.73627
0.304996 0.026425 0.499861
0.218049 0.84833 0.056948
0.666558 0.664658 0.015092
0.13831 -0.5020559999999999 0.965703
0.546138 0.561341 0.5642200000000001
0.158954 0.620927 0.6476730000000001
0.182252 -0.402608 0.497878
0.770028 0.443406 0.081875
-1.193691 -0.127758 -0.542238
-0.40945 0.5672160000000001 0.6028520000000001
-0.012805 0.621907 0.599853
-0.012396 -0.451768 0.954857
0.256462 0.34815 0.647231
-0.81111 -0.06535199999999999 -0.289988
-0.250012 0.437898 -0.82254
0.364491 0.542002 0.666371
-0.959163 -0.123789 -0.254527
-0.251652 0.338083 -0.841625
0.19457 0.832008 0.386311
0.273803 0.389396 0.655415
-0.015339 -0.333039 0.336516
-0.570778 0.647155 -0.240698
0.403446 0.38596 0.630088
0.566304 0.611943 0.567051
0.318048 -0.466142 0.878757
-0.759603 0.447368 -0.358695
-0.017578 0.708251 0.588487
-0.881464 -0.067359 -0.361931
-1.060048 -0.005951 -0.538511
0.082679 0.5787910000000001 0.614725
-0.072106 0.830906 0.470197
0.111059 0.689674 0.58378
0.08730300000000001 0.088904 0.841774
0.229752 -0.55476 0.892498
-0.022124 0.175205 0.77571
-0.809486 0.179853 -0.53444
0.159806 0.7609590000000001 0.560772
-1.112755 0.100518 -0.687215
0.813816 0.371609 -0.361835
-0.212851 0.487945 0.607216
1.025226 -0.176022 -0.282165
0.207745 0.403499 0.671878
-0.814176 0.338744 -0.104052
1.137383 0.36917 -0.325316
0.8041160000000001 -0.004995 -0.286571
-0.299978 0.050966 0.503926
0.18617 0.078206 0.819623
-0.885813 0.524981 0.269314
-0.659204 0.540872 0.423035
-0.797356 0.356078 0.372989
-0.601943 0.755788 0.21603
-0.400678 0.501367 0.643016
-0.704608 0.511357 0.407799
-0.817455 -0.016665 -0.393897
0.206337 -0.354519 -0.466534
-1.251631 -0.077125 -0.517537
-0.931 -0.141938 -0.157634
-0.109304 0.588861 0.60604
-1.111279 0.07387100000000001 -0.685509
0.137143 -0.427901 0.9559
0.499181 0.7093120000000001 -0.477763
-0.437572 0.704893 -0.521122
0.180583 0.20415 0.7345429999999999
-0.189729 0.464796 0.614188
-0.52424 0.550535 0.559523
0.973808 -0.041068 -0.320557
0.261733 0.015593 0.660324
0.043042 -0.367932 0.94384
0.383129 -0.255224 -0.499171
-0.8009579999999999 -0.053547 -0.309583
-0.186444 0.6933049999999999 0.513988
0.032301 -0.623499 0.9386
1.282146 0.318014 -0.320309
0.78667 0.133704 -0.06306
0.357032 0.645363 0.587923
0.22819 -0.388975 0.918781
0.235887 0.084041 -0.8309569999999999
-0.802754 0.068638 -0.369116
0.262691 -0.427438 0.917972
0.095869 -0.444081 0.96182
-0.007121 0.175356 0.7929349999999999
0.976413 -0.152411 -0.248087
-0.548094 0.616377 0.462027
-0.852965 -0.10697 -0.178494
0.281127 -0.257911 0.849886
-0.438306 0.636784 0.482815
0.17561 0.814936 -0.473751
-0.815228 0.322645 0.326233
-0.359123 0.427813 0.657619
0.151704 -0.493587 0.963412
0.91164 -0.124409 -0.224043
0.149282 0.585419 0.658585
0.319785 0.45203 0.700927
0.831056 0.320289 -0.09284299999999999
-0.9986350000000001 0.007941 -0.514435
0.07342600000000001 0.618416 0.603895
0.68348 0.554621 0.341024
0.294343 -0.54774 0.866865
0.299667 0.504984 0.698852
0.06952999999999999 -0.610658 0.670613
0.071977 0.643169 0.507285
-0.393941 0.452615 -0.788515
0.48925 0.562168 0.468556
-0.37272 0.576817 0.5922500000000001
1.144914 0.11831 -0.354922
-0.07521600000000001 0.787867 0.537758
-1.039156 0.023051 -0.557913
-0.631015 -0.061076 -0.524593
0.083263 0.641548 0.532541
0.009024000000000001 -0.373436 0.18533
0.014163 0.718943 0.5787910000000001
0.274242 0.643648 0.618073
0.284293 -0.433342 0.908796
-0.38083 0.684264 0.483576
0.161472 -0.559667 0.95763
0.158851 0.69836 0.581515
-0.564452 0.443532 -0.696206
-0.795609 -0.050362 -0.331754
-0.498806 -0.208919 -0.18582
0.454003 0.226581 0.606611
-1.033969 -0.091511 -0.437052
0.339411 0.476094 0.694587
0.220971 0.819069 0.574311
0.706423 -0.184804 -0.281318
0.288564 0.662771 0.589051
1.129601 0.191085 -0.36498
0.986262 0.118154 -0.317759
0.121293 -0.662368 0.902184
0.01915 0.149256 0.825064
0.907969 0.114457 -0.286958
0.033448 0.106012 0.844449
-0.779165 -0.045343 -0.293491
0.130568 0.670099 0.587275
-0.778484 0.080822 -0.551845
0.499831 -0.630404 0.736088
0.428637 0.586396 0.567729
0.370108 0.437941 0.670088
1.014159 0.192964 -0.314136
0.1843 0.297179 0.696908
-0.298541 0.400387 0.631055
-0.5147040000000001 0.344321 0.584391
-0.319697 0.184294 0.648409
0.194464 0.086109 0.781575
0.158425 -0.429073 0.938859
-0.343229 -0.011312 0.404187
-0.771501 0.244503 -0.457655
0.908574 -0.057812 -0.303883
0.308609 -0.177616 0.301366
0.901946 0.041781 -0.304787
-0.171857 -0.212753 0.665772
-0.169026 0.651323 0.5828100000000001
0.8099499999999999 0.074033 -0.22627
0.048008 -0.09590700000000001 0.846453
0.3284 0.467832 0.698839
-1.111259 0.086636 -0.68468
-0.040227 0.06830799999999999 0.792709
-1.135587 0.03073 -0.681311
-0.66761 -0.173231 -0.20317
-0.384921 0.651965 -0.649416
-0.010965 0.422958 0.63702
0.792362 -0.00182 -0.268016
1.264008 0.120276 -0.400028
0.269222 0.017246 0.540937
0.8203510000000001 -0.11389 -0.256502
0.072701 0.828792 0.560272
-0.739072 -0.001063 -0.103233
-0.636535 0.576919 0.421049
0.013474 0.058493 0.834375
-0.406788 0.599823 0.554267
-0.454279 0.64149 0.476028
0.092002 -0.332858 0.36193
0.08565200000000001 0.631571 0.5990760000000001
-0.40311 0.600787 0.543907
0.872436 0.164899 -0.350563
0.6049870000000001 0.482326 0.556847
0.185333 -0.471875 0.890796
0.187026 0.041541 0.793978
0.104122 0.018097 0.828838
0.162053 0.709223 0.436123
1.182702 0.260195 -0.336004
0.743293 0.31757 0.271822
0.221908 0.552493 0.692043
0.181643 0.579294 0.678739
1.038142 -0.002739 -0.34389
-1.086714 -0.02055 -0.546253
-0.893859 -0.087669 -0.338226
0.667892 -0.09223099999999999 -0.05343
-0.910448 -0.102238 -0.313682
-0.286943 0.065317 0.5345529999999999
0.9659489999999999 -0.2167 -0.358053
-0.83536 -0.120254 -0.264744
0.193008 0.698727 0.583402
-0.501516 0.6257 0.466731
0.201256 0.09121 0.749577
0.293648 -0.484517 0.854502
0.167566 0.351378 0.607888
-0.050126 0.151662 0.793288
0.303388 -0.462901 0.871374
0.439019 -0.722557 0.725173
-0.607414 0.428117 0.502595
-0.073495 0.04893 0.7698739999999999
0.518212 0.5054 0.582435
1.236282 -0.060934 -0.359725
-0.919899 0.020577 -0.478295
-0.368789 0.367039 0.632297
0.716612 0.635269 -0.023904
0.232405 0.354984 0.665669
0.193376 0.061511 0.798548
-0.543899 0.821222 0.220207
-1.032978 -0.168272 -0.419986
-0.487204 0.319998 0.570827
0.466135 0.534525 0.547589
0.698267 0.667391 -0.094598
-0.754616 0.651628 0.342421
0.210669 -0.542751 0.888547
0.263501 -0.339857 0.888101
0.095065 0.793206 0.559704
0.7945680000000001 -0.100408 -0.223592
-0.87496 -0.102259 -0.312644
0.786792 0.215575 -0.430664
-0.113321 -0.269699 0.426711
0.68988 0.001251 0.074221
0.086573 0.467969 0.592845
-0.897405 0.12166 -0.506572
0.353547 -0.702599 0.805871
-0.511561 0.353961 0.587686
0.299593 -0.567484 0.911799
-0.062352 -0.149786 0.842288
-1.128953 0.027087 -0.673654
-0.034161 -0.407268 0.578885
-0.044456 0.806567 0.41866
-0.951761 0.103071 -0.596212
-0.048423 0.085706 0.787548
0.403739 -0.389375 0.8142
0.166415 -0.508387 0.923731
0.481388 0.488281 0.585257
1.042284 0.284462 -0.35954
-0.774725 0.07523100000000001 -0.278409
0.169572 -0.657478 0.9048349999999999
1.032426 0.343024 -0.248953
0.495813 0.693711 0.58339
-0.303972 0.6239170000000001 0.536929
0.857782 -0.172377 -0.175202
-0.606002 0.360504 0.525124
0.244926 -0.04694 0.774176
-0.119364 -0.120779 -0.764287
-0.306471 0.569337 0.550643
0.918621 0.245358 -0.329599
1.034125 0.05336 -0.335081
0.6590200000000001 -0.062185 0.015212
0.314665 -0.097966 0.570302
-0.427186 -0.258503 -0.186078
-0.542774 0.554588 0.539034
0.191633 -0.588635 0.595276
0.160983 -0.490727 0.937005
-0.139195 -0.257295 0.558902
0.174558 0.910614 0.5020210000000001
-0.948678 -0.123856 -0.213213
-0.28205 0.521435 0.568981
1.25599 0.1961 -0.358885
0.370069 -0.727896 0.743487
0.667099 0.622933 0.418856
0.102117 0.157989 0.807975
0.428741 -0.585522 0.575462
-0.005518 -0.344135 0.482512
0.386438 0.727006 0.183523
0.924238 0.010254 -0.309578
0.923163 0.13097 -0.287767
-0.704784 -0.052932 -0.471286
0.099191 0.679561 0.5865899999999999
-0.264708 0.048364 0.520572
0.005228 0.092372 0.845449
-0.227726 0.576549 0.57353
-0.576017 0.605783 0.452937
-0.912779 0.06289400000000001 -0.517211
-0.165964 -0.109943 0.694778
-0.696068 0.634336 0.17967
0.693882 0.132608 0.217013
-0.050982 0.677381 0.372252
0.373145 0.354113 0.655232
-0.149597 -0.376197 0.699389
0.429762 0.308586 0.6271
-0.197864 -0.067144 0.513227
-1.038489 -0.137602 -0.361062
0.219459 -0.584846 0.937157
0.667772 0.04801 -0.514205
0.104479 0.010881 0.822727
-0.177441 -0.086754 0.555909
-0.053101 0.764014 0.428913
-1.056186 0.177127 -0.709136
0.806798 0.293901 0.023353
0.865984 0.010999 -0.302232
0.034897 0.585164 0.606742
-0.09492200000000001 -0.364366 0.8924299999999999
0.989791 -0.090519 -0.397385
1.248259 0.049539 -0.40607
0.364352 0.371431 0.647878
-0.115647 -0.533442 0.891117
0.445605 0.638391 -0.584683
-0.33383 0.369739 0.648024
-1.165238 0.062436 -0.654332
-0.512599 0.120245 0.450705
0.992534 -0.132637 -0.281587
0.71202 0.519047 0.363698
0.222849 0.580524 0.683138
-0.074043 -0.351993 0.564737
0.471547 0.587906 0.576531
-0.534245 0.674845 -0.401645
0.354876 0.671724 0.473033
-0.581553 0.095634 0.324833
-0.479492 0.645907 0.388266
0.825149 -0.113257 -0.201622
-0.275864 0.702391 0.544311
0.618633 0.652636 -0.431142
-0.723115 0.236321 0.383054
-0.673925 0.453692 0.457365
-0.77057 -0.018093 -0.343555
0.999555 0.023134 -0.327597
-0.845563 0.05736 -0.435763
0.669718 0.376116 0.516575
0.411918 0.608637 0.534196
0.214518 -0.433703 0.92815
-0.154875 0.260024 0.718965
-1.032194 -0.130019 -0.385989
0.005238 0.387254 0.647719
0.85601 0.022678 -0.299709
-0.158431 -0.215824 0.575244
-0.02073 0.928091 0.505302
0.133489 -0.682514 0.72743
0.105232 0.121534 0.832972
-0.479186 0.639965 0.417824
0.274121 -0.371002 0.895537
0.034515 -0.482986 0.9655899999999999
0.006886 0.886702 0.549526
0.124059 0.460163 0.653176
0.077255 0.47868 0.637252
0.273379 -0.517479 0.856312
-0.069108 0.126695 0.76975
-0.239822 0.7343 0.456905
-0.812349 -0.100693 -0.246415
-0.155503 -0.389547 -0.004725
-0.922544 -0.195114 -0.272904
0.96744 -0.180749 -0.246175
1.273732 0.358143 -0.331048
0.181024 0.41131 0.6711009999999999
-0.931227 0.029207 -0.495995
-0.421898 0.421319 0.650367
-0.868734 -0.112486 -0.217035
-0.203396 0.6846449999999999 -0.677772
-0.165838 0.053467 0.624281
-0.468857 0.41673 0.619309
0.615797 0.7330100000000001 -0.12841
0.200657 0.680108 0.583684
-0.516427 0.103461 0.408787
0.055386 0.590988 -0.766574
0.271996 -0.001372 0.626291
0.030848 -0.431644 -0.240799
-0.991267 0.075457 -0.622659
-0.595819 0.26053 -0.722878
0.167649 0.617563 0.659987
0.343967 -0.149355 0.726217
-0.655084 0.493698 0.447709
-0.780038 0.373025 0.395476
0.217173 -0.326381 -0.525617
-0.346048 0.793917 0.301376
-0.158395 0.312626 0.6895790000000001
0.08799700000000001 0.405055 0.567486
-1.058181 0.068591 -0.684386
0.73028 -0.028503 -0.12961
-0.07184400000000001 -0.310784 0.500078
-0.346738 0.732468 0.503451
-0.417585 0.323465 0.629405
0.388332 0.764611 0.124558
-0.889656 -0.077677 -0.351439
0.5373599999999999 0.161829 0.532573
0.353215 -0.292242 0.532245
0.755885 -0.016649 -0.384425
-0.684182 -0.14476 -0.340461
-0.710075 0.293898 -0.589669
-0.513931 0.493423 0.595718
0.173003 0.051434 0.817477
0.180376 0.504924 0.684835
-0.946835 -0.069481 -0.388579
0.43344 0.056747 0.436285
-0.176881 -0.301862 -0.593957
0.247713 0.64864 0.627271
0.077711 0.561319 0.621669
-0.873385 -0.08368100000000001 -0.339664
1.025051 -0.191606 -0.291563
-0.508561 0.193522 0.566823
0.050309 0.151885 0.753324
-0.098714 -0.29109 0.513883
0.995517 -0.029536 -0.329341
0.794335 0.016062 -0.254978
0.498894 0.367144 0.560696
-0.262794 0.5596989999999999 0.508765
-0.5849299999999999 -0.179824 -0.246587
0.534534 -0.202694 -0.2934
-0.816126 -0.035047 -0.37851
0.640223 0.153075 -0.581205
-1.170271 -0.072648 -0.525664
-0.938766 -0.044516 -0.539353
-0.003546 0.103807 0.845114
0.526594 0.431283 0.518478
1.320631 -0.031428 -0.410791
0.810061 0.229035 -0.388127
0.762498 -0.010777 -0.20584
-1.094938 0.000681 -0.580532
0.384875 0.284492 0.600871
0.882493 0.257693 -0.205888
-0.99173 0.096291 -0.738526
-0.671932 0.68498 0.209858
-0.153109 -0.248425 0.593141
-0.703642 0.674276 0.370492
-0.570894 0.60205 0.454134
-0.832294 0.086074 -0.408905
-0.51148 0.130558 0.484191
1.280582 0.146172 -0.34967
0.275893 -0.372584 0.496349
0.237168 -0.317366 0.450978
-0.474974 0.656718 0.463217
1.26536 0.109098 -0.379618
1.076196 0.37255 -0.273083
0.812806 -0.02703 -0.269551
0.361039 0.452645 0.683589
1.351008 0.112564 -0.436328
0.842764 -0.104916 -0.28197
-0.713869 0.529902 0.06578299999999999
0.316268 0.790268 0.413467
0.315656 -0.083491 0.417766
0.216283 0.471825 0.6950730000000001
0.733192 0.007257 -0.018679
-0.565007 0.213443 0.543249
0.249996 0.734463 0.568639
-0.328287 0.471174 0.651752
0.8019810000000001 0.151984 -0.129822
0.942647 0.024647 -0.312997
-0.329301 0.507922 0.638242
-0.25279 0.4137 0.645338
0.761182 0.596039 -0.184883
0.211879 -0.288082 0.346991
0.084733 0.238751 0.71901
0.282205 0.308278 -0.827468
-0.61227 0.59507 0.429625
-0.855623 -0.063065 -0.358938
-0.226611 0.427342 0.633291
0.70485 0.405063 0.490259
0.128549 0.462773 0.650873
0.119875 0.643917 0.58762
-0.052341 -0.480022 0.64141
-0.964348 -0.017145 -0.464485
-0.110026 0.69965 0.529178
0.229421 0.880174 -0.016975
-0.356511 0.561311 0.604191
-0.037831 0.10807 0.828321
-0.72278 -0.143501 -0.08065
-0.041074 0.104343 0.820585
0.376376 0.639863 0.5285069999999999
0.065484 0.419367 0.64498
0.215391 -0.650718 0.902837
-0.283645 0.411007 0.627976
0.16335 -0.487613 0.95491
-0.175268 0.347807 0.551418
0.096397 0.54172 0.6222839999999999
-0.7133620000000001 0.478146 -0.443051
0.180801 0.106231 0.821303
0.501359 -0.683357 0.675768
-0.647046 0.736809 0.237198
0.298833 0.845122 0.493274
1.097366 0.042519 -0.354586
1.011304 0.276286 -0.260511
-0.936025 0.174354 -0.572308
0.635849 0.052543 -0.548562
-1.115818 -0.034922 -0.557622
0.137612 0.051084 0.833055
-0.060632 0.177463 0.758033
-0.896624 0.001801 -0.44375
0.179828 0.017952 0.791791
0.07016799999999999 0.658766 0.590467
0.146241 0.154993 0.802105
0.06593 -0.462377 0.964771
-0.299158 0.49192 0.613683
0.223585 0.388249 0.658212
0.443816 -0.714178 0.620851
0.896721 -0.029465 -0.304903
-0.046429 -0.434121 -0.236515
0.469879 -0.439002 0.695591
0.357552 0.457396 0.688252
0.380738 -0.205286 0.70194
0.058567 0.709152 0.361746
0.621447 0.612741 0.556828
0.147193 -0.469724 0.902604
-0.055061 0.081707 0.782031
1.102556 0.187086 -0.355419
-1.152584 -0.111266 -0.40311
1.179056 0.186164 -0.378977
-0.33033 0.125067 0.605827
-0.485624 0.706887 0.431323
-0.828689 0.340636 0.217382
-0.725542 0.32363 -0.548274
0.726127 0.184762 0.209341
-0.929554 -0.07546799999999999 -0.368875
0.432838 -0.673188 0.795777
-0.282334 0.641168 0.538916
-0.047478 0.120527 0.812694
1.242786 -0.018129 -0.451241
0.844137 0.211273 -0.184218
-0.19371 0.1735 0.6979340000000001
-0.512245 0.645103 0.461391
0.064252 0.581437 0.6136160000000001
0.382248 0.712776 0.356128
1.084273 0.132542 -0.341036
0.167399 0.085782 0.829674
0.203214 0.7199179999999999 0.572475
-0.535851 0.640431 0.451007
-0.330247 0.632274 0.527045
0.878766 -0.039233 -0.301883
-0.471171 0.402271 0.612998
0.797747 0.519933 -0.225354
-0.445626 0.633273 0.458575
-0.946713 0.09760000000000001 -0.702495
-0.078168 -0.632055 0.805341
-1.037023 -0.159101 -0.241657
0.334381 0.806832 0.568452
0.786684 0.287787 0.105034
0.102168 0.443116 0.647362
0.056904 0.029383 0.8305900000000001
-1.091238 -0.160107 -0.461603
-0.026716 0.837757 0.559669
0.067554 0.147442 0.790509
0.743308 0.544552 -0.380906
-0.780756 -0.042971 -0.323679
0.799315 -0.020971 -0.258197
-0.27098 0.741936 0.376057
-0.487635 0.558442 -0.6684
0.154439 0.541358 0.664699
-0.445141 0.582568 0.581414
-0.136522 0.757943 -0.5857869999999999
-0.800962 0.250311 0.085567
-0.776491 -6.999999999999999e-05 -0.342431
0.341248 -0.45582 0.889061
1.167956 0.013552 -0.385473
-0.278233 0.022216 0.495622
0.265858 -0.350702 -0.390414
0.438658 0.250107 0.618474
-0.652088 0.756332 0.296128
0.7067 0.462368 0.495568
0.180795 0.645052 0.621434
-0.02229 0.176553 0.784529
-0.829499 -0.043676 -0.373327
-0.8553539999999999 -0.118175 -0.25013
0.09220200000000001 -0.420868 0.9578140000000001
-0.020601 0.163385 0.812789
0.28088 0.578936 0.679338
-0.451288 0.313972 0.614004
-0.383138 -0.240772 -0.525509
0.68126 0.474117 0.516827
0.764384 0.529721 0.0231
1.351897 0.236977 -0.345545
-0.350379 0.447796 0.66527
0.126495 -0.40708 0.952431
0.172164 0.633871 0.64945
0.351996 -0.043304 0.399832
0.154745 -0.495729 0.9157650000000001
0.402626 0.06798 0.501414
-0.49777 0.609232 0.487955
-0.694085 -0.105062 -0.409082
-0.452047 -0.224416 -0.096831
0.276428 0.76934 0.576332
-0.403833 0.279733 0.589477
0.807063 -0.056213 -0.240119
0.885684 -0.10992 -0.278192
0.306811 0.692786 0.468032
-0.257105 0.479298 0.60522
0.041863 0.6736529999999999 0.58264
0.6828109999999999 0.5355259999999999 0.218351
-0.400826 0.579342 0.594364
-0.377759 0.542202 0.62339
0.054527 -0.530261 0.968012
-0.278747 0.562147 0.57189
0.971913 0.113662 -0.380014
0.379485 -0.572222 0.872387
0.996228 0.274363 -0.346918
1.133353 0.181016 -0.363727
-0.424001 0.358787 0.617608
-0.107934 0.007436 0.738155
0.107545 -0.419376 -0.240112
0.857637 -0.110429 -0.286197
0.5025810000000001 -0.583382 0.7009339999999999
-0.34288 0.7547469999999999 0.504766
-0.356026 0.453624 0.666394
0.0221 0.164721 0.799382
-0.951745 0.210338 -0.633262
0.819311 -0.005234 -0.354141
-0.800028 0.146752 -0.2094
0.721606 0.315601 0.444188
0.07724399999999999 0.155747 0.793885
0.375772 0.576979 0.617888
-0.656223 0.558972 0.415535
0.038974 -0.568458 0.963406
-0.445435 0.715076 0.446157
-0.982206 -0.158304 -0.192441
-0.174361 -0.142846 0.673074
-0.629715 0.315305 0.519134
1.078239 0.246528 -0.313833
-0.041991 0.903718 0.509186
-0.8587590000000001 -0.088115 -0.329159
-0.253873 0.452673 0.618142
0.198486 0.491498 0.69536
-0.399397 0.543847 0.620024
-0.780389 -0.004765 -0.35642
0.242452 0.399844 0.656991
-0.464511 0.441556 0.637505
0.848429 -0.002548 -0.300707
0.671444 0.312189 0.503227
-0.9904269999999999 0.151156 -0.631386
-0.343785 0.4383 0.656497
-0.139651 0.331238 0.677509
0.497152 0.507816 0.585607
0.248615 -0.469872 0.879408
1.108517 -0.074457 -0.385615
1.196529 -0.049752 -0.377896
-0.483523 0.698281 -0.089867
-0.848136 0.528308 0.32332
-0.265316 0.465399 0.596352
-0.275423 0.543221 0.578936
0.156681 0.620254 0.640076
0.747714 0.242364 0.207972
-0.451881 0.557744 0.596511
0.136735 0.465548 0.640415
1.044568 0.188354 -0.332364
-0.091679 -0.40718 -0.015642
0.420871 0.397499 0.622241
-0.492958 0.651877 0.461901
0.341734 -0.612015 0.570767
-0.843525 -0.115304 -0.288809
0.215982 0.7462299999999999 0.566019
0.501789 0.529488 0.582323
-0.348462 0.839858 0.379424
0.06127 0.542216 0.566001
-0.525419 0.38832 0.554659
0.044483 -0.333085 0.372687
-0.628546 0.488591 0.446332
-0.581398 0.526942 0.482735
-0.306343 0.587404 0.507751
0.541573 0.743404 -0.390387
0.293024 -0.517941 0.848159
0.331401 0.423234 0.679813
0.939118 -0.10577 -0.297396
0.151203 -0.433139 0.9492159999999999
0.962422 0.338007 -0.255898
0.861199 0.150092 -0.22918
-0.356109 0.34522 0.646332
0.176193 0.120495 0.815944
1.025259 -0.044068 -0.34497
0.747459 -0.194 -0.273701
0.655312 -0.178483 -0.155165
-1.072255 -0.134468 -0.40925
0.480981 0.590406 0.573449
0.07011100000000001 0.5206769999999999 0.629598
0.134807 -0.331435 0.309186
1.063568 0.161926 -0.339325
-0.333861 0.596353 0.532341
0.788001 -0.197552 -0.173019
0.39909 0.776966 0.57229
0.174497 0.133571 0.802206
-0.680014 0.543838 0.405828
-0.511582 0.670857 -0.47398
0.314851 -0.194272 0.25901
0.313299 0.696269 0.441532
0.07834099999999999 0.719818 0.5686909999999999
0.748856 -0.01948 -0.181923
0.181399 -0.521065 0.931931
0.16053 0.333457 0.5891150000000001
-0.4254 0.6478930000000001 0.486607
-0.850258 0.184015 -0.471901
-1.085757 0.07928300000000001 -0.691713
-0.325823 0.6064000000000001 0.538817
-0.808321 0.281864 -0.321362
0.474263 -0.720747 0.665036
0.078638 -0.61791 0.943058
1.031964 -0.208467 -0.388304
-0.032935 0.7808310000000001 -0.5553979999999999
-0.38248 -0.210532 0.08407199999999999
0.30984 -0.519354 0.855522
0.170431 -0.435006 0.925111
0.163329 -0.536145 0.961101
-0.918277 0.21568 -0.615496
0.3237 -0.598251 0.89598
-1.083792 0.119374 -0.689747
-0.038526 0.721241 0.589438
-0.858982 -0.117894 -0.264279
-0.807231 0.444634 0.068144
0.057102 0.665585 0.586148
0.161779 0.187831 -0.870765
0.199682 -0.106508 0.823807
0.107534 -0.355997 0.938289
0.352542 0.631582 0.573291
-0.004408 0.671262 0.590059
0.189231 -0.442814 0.519875
-0.900245 0.110015 -0.515012
0.261423 0.681229 0.595393
0.935188 -0.140133 -0.223543
-0.9331660000000001 0.103874 -0.570817
-0.206307 0.621767 0.577285
0.159326 0.5674129999999999 0.6752280000000001
0.307023 0.373773 0.662373
0.65605 -0.140702 -0.361903
0.290332 -0.064223 0.537469
0.155369 0.639339 0.610865
-0.723927 -0.147414 -0.314559
-1.168226 -0.081271 -0.546189
0.592571 -0.028976 -0.537304
-0.113356 -0.587759 0.873909
-0.102674 -0.31411 0.8712839999999999
0.125529 0.019661 0.8253779999999999
0.07797 0.749377 0.562615
-0.034104 0.079378 0.8085830000000001
-0.128015 -0.005521 0.710645
-0.9600610000000001 0.172373 -0.602861
0.161398 -0.58207 0.950743
0.372542 0.664784 0.5768720000000001
-0.664857 -0.167928 -0.142536
-0.088882 -0.421652 0.628586
-0.819273 0.282653 -0.05128
-1.176117 -0.020746 -0.595869
-0.224398 0.441354 0.627586
-0.479463 0.663233 0.199832
-0.179415 0.03171 0.575564
0.87738 -0.117296 -0.267744
0.470762 0.388878 0.619336
-0.730534 0.063282 -0.551528
-0.845458 0.555679 0.320875
0.209415 0.705244 0.48974
0.222499 -0.10859 0.816089
-0.247468 0.546758 0.5817639999999999
0.384953 0.695022 0.321725
-0.529272 0.386105 0.559808
0.530559 0.387269 0.589198
0.067262 -0.549995 0.967049
0.231551 -0.479673 0.535059
-0.269629 0.597176 -0.746218
0.44593 -0.375208 0.725014
-0.085588 -0.318599 0.539177
-1.157298 -0.076543 -0.546865
0.877028 -0.118882 -0.205268
0.276626 0.299324 0.668386
0.328556 -0.580661 0.899632
0.064733 0.287247 -0.877815
-1.201222 0.004996 -0.587884
0.044489 0.147109 0.769956
-0.127829 0.012435 0.704022
-0.631162 0.44283 0.486659
-1.107374 -0.129103 -0.434563
-0.257877 0.429534 0.6311560000000001
-0.7776 0.459274 0.391248
-0.054942 0.81891 0.551168
0.260266 0.507061 0.703824
-0.103143 0.302143 0.6950769999999999
-0.397132 0.605317 0.529415
-0.190233 0.407859 0.63473
-0.79604 0.541675 0.361775
0.144036 0.151437 0.746868
-0.096357 -0.313118 -0.6137010000000001
0.41712 -0.119377 0.192313
0.131139 -0.343748 0.249773
0.376718 0.536849 -0.697765
0.036069 -0.340151 0.330891
1.126033 -0.10632 -0.392696
-0.842379 -0.067427 -0.348438
-0.438055 0.80858 0.446587
0.147279 -0.001738 0.804639
-0.038209 0.577635 0.609877
-0.618725 0.461115 0.467015
0.217882 0.6698460000000001 0.584748
-0.157891 0.413579 0.631124
1.003967 -0.130766 -0.330394
-0.798849 0.292193 0.246226
-0.538336 0.570161 0.526136
-0.7974329999999999 0.276893 -0.369529
-0.077351 -0.045225 0.791658
-0.442372 0.694004 0.451906
-0.8691680000000001 0.005077 -0.432182
-0.473527 0.650454 0.467838
-1.05617 0.025267 -0.577667
0.06973799999999999 0.074459 0.8441340000000001
0.44701 -0.380122 0.652859
0.6383180000000001 0.626022 0.122324
-0.109451 0.073006 0.7268
0.436767 -0.6455109999999999 0.809958
0.454714 0.636415 0.5668879999999999
0.17829 -0.370656 0.473778
0.07321999999999999 -0.035967 0.820794
-1.156417 0.015367 -0.6623830000000001
0.65599 0.588379 0.348484
0.453773 0.605757 0.460792
-0.236363 0.43291 0.634014
0.785319 -0.015976 -0.243474
0.351189 0.209803 0.647995
-0.050686 0.136782 0.803103
0.171705 0.566904 0.68
0.308436 -0.7271879999999999 0.717629
1.127161 -0.109322 -0.387208
-0.289554 0.827257 -0.182268
-0.6318510000000001 0.532075 0.42945
0.434675 -0.589981 0.825043
0.306634 0.750765 0.191947
-0.760622 0.251172 0.281274
-0.201379 -0.043085 0.522188
0.952525 0.08881500000000001 -0.311212
0.074888 0.787125 0.560704
0.899082 0.08658200000000001 -0.295416
-0.719353 0.5015540000000001 -0.175653
-0.647374 0.348067 0.503202
-0.791689 -0.048657 -0.309493
1.178643 0.106531 -0.368492
-0.601979 0.278885 0.537151
0.290569 -0.646822 0.88374
0.210205 -0.412315 0.932718
0.421873 0.519477 0.613652
0.965689 0.071746 -0.316247
-0.876354 0.202032 -0.624951
-0.067271 0.153046 0.765385
0.304419 -0.550142 0.887954
0.737812 -0.207154 -0.232408
1.270247 0.176309 -0.353157
-0.326529 0.307862 0.620161
-0.476756 0.745803 0.213788
0.337309 -0.51293 0.894301
0.302054 0.522651 0.69397
-0.242584 0.407201 0.612293
0.464221 -0.467771 0.764327
-0.910581 0.189047 -0.545683
-0.382145 0.313063 0.637323
0.8986499999999999 0.13308 -0.265018
-1.233015 0.030377 -0.746864
0.393366 0.8033090000000001 0.061599
0.313854 -0.518611 0.860986
0.13125 0.163617 0.760587
-0.455062 0.881264 0.277382
-0.352564 -0.221046 -0.579226
-0.12386 -0.584179 0.838099
-0.983253 -0.184337 -0.202744
0.146418 0.453312 0.645485
0.296343 0.09227399999999999 0.607606
-0.671412 0.207724 0.423739
1.063048 -0.061368 -0.36489
1.266877 0.09941999999999999 -0.390216
-0.807582 -0.008494 -0.393851
0.660343 -0.027976 -0.47027
0.5519770000000001 0.382025 0.5806829999999999
0.25898 -0.254609 0.426514
-0.6612440000000001 0.595526 0.125555
0.100485 0.466572 0.645597
-0.3844 0.569092 0.603949
0.212815 0.634082 0.657979
0.963357 0.196051 -0.274758
-1.086976 0.063237 -0.695672
-1.246778 -0.032457 -0.560365
0.33435 -0.296028 -0.059303
0.438269 -0.161921 -0.566045
0.108788 0.164993 0.752153
-0.480451 0.686706 0.438749
0.124956 -0.589747 0.616497
-1.191294 -0.09270100000000001 -0.447344
-0.280945 0.541303 0.574166
0.26874 0.001254 0.524407
0.833389 -0.057219 -0.265965
0.960471 -0.129503 -0.279904
-0.728217 0.182666 0.2146
0.311702 -0.614864 0.893656
0.388771 -0.715797 0.629178
0.7419289999999999 -0.044711 -0.173882
0.389017 -0.411751 0.838937
-0.98481 -0.138538 -0.214875
-0.017971 -0.5485640000000001 0.958518
0.205343 0.399054 0.673053
0.271352 -0.565813 0.918134
0.434346 0.591511 0.571739
-0.250962 0.479173 0.611196
-0.074198 0.351878 0.6574680000000001
-0.00612 0.050147 0.814581
0.272295 0.641951 0.628004
-0.06526800000000001 -0.391495 0.589845
-0.150141 -0.102159 0.729584
0.269102 -0.008302 0.56564
0.8761100000000001 0.171179 -0.229135
-0.428876 0.658515 0.314727
1.025804 -0.220934 -0.332955
-0.127667 0.549251 0.606693
0.048064 0.494949 0.6284380000000001
0.097111 0.168882 0.761077
-0.6220599999999999 0.422341 0.503664
-0.024019 -0.388633 0.936958
-0.689378 0.7207480000000001 0.292928
-0.740144 0.351273 -0.50197
0.255045 0.325388 0.631911
-0.781145 0.106626 -0.041842
-0.046798 -0.41312 -0.414108
0.255065 -0.252441 0.859676
1.247683 0.01333 -0.406412
0.9237069999999999 -0.124287 -0.254155
-0.260997 0.49388 0.598294
-0.269829 0.652879 0.546049
-0.985105 -0.19792 -0.225998
-1.01975 0.170667 -0.786494
0.574363 0.290819 0.56572
0.184885 -0.458071 0.899247
0.144012 0.677318 0.5448190000000001
-0.173337 -0.115097 0.657122
-0.965885 -0.039905 -0.43936
-0.422935 0.693599 0.460952
0.525658 0.528871 0.57473
0.205173 -0.477721 0.884925
0.084314 -0.004639 0.814868
1.317641 0.114865 -0.347877
-0.209461 0.041947 0.554449
0.208837 -0.543416 0.933609
-0.314514 0.7611869999999999 0.322864
0.48971 0.816816 -0.264934
0.131009 0.442525 0.6570319999999999
0.39952 -0.353277 0.575122
-0.505862 0.6980229999999999 0.426413
-0.472847 0.560183 0.584811
0.430788 -0.230386 -0.460809
0.132742 0.464466 0.646375
-0.405417 0.301168 0.6041339999999999
-0.779142 0.435364 -0.088936
0.87186 -0.07449500000000001 -0.296554
-1.174819 -0.122903 -0.395242
0.0488 0.626177 0.597511
-0.7832440000000001 0.397728 -0.343013
-0.041847 0.140585 0.8189959999999999
0.18959 -0.000189 0.786544
-0.426145 0.445544 0.6544410000000001
0.082278 -0.644935 0.70436
0.397472 0.302121 0.636622
0.186399 0.048853 0.801597
-0.024928 0.456198 0.629432
0.114904 0.762335 0.559294
0.840347 -0.061808 -0.275757
0.329408 0.791631 0.579883
0.189805 0.095943 0.760532
0.332225 -0.495023 0.887447
0.08667 0.901733 0.384347
-0.688184 0.451872 0.447697
0.38277 -0.270336 -0.451679
1.046823 0.111547 -0.334205
-0.370386 0.323582 0.6258860000000001
-0.548138 0.377909 0.542166
-0.141806 0.035983 0.665007
0.435029 0.345773 0.632275
0.746628 0.162982 0.144934
0.71633 -0.07885300000000001 -0.128051
-0.265279 0.131312 -0.83319
0.07503 -0.593724 0.956195
0.165579 0.426512 0.665788
-1.208966 -0.062707 -0.497709
-0.339618 0.460512 0.661508
0.276576 -0.499184 0.856028
0.292582 0.631077 0.642761
-0.536901 0.445364 0.565727
0.312558 -0.011042 0.476299
-0.674307 0.220125 0.446657
0.103183 0.520249 0.615945
0.127554 0.887234 -0.038683
-0.770814 0.00468 -0.326367
0.148912 0.537601 0.6560009999999999
0.111628 0.633854 0.578732
0.002341 0.167628 0.758298
0.986606 0.267429 -0.249919
-0.7524729999999999 0.562392 0.137399
0.291971 0.704416 0.574141
1.182802 -0.044339 -0.446945
-0.938022 0.146907 -0.721863
-0.5021139999999999 0.374711 0.578613
1.287658 -0.01208 -0.366926
-0.62842 0.543245 0.354686
0.481544 -0.713939 0.693528
0.7281069999999999 -0.027544 -0.109224
0.322182 -0.148903 0.316704
1.233314 0.083408 -0.394505
-0.338523 0.479425 0.657114
-0.444632 0.41887 0.636209
-0.834048 0.09747400000000001 -0.595747
0.503705 0.598252 0.565688
-0.711102 0.428366 0.442532
0.110322 0.432389 0.605687
-0.617305 0.342514 0.430115
0.306403 0.377659 0.65772
-0.584871 0.620789 -0.156826
0.799971 0.462668 -0.040659
-0.135691 -0.241614 0.446758
0.74171 0.435254 0.447978
0.71147 0.334534 -0.515697
1.00395 0.131362 -0.321961
-0.018508 -0.495786 0.631264
-0.361866 0.433141 0.662722
-1.112221 -0.123048 -0.367262
0.005218 0.079833 0.842378
0.382063 0.535009 0.649498
0.811328 -0.004992 -0.290982
0.135284 0.168645 0.777375
0.376617 0.672937 0.571562
-0.128636 0.692452 0.315282
-1.064551 0.160278 -0.808818
1.082013 -0.121194 -0.348492
-0.233743 0.06596399999999999 0.581989
0.057732 0.377399 0.656769
-1.242247 0.044449 -0.672274
-0.521906 0.465804 0.591183
0.831646 0.355385 -0.192202
0.388178 0.6418739999999999 0.504184
1.266679 0.127073 -0.394957
0.9752 0.305696 -0.230318
0.728963 0.45833 0.347173
-0.639917 0.343219 -0.676781
-1.084004 0.090535 -0.687836
0.207387 -0.495298 0.87998
-0.490377 0.810401 0.420939
0.238198 0.39077 0.671611
0.598395 0.735046 -0.070509
0.27089 -0.010843 0.694393
0.106429 0.636584 0.59176
0.738413 0.34881 0.391395
-0.806304 -0.041503 -0.452824
-0.126316 0.054736 0.697214
0.211944 0.066105 0.74948
0.340518 -0.124043 0.685873
0.25194 -0.562016 0.908222
-0.795574 0.122172 -0.339905
0.20169 0.496796 0.698702
0.04349 0.487915 0.53735
0.261243 -0.439783 0.913594
-0.038913 0.164955 0.801634
0.132998 0.932995 0.464826
-0.843287 0.098928 -0.424096
0.9338649999999999 0.156983 -0.278659
0.068152 0.56132 0.620048
-0.467229 0.430486 0.630538
-0.598332 0.600901 0.271812
-0.661686 0.28207 0.494992
1.021587 0.181237 -0.322652
0.599363 0.7080340000000001 -0.375694
0.046194 0.9284790000000001 0.532281
-0.505953 0.480283 0.60587
0.738375 0.507567 0.110364
-0.325037 0.443926 0.647302
0.300876 0.883141 -0.237862
-0.030284 -0.144537 0.853985
-0.07069499999999999 -0.387258 0.092739
-0.440479 0.648455 0.479872
0.783018 0.216872 0.091479
0.201217 0.535382 0.694157
0.756516 0.304548 0.215411
-0.026023 -0.030773 0.812882
-0.843407 -0.035901 -0.38492
0.300945 -0.720543 0.787813
-0.002585 0.740601 0.253986
0.295074 -0.045476 0.666866
-0.493087 -0.200145 -0.098704
0.478822 -0.483304 0.73282
0.06383 0.707088 0.572699
0.248825 0.677418 0.564258
0.950043 -0.070572 -0.309094
1.029878 -0.139848 -0.288636
-0.840356 -0.119861 -0.270293
-0.546054 -0.088599 0.104329
0.033692 0.039734 0.830006
-0.243563 0.693376 0.368083
0.504655 0.551252 0.576944
-0.650322 0.552314 -0.417037
0.5341360000000001 0.672141 0.579654
-0.340937 0.376312 0.6366810000000001
0.640081 0.48836 -0.529407
-0.845087 0.0285 -0.434465
0.138296 0.383218 0.664378
0.477966 0.445353 0.601985
0.097647 -0.602847 0.950379
-1.117963 -0.005106 -0.5986320000000001
0.826032 0.058633 -0.255597
0.490027 -0.654936 0.637948
-0.91516 0.042677 -0.498453
0.799216 0.434756 -0.370838
0.997347 0.351819 -0.265972
0.710597 0.334089 0.469091
-0.497435 0.841764 0.406513
-0.004747 -0.568829 0.958341
-0.509332 0.712394 -0.295918
-0.768361 0.6548659999999999 0.282951
-0.683996 0.14868 0.253249
0.058197 0.013787 0.818814
0.482631 0.494919 0.555306
0.465748 0.355742 0.591871
-1.07167 -0.129241 -0.35517
0.493637 0.090684 0.445406
-0.050656 0.143883 0.776903
0.383893 0.451044 0.664343
0.127355 0.654896 0.586983
-0.290989 0.579492 0.561453
0.193707 0.149271 0.732047
-0.043997 0.379948 -0.8604309999999999
-0.284188 0.437121 0.629151
-0.535361 0.611971 0.432518
-0.110512 0.6636339999999999 0.445827
0.475543 0.567389 0.578124
0.158101 -0.105459 0.834473
0.459307 0.312116 -0.725325
0.319319 -0.5168160000000001 0.869855
0.446862 -0.666767 0.593858
-0.638543 0.539286 0.323198
0.541071 0.732044 0.510173
0.151473 -0.145033 0.851688
0.235404 0.047853 0.719157
0.472732 0.507171 0.577273
-0.026932 0.160004 0.814102
0.312472 0.8305709999999999 0.064275
0.408351 0.602073 0.569788
-0.5319970000000001 0.319158 0.530752
0.307929 -0.455557 0.881255
-0.470323 0.885553 0.368637
-1.083339 0.104304 -0.687078
0.896933 0.265128 -0.30034
-0.8195519999999999 0.575564 0.187877
0.826882 -0.118176 -0.268224
0.153508 0.566693 0.670415
-0.596753 0.37227 0.476014
0.49025 -0.683708 0.6442059999999999
0.070766 0.395956 -0.856086
-0.160979 -0.32397 0.206626
-0.530138 0.631605 0.464715
0.442892 0.380281 0.6322489999999999
-0.057251 -0.336275 0.5266729999999999
0.189703 0.032412 0.786413
0.874447 0.039601 -0.300248
-0.669966 0.339363 0.490168
0.468341 -0.217663 -0.394564
0.105125 0.002725 0.816939
-0.476803 0.517214 0.607584
-0.072146 0.643379 0.60097
-0.476289 0.655767 0.295481
0.885894 -0.118478 -0.221642
0.215587 -0.149943 0.8361730000000001
-0.285747 -0.119941 -0.706461
-0.328089 0.40685 -0.815873
0.289087 -0.023222 0.497279
-0.866869 0.078718 -0.466026
0.251696 0.695156 0.516778
0.113411 0.631503 0.588938
-0.278241 0.091762 0.595157
-1.062697 0.032735 -0.7194199999999999
0.308192 -0.429164 0.899986
-0.670755 0.475157 0.450434
-0.708779 0.501771 -0.040012
-0.391151 0.346112 0.639619
0.068021 0.611954 0.542137
0.171348 -0.520917 0.910084
-0.060731 0.124955 0.772166
-0.461381 0.691679 0.444478
0.050543 0.177306 -0.880839
0.699589 -0.141006 -0.130876
0.124898 0.159339 0.74694
0.060154 -0.674272 0.871866
0.794418 -0.012276 -0.268186
0.220852 -0.365425 0.9123520000000001
0.427667 0.357404 0.637733
1.253532 0.305298 -0.394218
-1.253356 0.018735 -0.711157
0.151115 0.437844 0.660868
-0.495999 0.666008 -0.010962
-0.312815 0.617435 0.538631
0.447765 0.5399929999999999 0.569309
0.584477 0.154148 0.475051
0.173042 -0.379704 0.933245
0.06905699999999999 -0.361639 0.469591
-0.185288 0.6361250000000001 0.583604
-1.182913 -0.00647 -0.587166
-0.15664 0.671805 0.465784
-0.459325 0.006399 -0.709466
0.262542 -0.43412 0.916899
0.107006 0.105198 0.837262
0.353832 -0.420119 0.530265
-0.26573 0.8384740000000001 -0.267936
-0.559657 0.851514 0.269758
1.077203 0.182007 -0.345961
0.140684 -0.339735 0.429156
0.006154 -0.466312 0.59351
-0.27154 0.586504 0.560445
-0.820447 0.282203 -0.217939
-0.141967 -0.227447 0.49154
0.242623 -0.68685 0.863209
0.543287 0.128758 0.486417
1.117095 0.369949 -0.27727
-0.598397 0.623593 0.415526
-0.153988 0.01963 0.633498
-0.591318 0.616675 0.427329
0.284532 0.031202 0.536266
-0.07707799999999999 0.070687 0.766377
-0.626157 -0.174099 -0.225941
-0.215998 0.40532 0.639222
-0.952144 -0.048232 -0.419587
1.289772 -0.048147 -0.445887
0.113434 0.168263 0.759694
1.278234 0.192141 -0.343818
-0.900251 -0.117376 -0.255108
0.9520110000000001 -0.051784 -0.312175
0.169032 0.526824 0.683495
0.345748 0.598889 0.626458
0.961768 -0.213161 -0.271748
0.790906 -0.114667 -0.165293
-0.135585 -0.413594 0.849214
0.368889 -0.633922 0.857616
0.818735 0.02747 -0.279279
-0.002913 -0.422826 0.567727
0.159329 0.725373 0.567561
0.884312 0.026191 -0.303364
1.053488 0.175659 -0.33693
0.473867 0.5661580000000001 0.493072
-0.438165 0.523872 0.62358
-0.457984 0.660019 0.466983
-0.8129729999999999 0.31097 0.303569
-0.029831 0.12774 0.8332889999999999
1.236494 -0.08780300000000001 -0.446583
0.024524 0.12062 0.841316
-0.263939 0.418853 0.637271
-1.109656 0.033744 -0.744717
0.34215 -0.728934 0.69512
0.842166 -0.07650999999999999 -0.274734
0.236554 -0.417759 0.925505
-0.516973 0.563344 0.556064
0.562874 0.572248 0.563194
-0.838727 0.037393 -0.429803
0.385474 0.475102 0.666376
0.244693 -0.51895 0.867219
0.262001 0.671164 0.589508
0.043652 0.6100950000000001 0.492715
0.290498 -0.344838 0.878541
-0.826533 0.182931 -0.456781
0.344598 -0.495835 0.893184
1.121917 0.110716 -0.348041
-0.31934 0.389197 0.631502
0.32356 0.444306 0.697716
0.068938 0.154808 0.762605
0.077434 0.048673 0.841309
1.200839 0.130541 -0.378193
0.455723 -0.728876 0.681048
-0.143488 0.016241 0.6684560000000001
0.074367 0.866689 0.370933
0.965327 -0.12805 -0.303088
0.729278 0.445972 0.304969
0.167963 0.904572 0.527783
0.179329 -0.569496 0.951637
0.259873 -0.518474 0.861585
-0.514845 0.724942 0.420863
1.034979 0.127347 -0.331041
-0.538786 -0.19103 -0.179036
-0.604681 0.125933 -0.683307
-0.410357 0.639269 0.49494
0.289768 -0.122741 0.447863
0.299582 0.7614030000000001 0.385995
-0.461354 -0.231364 -0.188327
-0.652093 0.458742 0.469717
-0.512029 -0.19145 -0.370604
0.146367 -0.458641 0.911917
-0.32033 0.242515 0.663323
0.720678 0.513617 0.48532
-1.144953 -0.028799 -0.594758
1.194196 -0.005441 -0.399805
0.019306 0.565168 0.610496
1.042482 0.153297 -0.332712
-0.974489 -0.170405 -0.377626
-0.395291 0.768173 -0.134949
-0.771066 0.056395 -0.296464
0.682169 0.671009 -0.039628
-0.452113 0.246422 0.538629
-0.575765 0.55043 0.471174
-0.504404 0.630406 0.467783
0.324168 -0.480955 0.8779940000000001
-0.398387 0.465353 0.657995
-0.049163 -0.365496 0.192938
0.713966 0.635054 -0.28008
-0.786254 0.597208 0.192662
0.246845 -0.5607569999999999 0.898271
1.107908 0.290117 -0.298713
0.690846 -0.049486 -0.013147
-0.52417 0.461731 0.584959
0.905222 0.183497 -0.349527
0.208747 -0.069483 0.804664
-0.793612 0.009874000000000001 -0.370821
-0.045073 0.159971 0.776284
0.384703 0.052604 0.470773
-0.49891 0.554906 0.573383
-0.670133 -0.05725 -0.495614
0.077873 0.695729 0.577017
-0.810718 0.226593 -0.317153
0.347178 -0.076404 0.367541
-0.974487 -0.081013 -0.397035
0.186862 -0.068979 0.81225
-0.057404 0.733213 0.584093
-0.811101 0.018462 -0.39556
1.300778 0.110774 -0.347319
0.19641 0.734209 0.566564
-0.029773 0.888676 0.534459
-0.858495 0.172422 -0.468301
-0.321571 0.502229 0.6279130000000001
-0.940146 0.072421 -0.557111
-0.146014 -0.42117 0.720545
1.031611 0.210905 -0.314584
-0.384193 0.370555 0.638834
0.148448 0.157696 0.796714
0.224721 0.7293190000000001 0.358043
-0.179443 -0.012059 0.560169
0.051434 0.6467540000000001 0.591601
1.079894 0.129223 -0.413603
0.358818 -0.717076 0.648131
-0.193311 0.486126 0.607314
-0.246518 0.424884 0.639662
0.531447 0.619055 0.567272
1.320474 0.23071 -0.332698
-0.255168 0.526477 -0.790174
0.294904 0.02732 0.511938
0.930023 0.119449 -0.297276
-0.366707 0.463206 0.663735
0.202845 -0.527967 0.884193
0.107257 -0.416725 -0.14369
-0.676471 0.716963 0.353306
0.071564 0.17258 0.7381799999999999
-0.148903 -0.315926 0.806545
0.734993 0.076792 0.082998
0.130507 0.5575 0.6367159999999999
0.930262 -0.062004 -0.305248
0.187241 -0.414374 0.9395289999999999
-1.229491 0.009188999999999999 -0.600867
-0.032884 -0.585215 0.9475170000000001
-0.465645 0.712609 0.437895
-0.774157 -0.021779 -0.355641
-0.871801 0.41302 0.247103
-0.127998 -0.092873 0.760494
0.402522 -0.653961 0.82801
0.796586 -0.18122 -0.156248
0.16935 0.058261 0.82237
0.329552 0.5469810000000001 0.678877
-0.636006 0.248203 -0.690472
0.113998 0.554603 0.622159
-0.572267 0.790704 0.217388
-0.195074 0.020286 0.544527
-0.255493 0.178952 0.673108
0.103697 -0.024282 -0.826862
-0.079801 -0.256023 0.869451
0.041323 0.091407 0.84555
-0.515436 0.5357460000000001 0.574485
-0.877876 0.038161 -0.465137
-0.399796 -0.236106 -0.002608
0.355541 0.498588 0.684886
-0.552123 0.620346 0.460881
0.177361 0.11779 0.76127
0.421905 0.367243 0.64086
-0.759777 -0.045534 -0.249039
0.226326 -0.499402 0.874035
-0.597253 0.608008 0.113413
0.50499 0.432393 0.600393
1.299207 0.295319 -0.396492
-0.760134 0.04291 -0.244587
-0.719218 -0.073446 -0.115106
0.067233 -0.372737 0.175603
-0.639644 0.44043 0.485468
-0.797044 0.004226 -0.381513
0.518868 0.283394 0.590641
1.145912 -0.150553 -0.344253
0.289552 -0.561754 0.903981
0.292398 -0.08740100000000001 0.501834
-0.9627559999999999 0.155488 -0.601588
0.472384 0.79935 -0.008191
-0.140412 -0.19476 -0.709053
-0.849515 0.203838 -0.518666
-0.560073 0.76856 0.40163
0.261719 0.676166 0.592932
0.292921 0.694037 0.581171
-1.009527 -0.096898 -0.410281
-0.225771 0.609225 0.569491
-0.028817 -0.5251209999999999 0.956882
1.223796 -0.016046 -0.390158
0.289043 -0.556118 0.881278
0.818211 0.065312 -0.241903
0.651832 0.568488 0.225172
-0.617339 0.54657 0.385608
-0.984673 0.206099 -0.669528
1.249511 0.346803 -0.312511
1.257799 0.157809 -0.390935
-0.125695 -0.579398 0.803022
0.061317 -0.287228 0.917528
-0.168806 0.656269 0.357082
0.750862 0.480783 -0.423515
-0.804252 0.091684 -0.569327
-0.112302 -0.295108 0.348249
0.173654 -0.707944 0.8173820000000001
-0.362205 -0.179028 0.167767
1.039797 -0.163952 -0.409645
0.305767 -0.527602 0.854347
-0.408008 -0.262432 -0.432758
-0.814506 0.174747 -0.434786
-0.66621 0.561243 0.405692
0.494362 0.6264420000000001 0.56534
-0.130413 0.723779 0.263061
-0.529265 0.568524 0.542585
-0.5098510000000001 0.64005 0.466068
0.308736 -0.26502 0.837321
-0.5712390000000001 0.7939349999999999 0.386597
1.199508 0.347677 -0.300839
0.758779 0.034127 -0.153553
0.835512 -0.048073 -0.276868
0.661679 0.6051840000000001 0.384796
-0.451633 0.609508 0.541031
-0.926916 -0.119282 -0.242174
0.779603 0.455993 -0.397093
-0.59209 0.409008 0.524456
-0.348817 0.5125960000000001 0.6416190000000001
0.7589129999999999 0.433174 0.122013
0.210018 0.406711 0.668195
0.274353 -0.620866 0.596115
-0.02622 -0.352942 0.516186
-0.045092 0.156529 0.759058
-0.320769 0.483897 0.638024
1.198998 0.061095 -0.384304
0.185888 0.512224 0.693493
-1.059144 0.07450900000000001 -0.688508
-0.775576 -0.033809 -0.35555
-0.707108 -0.082661 -0.090988
-0.393512 0.352622 0.636777
-0.373868 0.527551 0.632362
0.08910899999999999 0.169234 0.772807
-0.379599 0.425856 0.661228
0.141131 0.582187 0.641828
-0.876685 -0.093428 -0.327301
1.162057 -0.082537 -0.380058
0.508653 0.671309 0.162773
1.224149 -0.025027 -0.41154
-0.4639 0.058183 0.387868
-0.36121 0.57535 0.5701040000000001
0.81387 0.032092 -0.268185
1.12492 0.21025 -0.359424
-0.267789 0.431683 0.616665
-0.805939 0.183737 -0.487136
0.308279 -0.080237 0.7108449999999999
0.141124 -0.572852 0.957243
0.576811 0.7494 -0.317303
0.969222 0.103868 -0.314209
0.891286 0.190861 -0.229294
0.156898 0.544242 0.671488
0.499741 0.107243 0.497281
-0.780094 0.170191 -0.496763
-0.820069 -0.060071 -0.346305
0.210467 0.703173 0.584703
0.100545 -0.326259 0.928702
0.822657 -0.029214 -0.286725
-0.506538 0.451631 0.604966
-0.391721 0.774258 0.253045
0.283816 -0.02547 0.6628849999999999
0.405408 0.642761 0.578677
-0.643505 0.188941 -0.674339
-0.797003 0.399986 -0.221057
0.129166 0.765577 0.374722
0.315546 -0.126149 0.539231
0.223521 -0.546616 0.8845190000000001
0.173146 -0.505293 0.945522
-0.807761 0.02486 -0.385539
-0.176478 -0.402857 -0.110491
-1.054343 0.103275 -0.678298
-0.92349 -0.166208 -0.147189
-0.128314 -0.500579 0.724898
1.008557 0.004987 -0.331887
0.373188 -0.204641 0.106448
0.19636 0.895564 0.447939
-0.020222 0.076208 0.827726
1.368824 0.126594 -0.424692
-0.102351 0.656859 0.372363
0.094384 -0.531768 0.9681959999999999
1.234603 0.014592 -0.408675
0.050975 -0.331933 0.401951
-0.5856170000000001 0.6016629999999999 0.33777
0.55583 -0.016692 0.19904
0.305545 -0.559207 0.905644
0.521019 0.73537 0.047173
-0.20001 -0.401095 -0.300705
0.974986 -0.172544 -0.382747
-0.376828 0.453879 0.665435
0.13826 0.423144 0.659367
0.01514 -0.407717 0.951485
0.352399 0.050986 0.5002450000000001
-0.115212 -0.413307 0.6483139999999999
0.327207 0.08640200000000001 -0.790664
-0.408806 0.832618 0.257526
0.550817 0.027386 0.268537
1.083231 -0.161847 -0.311929
-0.819124 -0.065556 -0.318723
0.326622 -0.246337 0.116473
-0.116033 0.517271 0.612219
-0.655603 0.584473 0.40018
-0.735042 0.6056280000000001 0.172201
0.8407 0.276876 -0.147083
0.247494 -0.006113 0.745147
-0.396051 0.628472 0.501238
-0.859845 0.059844 -0.458043
-0.804399 0.16379 -0.280805
-0.516297 0.478663 -0.711321
-0.081818 -0.449661 0.923074
-0.540434 0.569151 0.5177349999999999
-0.222614 0.5227540000000001 0.5111329999999999
-0.205229 0.820624 -0.430898
-0.06839199999999999 -0.108853 0.823337
0.320771 -0.501551 0.868282
-0.736641 0.483628 -0.035032
-0.613685 0.489561 0.448573
-0.668953 0.542261 0.415356
0.148345 -0.488385 0.90698
-0.006983 0.570545 0.609907
0.175688 -0.385149 -0.043423
0.633868 0.648745 0.422018
0.610059 0.688489 0.551164
0.778967 -0.022482 -0.229766
0.494648 -0.689456 0.713344
1.010742 0.158389 -0.321453
0.313426 -0.540735 0.884842
0.428308 -0.7252960000000001 0.635108
0.6828959999999999 -0.127292 -0.121849
0.384962 -0.277493 -0.151176
-0.60482 0.548946 0.415681
1.156293 -0.075475 -0.402266
-1.106863 -0.126946 -0.423527
0.830708 -0.091753 -0.337593
0.195764 0.117538 0.742691
1.146363 0.288961 -0.311527
-0.232988 0.5491780000000001 0.581559
0.323064 -0.683935 0.841498
0.178699 0.129418 0.785475
0.6649890000000001 0.627226 0.533834
0.5048280000000001 0.329429 0.599383
0.774537 -0.092751 -0.203713
0.252928 -0.558268 0.884099
-0.785102 0.263763 -0.414317
0.304965 0.637444 0.606326
0.9548720000000001 0.261694 -0.336214
-0.150174 -0.212503 0.474447
0.946111 0.13466 -0.299519
0.020694 0.847384 0.37895
-0.72833 0.6802319999999999 0.257215
1.189488 0.371463 -0.335324
0.194043 -0.559198 0.951013
0.748866 -0.134037 -0.138426
0.366948 -0.47025 0.539151
0.210815 -0.333347 0.903636
0.101663 -0.498404 0.562032
0.09801700000000001 0.487451 0.643366
0.403065 0.8345089999999999 -0.003574
0.582335 -0.14575 -0.412408
1.254809 0.180265 -0.370586
-0.8421380000000001 0.385041 0.319652
-0.765561 0.260687 0.315158
0.804825 0.010217 -0.279042
-0.783945 0.432648 -0.027939
-0.241829 0.049465 0.537056
0.6746220000000001 0.160887 0.282472
-0.733478 0.592912 0.378299
-0.668144 0.19787 0.394881
0.303156 0.60656 0.659524
0.51629 0.785973 -0.328599
-0.514112 0.8018690000000001 0.412192
0.061849 0.6439 0.481164
-0.815773 0.31628 0.129304
0.889661 0.242629 -0.211389
-0.829068 0.603831 0.301292
-0.302532 0.57279 0.5555639999999999
0.169319 0.097029 0.828886
0.450304 0.667088 0.272662
-0.259127 0.545567 0.582336
1.023823 0.120776 -0.397325
-0.153977 -0.204741 0.5226
-0.311357 0.26633 0.590723
-0.543824 0.656444 0.427979
-0.354643 0.527719 0.632509
0.661173 0.183504 0.339509
0.303921 0.003185 0.488625
0.858438 -0.116394 -0.2161
0.221434 -0.433614 0.515813
0.032522 0.631319 0.594199
-0.730614 -0.104367 -0.386693
-0.354412 0.805233 -0.306876
-0.885444 -0.049376 -0.383608
-1.074429 -0.135819 -0.398173
0.092137 -0.453922 0.537782
0.069702 0.15059 0.77647
-0.75456 0.605017 0.371054
-1.168587 0.005975 -0.626495
-0.500069 0.679168 0.434797
-0.153753 0.360828 -0.854078
0.14785 -0.700318 0.760182
0.718908 0.568695 0.479271
0.175799 0.037306 0.8050310000000001
-0.112186 0.101977 0.726259
0.300593 -0.439534 0.899386
0.7926339999999999 -0.034743 -0.237397
0.272833 0.339374 0.662049
-0.476943 0.499692 0.615662
0.176397 -0.397289 -0.144103
-0.627463 0.58385 -0.350781
-0.162616 0.46031 0.616394
0.724983 0.386881 0.465507
0.343396 0.355097 0.661131
0.349479 0.332717 0.654602
0.198814 -0.577881 0.944746
0.182423 0.67776 0.565075
0.437498 0.755059 0.449284
0.097235 0.607219 0.5985780000000001
-0.8414509999999999 0.192019 -0.479818
-0.473947 -0.212141 -0.381343
-0.88894 -0.105548 -0.302722
-0.955703 0.074769 -0.578461
-0.28703 0.070352 0.550826
0.72797 -0.15045 -0.134033
-0.194474 0.681432 0.558881
0.273737 -0.724814 0.739127
0.254447 0.7010420000000001 0.491042
-0.3851 0.326066 0.6386810000000001
1.329455 0.303807 -0.374312
0.387422 0.375126 0.64176
-0.223871 0.346576 0.596391
-0.188502 0.6725179999999999 0.325821
-0.286302 -0.024588 0.444638
-0.600252 0.370028 -0.705159
-0.026221 0.025107 0.797745
0.367318 -0.536655 0.882872
-0.008299000000000001 -0.395743 0.083768
-0.067083 0.829169 0.527267
0.823684 0.387543 -0.104633
-0.734722 0.428479 0.427937
-1.183887 -0.036523 -0.549355
0.132587 0.604069 0.622074
1.15227 -0.163192 -0.359201
0.238964 0.066232 0.6645
-0.827498 0.024952 -0.416514
1.147496 0.08212700000000001 -0.359499
1.272171 0.133417 -0.358523
0.491706 0.593396 0.569261
-1.184249 0.079045 -0.671578
-0.011925 0.596498 0.604739
-0.012308 0.173719 0.745281
0.8190460000000001 0.425602 -0.274369
0.11917 0.45633 0.652552
0.477794 0.759837 0.534251
0.7861669999999999 -0.011318 -0.365387
-0.688013 0.492442 0.429174
0.178435 0.125523 0.776653
0.76163 0.362216 0.181476
0.30495 0.483717 0.701956
-0.444486 0.374829 0.619547
-0.337535 0.373534 0.643095
0.655017 -0.089852 -0.419541
-0.105134 -0.031483 0.75773
-0.670959 0.049146 0.157907
1.067551 0.08075599999999999 -0.340115
-0.560694 0.39697 0.543386
-0.816026 -0.084817 -0.265463
-1.019215 0.190229 -0.7692
0.203747 0.773945 0.567098
0.570303 0.213152 0.542552
0.938994 0.146502 -0.289735
-0.16954 0.148137 -0.857321
0.16456 0.139652 0.750483
1.064938 0.122677 -0.337312
0.406133 0.455323 0.647844
-1.046354 0.060639 -0.652783
-0.862007 0.581602 0.266722
0.214122 -0.392562 0.495108
1.213054 -0.050409 -0.357222
0.545673 0.503923 0.572308
0.06612800000000001 0.49822 0.631815
0.091139 0.186987 0.733267
-0.95255 -0.026334 -0.446022
-0.33123 0.491742 -0.790708
0.246937 0.648656 0.634754
1.092383 0.20813 -0.348005
0.082647 -0.653602 0.911215
1.057791 0.215692 -0.326596
-0.257908 0.476365 0.59521
-0.97067 0.110955 -0.615256
-0.431071 -0.17713 0.071577
1.26158 0.053124 -0.403028
-0.138208 0.485129 0.613568
0.276302 -0.213189 0.44244
-0.0639 -0.645998 0.859495
0.13923 0.449756 0.655657
1.097478 0.197933 -0.35377
1.147642 0.312203 -0.300174
0.275898 -0.450993 0.892002
1.224848 -0.01121 -0.380363
0.287207 -0.569459 0.916235
-1.209449 -0.155301 -0.452869
-0.764616 0.145576 -0.528325
0.268067 -0.469186 0.8726390000000001
0.9433820000000001 -0.019575 -0.312938
-0.29853 0.551677 0.553653
-0.403595 0.516588 -0.756842
0.195827 0.69224 0.584491
0.78043 0.099638 -0.126035
-0.942513 -0.127081 -0.192296
-0.712426 0.581073 0.382775
0.4932 0.044895 0.356056
0.178328 -0.25315 -0.649513
-0.5149280000000001 0.473522 0.60084
-0.198015 0.411556 0.570064
0.222869 0.058579 0.737392
-0.564868 0.159911 0.488846
-1.078919 -0.1046 -0.457779
-0.047241 0.153595 0.801836
-0.410115 0.645311 0.494044
-0.540533 0.374363 0.568594
1.268046 0.091862 -0.39879
-0.464808 0.289261 0.605994
0.173373 -0.505283 0.953145
0.439943 -0.50952 0.591803
0.05158 0.820926 0.5612200000000001
-0.147728 -0.054314 0.699825
-0.854981 -0.113197 -0.292823
0.259221 0.84609 0.432215
-0.304181 0.341914 0.632301
-0.361259 0.779206 0.278561
-0.094045 -0.292089 0.387466
-1.174569 -0.035255 -0.610532
0.261575 -0.418825 0.917133
-0.289795 0.617625 0.391024
0.08137800000000001 0.923727 0.53654
0.258939 0.705122 0.579612
-0.884388 0.551397 0.237385
1.187343 0.195027 -0.381696
-0.804351 -0.027122 -0.381399
-0.4255 0.65427 0.484137
-0.804411 -0.054688 -0.317201
0.156831 -0.450175 0.524681
0.18941 0.089777 0.818058
-0.232274 0.508388 0.600179
-0.5476569999999999 0.517734 0.551604
-0.28619 0.5099359999999999 0.590811
-0.420116 -0.218074 -0.512886
-0.015204 -0.600918 0.945999
0.751505 0.520465 0.06737
-0.078532 0.738823 0.464112
-0.41699 0.310771 0.627045
-0.772611 0.116427 0.013889
-0.450527 0.357391 0.612807
0.417372 -0.429817 0.817502
0.526729 -0.020419 -0.60633
0.852982 0.167359 -0.215635
-0.695666 -0.06952999999999999 -0.048373
0.739779 0.428205 0.210831
-0.408708 0.825363 0.454225
-0.042513 0.099925 0.811987
0.503095 0.651165 0.308869
-0.528458 0.455437 0.57674
0.256525 -0.641682 0.898381
1.002655 -0.133464 -0.321038
-0.436505 -0.254204 -0.280497
0.692222 0.628588 -0.352398
-0.006077 0.090183 0.843126
0.685245 0.57869 0.520361
-0.390637 0.391061 0.642853
0.012479 0.05156 0.829199
-0.358491 -0.269226 0.00486
1.09288 0.1174 -0.341855
-0.987008 0.00036 -0.499043
0.307824 -0.06748999999999999 0.672221
-0.532341 0.504583 0.576792
-0.440458 0.228851 0.612044
0.181401 0.093697 0.823997
0.157116 0.585892 0.669412
-0.440619 0.83893 0.435159
0.354229 -0.5024459999999999 0.889313
1.368811 0.17188 -0.365205
0.715769 0.510121 -0.447182
-0.167937 0.485234 0.609751
-0.06583 0.68307 0.351083
-0.047086 -0.566029 0.9473
0.6238899999999999 0.183567 0.462067
0.107459 0.817374 0.117807
-0.31125 0.33431 0.649925
0.264194 -0.470866 0.5290859999999999
1.301949 0.242338 -0.418459
0.278932 -0.559997 0.885402
0.608428 -0.189375 -0.203252
-0.905867 0.203062 -0.6612209999999999
-0.047799 0.91101 0.480246
0.749916 -0.174559 -0.144261
0.7581830000000001 -0.057409 -0.194387
0.966852 0.333469 -0.229865
-0.343197 0.637332 0.390698
0.588364 0.6085660000000001 0.215655
0.345307 -0.5139049999999999 0.539788
0.333851 0.600162 0.648139
-0.508449 0.5872889999999999 -0.613156
1.208946 0.363466 -0.302232
-0.634301 0.43845 0.419622
-0.012851 0.323005 0.669244
0.175063 0.69938 0.581601
-0.5009130000000001 0.261416 0.516886
0.308206 0.727978 0.358484
-0.7667079999999999 -0.037051 -0.293927
1.226692 0.136572 -0.389314
-0.509634 0.362102 0.588726
-1.229767 0.050291 -0.751782
0.088986 0.16311 0.795527
0.198898 -0.488281 0.540916
0.311229 -0.412275 0.893863
-0.052857 0.141416 0.76674
0.900526 0.274794 -0.209841
0.304205 -0.058766 0.632874
-0.123478 -0.56058 0.863836
-0.34152 0.8124710000000001 0.324495
0.453139 0.6994939999999999 0.172411
0.4235 0.269761 0.626333
0.437121 0.412838 0.613356
0.739575 0.009838 -0.049028
-0.525093 0.488319 0.5887
1.112805 0.248338 -0.326423
0.832341 0.191062 -0.174983
0.034501 0.571744 0.506444
0.278633 0.846801 0.54374
-1.054479 0.063887 -0.67171
-0.5213140000000001 0.644613 0.281446
0.332068 0.018412 0.476117
0.08608200000000001 0.950142 0.456291
0.119929 0.173123 0.776317
0.264634 0.597342 0.67377
0.442375 0.250859 0.549253
0.699388 0.601461 0.442184
0.351177 -0.310822 -0.235261
-0.394381 0.647209 0.394687
-0.121639 -0.367934 0.865726
0.587708 0.6139 0.30778
0.261266 0.709828 0.437572
-0.7658700000000001 0.221829 0.178722
-0.86641 0.434661 0.296299
0.162471 0.432965 0.646814
1.109066 0.175572 -0.354865
0.048684 -0.029174 0.820132
-0.301608 -0.231706 -0.600312
0.695584 -0.184204 -0.15795
1.016964 0.115007 -0.326972
-0.692014 -0.111546 -0.08415300000000001
0.050653 0.149548 0.8004599999999999
1.277511 0.250316 -0.330596
0.238857 0.676346 0.587979
0.888481 -0.081049 -0.297665
0.049101 -0.679073 0.846564
0.282874 0.435428 0.692298
0.407713 0.085868 -0.743131
-0.275118 0.612355 0.548797
0.350851 -0.143529 0.614372
-0.502277 0.882518 0.353166
0.280972 -0.233953 0.452667
0.190027 0.806081 0.5694939999999999
0.152604 0.056909 0.829302
-1.186594 -0.131121 -0.398861
-0.562705 0.550603 0.494075
-0.392679 0.136638 0.58816
0.149696 -0.391566 0.9434399999999999
0.403783 0.34806 0.64563
0.345588 0.006351 0.45764
-0.511383 0.150705 0.533404
0.117492 0.489625 0.626956
0.180525 -0.5044729999999999 0.887448
1.042131 -0.13156 -0.337522
0.898408 -0.231716 -0.292906
0.171481 0.784776 0.5641080000000001
0.24792 0.113117 0.658678
0.388464 0.317163 0.642347
-0.435034 -0.17609 -0.552123
-0.813177 -0.059195 -0.336409
0.232413 0.429145 0.677335
0.360701 0.302164 0.6459279999999999
0.123761 0.6922509999999999 0.466751
-0.121113 0.134177 0.724777
-0.336741 -0.246692 0.094874
0.49582 -0.653158 0.738712
0.435362 -0.059895 0.263106
-0.037678 0.488128 0.623687
0.108241 -0.625991 0.93551
0.820719 0.196284 -0.137588
-0.474214 0.36853 0.588359
0.087256 -0.402356 0.95403
0.210829 -0.445796 0.9131359999999999
-0.215024 0.657088 0.572018
0.8553500000000001 0.067297 -0.278649
-0.689491 0.00483 0.082788
-0.95388 0.060837 -0.554063
0.104521 0.490303 0.644056
-0.545745 0.553901 0.532044
-0.295288 0.673257 0.531969
0.331788 0.723603 0.573558
-0.816316 0.047118 -0.388944
0.25685 -0.2387 0.411731
0.164449 0.705345 0.463576
0.183623 0.061793 0.815159
0.244327 0.525349 0.70043
0.377309 0.459479 0.672086
-0.63873 0.554303 0.428111
0.188421 -0.533293 0.917107
0.269028 -0.013783 0.542184
0.394355 0.004788 0.405726
0.957406 0.274975 -0.230231
0.182532 -0.242499 0.879557
0.331877 0.680395 0.579875
-1.122429 -0.109412 -0.483509
-0.030544 -0.658663 0.857592
0.285473 0.619469 0.656988
-0.047795 0.767572 0.576682
0.507085 0.639633 0.569604
0.6299169999999999 0.629755 0.387345
0.302549 -0.342833 -0.234124
-0.867783 0.099511 -0.628491
-0.265218 0.376847 0.650759
-0.641774 0.378409 0.397915
0.402178 -0.730817 0.7212150000000001
0.963052 0.148733 -0.302952
0.324196 0.575248 0.669053
1.026517 0.22322 -0.30245
-0.021335 0.258409 0.7060110000000001
-0.559601 0.84988 0.335365
-1.240534 -0.121145 -0.478661
0.33827 0.306009 0.626333
0.795079 0.511087 -0.121036
0.289408 -0.06751500000000001 0.738294
-0.536404 -0.180052 -0.098286
0.130752 0.690277 0.584432
6.1e-05 0.166512 0.8096139999999999
-0.472367 0.608139 0.524533
0.52294 -0.209058 -0.222195
-0.121918 0.646414 0.390653
0.998784 0.341555 -0.29093
-0.202733 -0.387488 -0.384892
-0.830115 0.539002 0.159294
-0.710039 -0.122355 -0.086224
0.043666 -0.507506 0.967499
0.882984 0.288291 -0.236833
0.931876 0.32184 -0.247886
0.7857730000000001 0.525122 -0.07136199999999999
-1.006998 0.08089499999999999 -0.651446
-0.520074 0.642765 0.313758
-0.984847 0.066096 -0.593744
-1.196038 0.083675 -0.684703
-0.040551 0.712216 0.413188
0.733205 0.050175 -0.44405
0.784394 0.363326 0.08912100000000001
0.101828 0.172486 0.76915
0.218877 0.718908 0.295888
-0.591229 0.580809 -0.492782
-0.410953 0.600046 0.568472
-0.7433110000000001 0.270719 -0.522488
0.095794 -0.09980899999999999 0.84406
0.169283 0.146412 0.749503
0.061779 0.146216 0.802144
-0.289598 0.397058 0.645086
0.08770699999999999 0.270262 0.70896
0.118622 0.695342 0.439313
-0.223895 0.492709 0.550015
-0.070525 0.777631 0.454286
0.247045 0.64366 0.647575
-0.0322 0.111218 0.834808
-0.316155 0.536712 0.586948
-0.049677 0.112033 0.795308
-0.5656600000000001 0.393514 0.546052
-0.240927 -0.229936 0.276369
0.655628 0.250476 0.4941
-0.496222 0.413515 0.598626
0.654376 -0.191774 -0.247562
0.248562 -0.672915 0.876995
-0.068398 0.703981 0.588816
0.727948 0.223238 -0.504526
0.374946 -0.287569 -0.389589
0.411659 -0.537949 0.8456939999999999
0.146836 0.583726 0.651381
0.013134 0.10511 0.845621
0.09607599999999999 -0.261935 -0.6710970000000001
-1.05635 0.091478 -0.682589
0.473531 -0.222305 -0.151756
0.132154 0.716265 0.333825
0.36117 0.813597 0.500048
0.055227 0.611401 0.517853
0.10701 0.715489 0.57058
-0.652608 0.408774 0.486643
1.122419 -0.104786 -0.355669
-0.922383 -0.063594 -0.3817
1.307627 0.168163 -0.339463
0.350056 0.544373 0.6723789999999999
0.347491 0.43828 0.682678
-0.188035 0.425432 0.627591
-1.207539 0.08501 -0.699658
0.161508 -0.671084 0.891334
0.8393929999999999 -0.225764 -0.261362
-1.105551 -0.123684 -0.410779
0.294613 -0.059479 0.566262
-0.39815 -0.251073 -0.489233
0.185748 0.713384 0.57526
0.23527 -0.561276 0.935825
-0.499318 0.376946 0.573036
-0.575883 0.477938 0.514208
0.337626 0.372185 0.653168
0.037444 0.156662 0.7960739999999999
-0.882149 0.07806200000000001 -0.491091
1.003271 0.216401 -0.291282
0.313479 -0.584076 0.905331
-0.922167 -0.180075 -0.157643
0.445516 0.718204 0.584781
0.452115 -0.381299 0.690185
-0.288223 0.297611 0.664284
-0.043971 0.017866 0.792108
-0.005685 -0.478542 0.959979
0.124197 0.027603 0.830299
-0.057244 -0.400002 0.926565
0.172597 -0.288255 0.899156
-0.246493 0.631552 0.558493
-0.423905 0.5777600000000001 0.591913
-0.409338 -0.274844 -0.359125
0.031613 -0.138973 0.863227
0.193926 -0.539457 0.903401
0.8385359999999999 -0.220719 -0.226897
-0.927125 0.050092 -0.516523
-0.787676 -0.046537 -0.346306
-0.722191 0.668463 0.229594
-0.190202 0.51268 0.471063
0.089282 0.460274 0.642378
0.117321 -0.384591 0.066862
0.701402 0.630511 0.02876
-0.044287 -0.368307 0.5531740000000001
-0.09898 -0.610328 0.88124
-1.216605 -0.028353 -0.5467
0.052814 0.140815 0.774406
-0.770996 0.270198 0.341787
0.245289 -0.579039 0.931523
-0.796445 -0.085035 -0.240392
-0.141175 0.5821769999999999 0.600772
0.488414 0.507957 0.58392
0.766398 0.131801 -0.440146
0.828528 -0.09736599999999999 -0.261362
-0.261289 -0.319559 -0.509286
-0.273709 0.421344 0.622951
-0.836914 0.603739 0.271084
-1.060765 0.189943 -0.747815
0.812827 -0.100096 -0.244984
-0.713905 -0.09776700000000001 -0.103522
0.13265 0.08772199999999999 0.836728
-0.685995 0.603719 0.387345
-0.900577 0.055796 -0.498869
0.170425 -0.506752 0.935061
-0.849338 -0.100307 -0.308882
1.069184 0.309903 -0.273613
0.968127 0.184586 -0.287003
0.001295 -0.140969 0.860557
0.872905 0.247289 -0.300631
0.277661 0.608544 0.665612
0.06732299999999999 0.140973 0.820839
0.235143 -0.359903 -0.047948
-0.506678 -0.000665 -0.675942
-0.914597 0.079989 -0.535311
-0.131934 -0.247396 0.51126
-1.020272 0.189085 -0.685022
0.166873 -0.453362 0.904602
-0.321033 0.7658509999999999 -0.00554
0.872317 0.08695600000000001 -0.277755
0.09773999999999999 -0.187421 0.878714
0.476599 0.309722 0.609648
-0.8067800000000001 -0.05264 -0.352228
-0.051919 0.132932 0.794392
-0.74608 -0.001651 -0.238836
-0.628257 0.5146269999999999 0.432018
0.022627 0.07423399999999999 0.843226
-1.154192 0.01052 -0.662784
-0.048944 0.116474 0.803942
-1.107193 -0.048974 -0.5351590000000001
-0.23375 0.005289 0.515396
0.028021 0.15977 0.772833
0.336049 0.375715 0.647998
-0.5762699999999999 0.326874 0.483251
0.624552 0.196348 0.48619
0.79453 0.370995 0.050288
-0.347166 0.443447 0.661569
-0.777495 -0.107101 -0.115826
0.0271 0.541187 0.616575
-0.271144 0.281112 0.591829
0.833457 0.224026 -0.150546
-0.168928 -0.012119 0.583994
1.032742 0.356534 -0.251507
0.837551 -0.135972 -0.16081
0.197829 0.63093 0.65938
0.453119 0.735233 0.58414
-0.214142 0.325496 0.674014
-0.367537 0.496264 0.6501130000000001
0.017015 -0.646834 0.755643
0.008543 0.165496 0.808576
-0.078666 0.060749 -0.852079
0.308956 -0.116259 0.393824
0.487903 -0.670538 0.7432530000000001
-0.552688 0.771517 0.204248
-0.604869 -0.146573 -0.399909
-0.018187 0.129615 0.836589
-0.899097 -0.11974 -0.159897
-0.100453 0.650308 0.394606
-0.608663 0.446683 0.480287
0.338068 -0.28334 -0.499853
0.034935 0.070296 0.843591
-0.878096 -0.116031 -0.264714
-0.504431 0.218633 0.578913
0.189449 0.420157 0.660332
-1.001638 0.06705700000000001 -0.61465
-0.793416 0.171087 -0.513145
0.8241579999999999 0.237791 -0.103645
0.12208 0.171943 0.785025
-0.737398 -0.004935 -0.132743
-0.440589 0.647878 0.403594
0.627628 0.694577 -0.000804
0.293602 -0.451394 0.8858780000000001
0.193039 0.099388 0.807536
-0.729706 -0.041652 -0.168488
0.475942 -0.682679 0.750262
-0.045369 0.240639 0.7235279999999999
0.397536 -0.440533 0.84145
0.165191 0.606168 -0.738269
0.248664 0.494343 0.706057
0.4403 -0.097209 -0.622269
0.293232 -0.341757 -0.146235
-0.697323 0.462839 -0.501943
0.8005640000000001 0.370694 -0.397228
0.112477 0.351473 0.560192
0.116822 0.058734 0.838714
0.282013 -0.007906 0.50471
0.913064 0.026069 -0.307505
-0.872243 0.107861 -0.465823
-0.063441 0.009721 0.783054
-0.030452 0.163281 0.756378
-0.017407 0.189487 0.739251
0.858147 -0.1709 -0.328494
0.385988 -0.705976 0.78583
0.425445 -0.230552 -0.070784
0.085383 0.51288 0.598502
0.135292 0.446753 0.65781
-0.297546 0.5761849999999999 0.559356
0.15626 -0.304094 -0.599301
-0.850458 0.445054 0.322416
0.363225 -0.302529 -0.316312
-0.447499 0.337894 -0.793937
-0.306128 0.778155 0.350642
0.621206 0.591092 0.222239
-0.256568 0.381116 0.622647
0.22277 0.152848 0.697776
0.473474 0.489051 0.581715
0.303888 -0.077754 0.567779
-0.305755 0.7938499999999999 0.378882
0.235349 -0.266203 0.387891
-0.841101 -0.109315 -0.203942
0.413408 0.607352 0.573875
-0.846342 -0.119489 -0.267188
-1.037108 -0.136501 -0.373775
0.113302 0.799061 0.372239
-0.486667 0.444259 0.622598
0.160108 0.81362 0.376143
-0.657518 0.416879 0.366497
0.118971 0.476845 0.646299
0.044171 0.294586 0.689908
-0.095707 0.453886 0.623898
0.200694 0.05834 0.768846
0.157681 0.441906 0.650958
-0.548211 0.552473 0.523889
0.232963 -0.56642 0.93796
-0.407611 0.323585 0.616152
1.376061 0.161784 -0.381136
-0.146992 -0.228674 0.539653
-0.450712 0.352796 0.617142
-0.973756 0.100605 -0.6219789999999999
-1.162161 -0.089134 -0.466903
0.112985 0.52262 0.615208
-0.8989200000000001 0.210457 -0.564711
-0.480306 0.343758 0.605064
0.462016 -0.598646 0.7970739999999999
-0.271652 0.491666 0.58291
-0.7334310000000001 0.00146 -0.032556
0.018375 -0.397976 0.532058
-1.156145 -0.094556 -0.48791
-1.028607 0.090637 -0.670156
0.370922 -0.440319 0.863146
-0.461476 0.892644 0.305802
0.096036 -0.331694 0.391518
1.128528 0.14986 -0.353398
0.141247 0.677405 0.586238
0.272367 0.895916 -0.164484
0.763408 0.068907 -0.038572
0.54566 0.721803 0.482906
-0.350182 0.710375 0.499331
-0.492174 0.603407 0.534502
0.38505 0.723373 0.579861
0.463616 0.402862 0.601904
-0.497753 0.3756 -0.769228
-0.678279 0.564947 0.395793
-0.6307700000000001 0.391334 0.42284
0.280924 -0.39313 0.901103
-0.450072 0.360687 0.607192
-0.843939 0.006364 -0.420793
-0.021714 0.06447899999999999 0.812168
-0.213726 0.711582 0.502024
0.060056 0.152521 0.756059
1.196841 0.348003 -0.36195
0.707373 0.206733 0.272215
0.237042 -0.336304 0.89624
0.982646 0.086863 -0.319607
-0.670024 0.260166 0.48139
0.273965 0.015117 0.524414
0.02866 0.161836 0.751494
-0.188734 0.029421 0.558656
0.836533 0.046983 -0.279152
-0.217465 0.507733 0.599441
-0.849437 0.39182 0.19457
-0.289363 0.536721 0.561553
-0.67965 0.194389 -0.638381
0.051296 0.148938 0.809487
-0.520076 0.6185040000000001 0.463438
0.311611 0.6445070000000001 0.58919
0.02462 -0.353483 0.27047
-0.449393 0.610534 0.521239
1.004039 -0.103918 -0.338013
-0.950455 -0.004816 -0.469726
-0.866038 -0.073424 -0.35009
-0.034183 0.882543 -0.271975
-0.869381 0.18187 -0.643685
0.449678 -0.419721 0.761662
-0.140373 0.678498 0.499027
-0.477703 0.631745 0.446208
0.119163 -0.5875359999999999 0.954966
0.298642 0.289454 0.61275
0.266722 0.024837 0.56271
-0.700045 0.568504 0.11278
-1.021004 0.202326 -0.722743
-0.010131 0.646815 0.595032
-0.361242 0.560601 0.608867
1.074322 0.265833 -0.299425
0.273945 -0.705469 0.828454
-0.392882 -0.288699 -0.182297
-0.8080850000000001 0.23568 0.019008
0.09697600000000001 0.149864 0.815476
0.174948 0.369741 0.625383
0.237811 -0.721233 0.758884
0.109673 0.742412 0.252134
0.203596 0.61044 0.67015
0.203895 0.648865 0.643329
0.782336 -0.141977 -0.141556
-0.552436 0.623835 -0.488769
0.388065 0.744302 0.584197
0.055888 0.561399 0.616814
0.244661 -0.5003880000000001 0.867794
0.743874 0.314959 -0.485857
-0.799994 -0.05232 -0.342042
0.259324 0.459842 0.706676
-0.131819 -0.457019 0.700994
-0.673697 -0.07912 -0.022043
0.117301 -0.043965 0.817634
-0.404186 0.73626 0.467358
-0.215327 0.553739 0.583135
0.887883 0.224258 -0.32924
-0.022982 -0.634287 0.762679
1.074317 0.1076 -0.339004
-0.846962 0.360254 0.272029
0.643689 0.621966 0.547539
0.706686 0.5764590000000001 -0.402385
0.369596 -0.256622 0.5607490000000001
-0.005392 0.489943 0.625094
-0.958815 -0.100399 -0.355657
0.004698 0.146852 0.828295
0.649327 -0.190466 -0.196491
1.214398 -0.019189 -0.40956
-0.9562929999999999 0.09379700000000001 -0.601687
-0.189293 0.21251 0.714163
-0.167435 0.8653 -0.227921
0.838215 0.144061 -0.213711
-1.16943 -0.083984 -0.608899
0.608756 0.242045 0.530269
0.138865 0.738045 0.371753
0.130294 0.116725 0.83199
0.379171 0.554613 0.635464
0.461053 0.560284 0.572993
0.868506 -0.156823 -0.176148
-0.243307 0.599027 0.562972
1.258763 0.044638 -0.361666
-0.7700939999999999 -0.031866 -0.345931
-0.351527 0.334608 0.6453140000000001
-0.073279 -0.074304 0.806444
0.150095 0.159773 0.789227
-1.230929 -0.112151 -0.462731
0.485045 0.676507 0.578427
0.592731 0.406437 -0.599679
0.386837 -0.070074 0.313004
-0.452647 0.635875 0.477155
0.107832 0.61796 0.591353
0.269678 0.6416190000000001 0.6412639999999999
-1.133637 0.144999 -0.734509
-0.04339 0.095133 0.803179
-0.911859 -0.081418 -0.351726
0.132754 0.478953 0.628802
0.175222 0.04426 0.811724
-0.341297 0.021289 0.445229
0.425047 -0.316002 0.718213
0.339667 0.102076 0.591524
-0.258401 0.5307269999999999 0.547125
-1.143182 -0.047388 -0.56931
0.723631 0.558808 0.455127
-0.514213 0.595596 0.503036
0.314564 0.32644 0.656639
0.733548 0.587182 0.033622
-0.590382 0.550055 0.444623
0.09075800000000001 0.897581 0.553737
0.289076 0.676807 0.5435950000000001
0.956615 0.120124 -0.307595
-0.554368 0.6674369999999999 -0.323992
0.217528 -0.550915 0.919992
0.083678 -0.414751 0.514651
0.255795 0.716854 0.5726020000000001
0.248564 0.657201 0.6027940000000001
0.679917 0.542345 0.302066
0.059045 0.140445 0.76885
-0.442958 0.457647 0.645496
0.402845 -0.464505 0.843049
-0.053765 0.104616 0.781294
0.38784 -0.535627 0.86625
-1.142859 0.090115 -0.678647
-0.018263 -0.422368 0.947368
-0.856066 0.068589 -0.45021
-0.098664 -0.11677 0.804227
0.386155 0.699085 0.236713
-0.626493 0.461146 0.469544
-1.146101 0.146183 -0.773241
-0.345722 0.697007 0.143434
0.284655 0.018246 0.511327
0.252123 0.042094 0.627676
-0.029804 -0.34604 0.276887
0.479847 -0.227311 -0.229852
0.772579 -0.005466 -0.224644
0.137965 -0.104681 0.838234
0.12575 0.360938 0.672084
-0.507953 0.624433 0.43741
-1.153146 -0.161808 -0.355888
0.308956 -0.157711 0.5072179999999999
-0.933088 -0.088389 -0.351749
0.135787 0.078828 -0.857214
-0.055495 0.123648 0.774255
-0.839475 -0.108455 -0.290441
-0.721929 -0.051948 -0.122367
0.31765 -0.228876 -0.593536
-0.774299 -0.083509 -0.211544
0.60402 0.054123 0.247173
0.060069 0.473072 0.634
0.239902 -0.346202 0.473095
-0.083274 0.749795 0.546743
0.245971 -0.483207 0.871792
0.172705 0.59701 0.670786
0.5082680000000001 0.403539 0.5508729999999999
0.010933 0.7442569999999999 0.388494
0.046861 0.721892 0.570788
0.427497 -0.45797 0.5870379999999999
0.17776 0.299481 -0.862938
0.345694 0.668863 0.498646
0.694648 -0.19837 -0.236576
-0.594603 0.320047 -0.722548
-0.47445 0.383624 0.60567
-0.466751 0.893795 0.337231
-0.191664 -0.140052 0.456738
-0.640556 0.473906 0.394192
0.120374 -0.28508 0.910952
0.9818 -0.142775 -0.256451
-0.342632 0.653067 0.512176
0.506405 -0.619819 0.701906
0.402895 -0.258161 0.710313
-0.155848 0.036919 0.62939
-0.378214 0.282429 0.638884
-0.927297 0.126603 -0.555241
-0.563407 -0.152607 -0.428824
-0.237703 -0.035698 0.48445
-0.731342 -0.108598 -0.102196
-0.783292 -0.044871 -0.3356
-1.205668 -0.150338 -0.426183
-0.693371 0.571188 0.387575
0.842819 0.240292 -0.166233
-0.59762 0.496398 0.474048
-0.041155 0.631888 0.601517
0.152219 -0.498119 0.901044
1.080345 0.063207 -0.345597
0.332665 -0.546018 0.900628
0.140453 0.724598 0.567412
0.184888 -0.5207580000000001 0.949847
-0.052315 0.128731 0.786155
0.168158 -0.500598 0.890915
0.194326 0.517954 0.696054
-0.716646 0.006101 -0.522012
-0.809443 0.138393 -0.585674
-0.062082 0.163772 -0.874781
0.198323 0.68609 0.584385
0.500381 0.521864 0.5009670000000001
0.066125 0.681928 0.58127
0.591097 0.515357 -0.556104
1.087395 0.218847 -0.338905
-0.577591 0.574146 0.435789
-0.766703 0.114769 -0.551384
0.206173 -0.6942469999999999 0.699342
-0.806222 0.145696 -0.387865
1.2565 0.167737 -0.381814
-0.759393 -0.091339 -0.162799
-0.5707449999999999 0.388817 0.546714
0.387074 -0.247812 0.74261
0.283042 -0.565679 0.913724
-1.170178 -0.007823 -0.6374379999999999
-0.830213 0.152003 -0.428349
0.108693 -0.140953 0.859129
0.7789239999999999 -0.10127 -0.197556
0.82657 0.3604 -0.281014
0.034707 -0.428318 -0.141387
0.940223 0.105057 -0.304989
0.059896 -0.13844 0.863217
0.319382 0.652386 0.569257
-0.31958 0.583346 0.541425
-0.8604619999999999 0.207864 -0.56746
-0.146651 -0.035402 0.688806
0.395137 -0.279354 -0.235995
0.111907 0.169078 0.794361
0.960775 0.039624 -0.316663
-0.759588 0.239078 0.236881
-0.253862 0.213348 0.686904
0.260367 0.009863 0.692182
-0.794447 -0.046199 -0.356592
-0.776249 0.582746 0.36564
-0.10895 0.02646 0.731916
-0.654361 0.627534 0.393586
-0.8350379999999999 -0.096869 -0.288854
0.442376 0.025752 0.381311
0.8177720000000001 0.002767 -0.293086
0.581943 0.145324 0.447552
0.353637 -0.565871 0.889938
-0.279724 0.560586 0.527693
-0.015805 0.167988 0.759324
-0.329042 0.676518 0.5107969999999999
0.851519 -0.104383 -0.288097
-0.422187 0.283157 0.623328
-0.231562 0.040409 0.533339
-0.033018 0.378184 0.647524
0.310051 0.710907 0.327888
0.345657 0.517599 0.683265
0.370327 0.801437 0.473115
-1.034348 -0.148621 -0.248516
0.096858 0.830934 0.560932
0.451535 0.674332 0.225494
0.388496 -0.09955899999999999 -0.657666
-0.262606 0.339705 0.618007
0.135073 0.061738 0.835256
-1.269887 -0.045301 -0.586046
-0.45579 0.473094 -0.7553029999999999
0.099283 -0.33609 0.414961
-0.259679 0.527347 0.59127
0.493483 -0.04126 0.226798
0.16505 0.123176 0.821174
-0.293162 -0.182011 -0.652048
0.418352 0.322359 0.634082
-0.421078 0.415772 0.645242
-0.017783 -0.655033 0.8836000000000001
1.300206 0.052636 -0.355692
-0.218057 0.104773 0.637529
-1.177024 -0.027442 -0.602596
0.236731 0.385557 0.672629
0.279661 0.454211 0.706148
0.1459 0.671326 0.586095
-1.077646 -0.136508 -0.307878
-0.405493 0.003794 0.365286
-0.33591 0.66351 0.510058
0.188681 0.108146 0.784004
0.2773 -0.520018 0.54566
-1.070176 0.000636 -0.55459
-0.805164 0.62688 0.277038
0.43101 -0.364426 0.756787
0.519238 0.577597 0.56638
-0.893066 0.5185 0.242082
-1.052971 0.149755 -0.68472
0.18877 -0.194472 0.860806
-0.328499 0.066829 0.504827
0.169753 -0.010774 0.797131
-0.504583 0.455667 0.609581
-0.279388 0.770915 0.462594
-0.647377 0.557027 0.423587
0.461266 -0.720948 0.639759
0.392484 0.7630209999999999 0.582947
-1.058564 0.185956 -0.727194
0.009965 -0.265771 -0.680756
0.312093 -0.449661 0.889572
-0.424336 0.488398 0.642688
-0.980308 0.144144 -0.758171
-0.903166 0.155452 -0.517994
0.281636 -0.0314 0.698546
0.608379 -0.082874 0.037723
-0.184971 -0.265312 0.307271
-0.890202 0.094596 -0.50244
0.221037 -0.551164 0.929333
-0.216697 0.55245 0.445291
0.862907 -0.046404 -0.298108
-0.178599 0.626536 -0.737768
-0.545938 0.282905 0.491053
-0.856832 -0.005271 -0.41743
-0.889312 0.474243 0.253154
0.311505 -0.563159 0.907682
-0.830104 -0.118606 -0.255552
-0.420497 0.550704 0.61175
-0.021748 -0.193198 0.87399
-0.596018 0.507938 -0.601223
-0.961525 0.004145 -0.487428
0.94393 0.242641 -0.235627
0.101024 0.4789 0.610859
-0.397105 0.360783 0.62587
-0.062962 0.875066 0.488574
-0.902699 -0.115796 -0.272507
-0.09406399999999999 -0.5286 0.920285
0.809538 -0.112538 -0.183164
-0.455791 0.647273 0.474335
0.069323 -0.329228 0.931905
-0.768473 -0.104901 -0.373621
-0.294864 0.41652 0.6375420000000001
-1.015174 0.057961 -0.606388
-0.186278 0.296321 0.694852
0.07887 0.144965 0.816866
1.167961 -0.162422 -0.42536
-0.833994 -0.118773 -0.273401
0.489619 0.487303 0.588162
0.728213 -0.053898 -0.148294
0.776021 0.566016 -0.238469
-0.775147 -0.074917 -0.22433
0.556568 0.24015 0.561541
-0.188707 0.478221 0.514143
0.162438 0.368285 0.668929
-0.6211100000000001 0.213699 0.501108
0.128922 0.877282 0.382397
1.269813 0.049279 -0.356355
-0.789587 0.49034 0.376013
-1.101094 -0.17631 -0.303877
-1.171256 -0.077499 -0.534308
-0.285496 0.6878030000000001 0.539535
0.07365099999999999 0.148396 0.808189
0.337463 0.511902 0.68755
-0.695445 0.521186 0.018501
-0.792639 -0.048578 -0.321136
-0.353849 0.690603 0.495882
-0.27051 0.115082 0.62266
0.735167 0.330265 0.322049
-0.846967 -0.090322 -0.319202
0.196157 -0.376756 -0.39855
-0.160349 0.680797 0.494198
-0.442533 -0.205601 -0.011052
0.08131099999999999 0.107297 0.839191
-0.124038 -0.541659 0.749514
-0.059233 -0.622401 0.770123
1.163717 0.370387 -0.290231
0.868718 -0.120128 -0.244555
-0.827422 -0.075715 -0.30905
0.341617 -0.371972 0.521142
-0.113304 -0.6059870000000001 0.81939
-0.38242 0.47427 0.658002
0.110825 -0.384304 0.484732
-0.383972 0.671271 0.48806
0.038209 -0.677463 0.818343
0.10892 0.172539 0.786191
-0.408645 0.797309 0.463627
1.006807 0.054493 -0.32774
0.09875200000000001 0.418679 0.587117
0.033643 0.155596 0.76449
-0.866876 0.028114 -0.449641
-0.757964 -0.116233 -0.095803
0.900278 -0.211746 -0.233465
-0.17269 -0.129001 0.57595
-0.823132 -0.10738 -0.26073
0.363271 0.560795 0.656296
0.8481109999999999 -0.115564 -0.199068
0.258506 0.395888 0.669963
-0.992255 -0.116007 -0.366955
0.058512 0.901842 0.550339
-0.84738 0.554284 0.185283
0.506585 -0.649355 0.703882
0.333392 0.689589 0.573522
-0.58014 0.414498 0.518835
-1.197263 -0.1404 -0.408844
0.821553 -0.118027 -0.251046
0.432997 -0.491154 0.820303
-1.072281 -0.129464 -0.338205
-1.224242 0.075263 -0.731542
-0.031229 0.172055 0.796303
1.120632 -0.028852 -0.380337
-0.756798 0.221141 -0.501471
-0.298529 0.535139 0.575561
-0.364287 0.6185850000000001 0.515889
0.695564 0.269352 0.455381
0.103048 0.555576 0.606693
-0.530883 0.323988 0.5726020000000001
-0.820356 0.03923 -0.399356
-1.052628 0.133699 -0.678958
0.168932 0.385662 0.665637
0.207712 0.109817 0.727203
-1.019948 0.176153 -0.671565
0.32956 0.674284 0.587158
0.318885 -0.570049 0.905817
0.341632 -0.553686 0.8977000000000001
-0.49763 0.242105 0.588429
0.469762 0.75693 0.556886
1.14604 -0.008656 -0.384035
1.072347 0.364537 -0.264108
-0.424852 0.886019 0.327147
0.806406 -0.021018 -0.278496
-0.372325 0.6467000000000001 0.50792
-0.816871 0.186854 -0.468747
-1.157673 -0.101521 -0.5060480000000001
0.137526 -0.449201 0.959992
-0.254672 0.465557 0.611769
0.211175 0.013538 0.770049
-0.6286659999999999 -0.124293 -0.041586
0.005828 0.855919 0.016289
-0.833356 -0.07882400000000001 -0.319091
0.7474420000000001 0.590369 -0.016349
0.785512 -0.216746 -0.239268
-1.149391 0.101285 -0.687378
1.164495 0.177789 -0.372323
-0.544339 0.5197000000000001 0.557913
0.506993 0.813147 -0.133338
-0.612695 0.5198660000000001 0.430208
0.680091 0.422217 0.513244
0.129574 0.130452 0.826236
-0.412875 0.629156 0.47366
1.293839 0.011283 -0.450387
0.177166 0.630514 0.655585
1.157072 0.052937 -0.370325
-0.224856 0.472874 0.615237
-0.081027 -0.607003 0.909787
-0.103965 0.653985 0.419321
0.111644 0.333702 0.683409
0.399932 0.643032 0.479088
-0.013502 -0.656027 0.794283
-0.997955 -0.128207 -0.351546
0.430719 0.6217240000000001 0.578471
0.336643 -0.273566 0.821528
0.01899 0.070427 0.841448
-0.355232 0.84174 0.408792
-0.17533 -0.146089 0.630907
-0.86236 0.402591 0.222611
-0.39238 0.372502 -0.80677
0.105662 0.17369 0.777654
-0.457066 0.653393 0.471509
0.423312 0.716843 -0.521571
-0.087149 0.748811 0.491644
0.651583 0.647748 0.06929399999999999
0.294996 0.336081 0.646069
0.098166 0.660942 0.591481
-1.140414 0.148154 -0.753479
0.079261 0.501586 0.635459
-0.101407 0.15692 0.7503609999999999
0.051835 0.145677 0.81857
0.634667 -0.107914 -0.037102
-0.915595 0.173979 -0.543118
-0.466729 0.594178 0.561999
-0.008312999999999999 0.776318 0.183034
0.020208 -0.241123 0.8991980000000001
1.355952 0.033634 -0.417078
-0.547225 -0.046317 0.167687
-0.269933 0.757177 0.405318
-0.463319 0.634601 -0.603989
0.223534 0.653188 0.617296
-0.025497 -0.120243 -0.781612
0.42827 -0.247652 -0.152459
-0.189926 0.689839 0.538955
0.16442 0.659185 0.588909
-0.647684 0.506946 0.43948
-0.859825 0.567371 0.21088
-0.617677 -0.109529 -0.466648
0.913724 0.150814 -0.265201
0.292061 -0.716328 0.691253
-0.628054 0.60434 0.40734
0.5939 0.702111 0.4841
-0.889026 0.047471 -0.481528
-0.889368 0.508885 0.216846
0.754239 -0.088683 -0.349146
-0.251092 0.672035 0.314749
0.340539 -0.1806 0.548289
-1.184532 0.11662 -0.750339
0.5009169999999999 0.688089 0.386439
0.63281 0.580359 -0.482696
-0.538292 0.633503 0.142582
-0.125719 0.632347 0.597878
-1.126675 0.137679 -0.717431
0.004358 0.762525 0.575407
-0.621009 0.583914 -0.178221
-1.107653 0.043876 -0.6851739999999999
0.442915 -0.448891 0.792701
0.604005 0.320924 0.5540040000000001
-0.7511330000000001 0.158115 -0.529376
0.326998 0.669663 0.592883
0.214369 0.6808689999999999 0.563811
-0.718045 -0.056309 -0.100382
-0.9378030000000001 0.094346 -0.576937
0.409661 -0.305813 0.750252
-0.653446 0.665641 0.188495
0.284138 -0.561156 0.895474
1.173199 -0.08822000000000001 -0.347938
0.314037 -0.217837 0.812806
0.845583 -0.21205 -0.296959
-0.011579 -0.318073 -0.623247
-0.781757 -0.09664200000000001 -0.186475
-0.177805 0.09223000000000001 0.649305
-0.09675499999999999 0.718679 0.498071
-1.037584 -0.135619 -0.347239
0.839983 0.254483 -0.298672
-0.397506 0.671057 0.237329
-0.887974 0.150893 -0.493655
-0.330256 0.601294 0.536134
0.146558 -0.447485 0.957014
-0.758755 0.135493 0.079125
-0.98436 0.01982 -0.520209
0.101041 0.622438 0.59479
-1.259997 -0.037738 -0.571742
-0.217937 0.041257 0.545305
-0.488356 -0.124757 -0.5649420000000001
-0.071612 -0.30816 0.8914879999999999
-0.088186 -0.409471 0.909579
0.15401 0.34439 0.678945
-0.785896 -0.029228 -0.369683
-0.191286 -0.406462 -0.209195
0.082385 0.354374 0.670179
0.232101 0.247327 0.701439
0.7289679999999999 -0.094156 -0.150981
-0.194126 0.561353 0.587902
-0.581236 0.6022380000000001 0.073586
0.051349 0.582757 0.610235
-0.475661 0.622852 0.472244
1.246345 0.031908 -0.378603
-0.553749 0.39905 -0.729239
-0.414562 -0.25301 -0.09256200000000001
-0.806787 0.183007 -0.321446
-0.476016 0.663557 0.455975
-0.379727 0.298429 0.636987
-0.306981 0.381858 0.650275
0.237934 0.463338 0.702477
-0.276258 0.506267 0.576059
-0.516162 0.63688 0.377264
0.971581 -0.16547 -0.244275
-0.032971 0.162805 0.808947
-0.816407 0.345097 0.011871
-0.555961 0.624187 0.45622
-0.642948 0.46021 0.471636
-1.062567 0.178584 -0.792743
0.529106 0.801408 -0.195487
1.112159 0.354826 -0.275173
0.174365 0.900798 -0.195098
0.333548 0.703461 0.570587
0.282332 -0.545975 0.861707
0.118787 0.398497 0.65812
0.38182 0.331239 0.648017
-0.155988 0.002523 0.637536
-1.202774 -0.029338 -0.544565
0.056483 0.107154 0.841946
0.969573 -0.022456 -0.319538
0.09757200000000001 0.169576 0.789632
-0.457942 0.08670700000000001 0.43761
-0.202938 0.6642479999999999 0.340812
-0.527976 0.537133 0.5649960000000001
0.621329 0.597176 0.310409
0.28122 0.446536 0.703056
0.810561 0.448495 -0.319575
0.500071 -0.602142 0.734834
-0.755588 0.372725 -0.452277
0.036393 0.466857 0.632067
0.061702 0.445696 0.552984
-0.6439319999999999 0.580324 0.09105100000000001
0.050813 -0.408646 0.522814
-0.671148 0.64393 0.389674
0.07302 0.452286 0.639514
0.385696 0.624023 0.578632
0.145241 0.139387 0.817681
-0.850593 -0.117429 -0.279683
0.11712 0.660765 0.549727
0.59138 0.09071799999999999 0.313064
-0.038131 -0.301312 0.905149
-0.7756960000000001 -0.090868 -0.199207
0.790413 -0.012381 -0.256244
-0.79091 0.473256 0.066249
0.320631 -0.528826 0.882215
0.514999 0.349821 0.5381860000000001
0.311828 0.340826 0.660201
-0.137243 -0.490779 0.837116
0.022825 0.165125 0.790721
0.03498 0.054627 0.838626
-0.977862 0.091696 -0.626749
0.4598 -0.689716 0.760288
0.09436600000000001 0.160798 0.802725
0.030396 0.151749 0.819989
0.48357 0.52841 0.524675
0.731578 0.630932 -0.07728
0.302602 -0.491181 0.851236
0.926888 -0.1251 -0.267227
0.143012 0.033153 0.825908
0.787438 -0.000688 -0.255172
0.056052 0.141139 0.767028
1.186514 0.305282 -0.312387
-0.038325 0.125824 0.827871
0.320059 0.022658 0.486628
-0.561392 0.85497 0.302142
-0.063253 0.88519 -0.188301
-0.039684 -0.389749 -0.491059
-0.718119 0.161527 -0.578743
-0.473678 0.614885 0.494759
0.053219 0.065233 0.843624
-0.560419 0.594155 0.450754
-0.20572 0.685015 0.416247
-0.751708 0.457158 0.408456
-0.542578 0.499376 0.5640770000000001
0.047078 0.540226 0.619648
0.303933 -0.43434 0.901289
0.726223 -0.045256 -0.133207
0.056855 0.037087 0.835327
1.356895 0.178314 -0.351801
-0.640323 0.475125 -0.581251
-0.282253 -0.056027 0.416325
0.346588 -0.715011 0.787161
1.074166 0.147469 -0.340443
-0.049015 0.693426 0.594187
0.239324 -0.371728 -0.14437
0.474964 -0.646573 0.772222
-0.725159 -0.03283 -0.095169
-0.005437 0.06361 0.828732
0.27653 -0.030197 0.540716
-0.030397 -0.348852 0.9230699999999999
0.073369 0.129214 0.832624
1.091052 0.337165 -0.342999
-0.638486 0.509279 0.372174
-0.724727 0.502789 0.016503
-0.348901 0.608163 0.523719
0.028522 -0.43674 0.556844
-0.784487 0.422215 0.391464
-0.248713 0.464891 0.617681
0.737506 -0.06279700000000001 -0.168368
1.196927 -0.058086 -0.409567
-0.174658 -0.176426 0.646939
-0.311983 0.431866 0.64256
-1.157964 0.110326 -0.699939
-0.089057 0.709082 0.470384
-0.857295 -0.046325 -0.377888
-0.585047 0.310309 0.461645
0.584805 0.166526 0.498705
0.25958 0.442531 0.692854
0.149935 -0.520674 0.96428
0.09085 -0.689125 0.83878
-1.260092 -0.014494 -0.691261
0.108516 -0.690389 0.771235
0.999628 0.101397 -0.323171
0.34443 -0.516114 0.89523
0.583154 0.479058 0.56389
0.008069 0.158908 0.817519
-0.424355 0.636074 0.489032
0.432045 -0.322438 0.683076
0.361388 0.633638 -0.639332
-1.158704 -0.012569 -0.633201
-0.028036 -0.358733 -0.560393
0.088962 0.594151 0.606703
0.602387 0.445189 0.558827
0.992607 0.248096 -0.263542
-0.619299 0.598627 0.418491
0.6533369999999999 0.435626 0.532914
-0.806002 -0.057901 -0.301536
-0.43424 0.250009 0.618239
0.743046 -0.006397 -0.152703
0.057215 0.138141 0.768717
0.725301 -0.030221 -0.088924
1.290924 0.266248 -0.326658
0.137386 0.158929 0.802121
0.027541 0.353625 0.66165
-0.5445179999999999 -0.190445 -0.264076
0.59541 0.686978 0.454603
-0.825583 -0.08146200000000001 -0.288213
0.806957 0.457088 -0.084957
-0.472727 0.608461 0.533035
0.111432 -0.412578 -0.328197
-1.167548 -0.011646 -0.638692
-0.7583 0.040936 -0.12834
-0.6215850000000001 0.448971 0.445305
0.121298 0.367229 0.579862
0.037979 -0.480512 0.58234
0.81881 0.421546 -0.179856
1.24209 0.244986 -0.341357
-0.169048 -0.071755 0.633053
-0.020273 0.175477 0.793485
-0.802083 0.390327 -0.03571
-0.727322 0.454045 0.423287
0.361693 0.476061 0.686539
0.943309 -0.133537 -0.23639
-0.63306 0.300367 -0.692565
0.287535 -0.033551 0.5943850000000001
0.449638 0.371203 0.628964
-0.814487 -0.093529 -0.255462
-0.329507 0.538365 0.596568
-0.290817 0.557272 0.565098
-0.412872 0.856237 0.274797
-0.149141 -0.07618900000000001 0.713412
0.261507 -0.567997 0.9257919999999999
-0.463613 0.6536999999999999 0.178858
0.027506 -0.667397 0.787828
0.409778 -0.5125189999999999 0.84473
-0.034576 -0.636113 0.9097730000000001
-0.364742 0.301086 0.614548
-0.511365 0.139159 0.511316
-0.650651 0.477313 0.458762
0.09704 0.171096 0.739001
-1.249415 0.011477 -0.716905
-0.724054 0.266685 0.426133
0.289852 0.627764 0.649002
0.011922 0.173972 0.741511
0.563705 0.68611 -0.44946
1.063377 0.20468 -0.336233
-0.040352 -0.328856 0.490059
-0.793364 -0.052288 -0.296129
-0.524415 0.5842850000000001 0.53074
-1.138332 0.077818 -0.673526
-0.553441 -0.005068 -0.641274
0.538664 0.110954 0.428462
0.462344 0.7703179999999999 0.054155
0.850209 -0.050332 -0.292864
0.312619 0.465616 0.702494
0.463319 -0.547472 0.794959
0.385671 -0.556509 0.868832
-0.004388 -0.295417 0.913442
0.287864 -0.016465 -0.769577
-0.346383 0.726342 -0.565003
-0.769475 0.450386 -0.29387
-0.333881 0.639313 0.36377
-1.088088 0.012908 -0.592625
-0.899894 0.148746 -0.6844440000000001
-0.019472 0.171428 0.767271
0.17855 0.692682 0.583044
0.174091 0.529649 0.687645
0.285017 -0.469234 0.866605
0.674192 0.668577 -0.298679
-0.183408 0.690811 0.486136
-0.556805 0.5319199999999999 0.521489
0.509015 0.443582 0.541548
-0.359944 0.279582 0.600478
-0.70987 -0.062047 -0.075102
-0.042927 0.60581 0.605443
0.06067 0.578366 0.5534520000000001
-0.264929 0.504919 0.579245
0.312008 -0.250547 0.492117
0.325681 -0.541929 0.899165
0.34304 0.28277 0.60811
-0.296639 0.370921 0.652278
-0.003765 0.157515 0.819957
-0.726467 -0.03247 -0.121018
-1.231794 -0.02936 -0.551992
-0.536717 0.478313 0.570657
-0.884409 0.115777 -0.485223
0.354002 -0.523606 0.8915459999999999
0.621469 -0.035227 0.102712
-0.059823 0.45355 0.627368
-0.401491 -0.120804 -0.643603
0.583224 0.725217 -0.012348
-0.519655 0.59955 0.484214
-0.174831 -0.107546 0.5641389999999999
0.364299 0.577529 0.630677
0.281416 -0.163831 0.399811
-0.305043 0.514298 0.600709
0.286724 -0.678997 0.8598789999999999
0.299945 0.451976 0.704164
0.320332 0.59307 0.6613520000000001
0.075365 0.158712 0.7703
0.652629 0.088271 0.229965
-0.6218360000000001 0.547296 0.430101
-0.469824 0.639078 0.471838
0.151989 -0.437804 0.942918
0.089147 0.14011 0.823525
-0.316812 0.46023 0.640628
0.099359 0.045537 0.839899
0.34139 -0.59578 0.888713
0.68115 -0.107171 -0.09988900000000001
0.062231 0.54066 0.623326
0.25969 -0.204517 0.83933
-0.247525 0.493865 0.607947
0.252289 0.062607 0.625894
1.248068 0.265663 -0.331227
-0.402655 0.258952 0.573062
0.268003 -0.056455 0.758914
-0.023625 0.057851 0.804402
0.613914 0.674698 0.055526
0.307768 -0.368416 0.504713
1.360626 0.241265 -0.394734
-0.810099 -0.181972 -0.225942
1.08647 -0.17614 -0.321443
1.122657 -0.1064 -0.345336
-0.388854 0.59015 0.5739919999999999
-1.076835 -0.030961 -0.527964
-0.279657 0.349408 0.65232
0.823697 -0.051132 -0.255946
-0.881726 0.166156 -0.490745
0.03384 -0.59661 0.680907
-0.365713 -0.276487 -0.483448
0.528946 0.305434 -0.673942
0.232196 0.704992 0.583614
1.052251 -0.081858 -0.420593
-0.424008 0.66889 0.474166
1.130118 0.379053 -0.301536
-0.173793 -0.098386 0.605696
0.170192 -0.507396 0.95846
0.162985 0.135041 0.751479
1.273924 0.09593599999999999 -0.356238
-0.260121 0.465627 0.60442
-0.797658 -0.067231 -0.266494
-0.493125 0.6032690000000001 0.518652
-0.403163 0.484538 0.649904
0.830553 -0.111737 -0.271398
1.10531 0.141489 -0.346143
-0.279753 0.484652 0.60521
0.7067 -0.068069 -0.089516
0.297151 -0.051226 0.596182
-0.06851699999999999 -0.299648 0.439414
0.833533 -0.038172 -0.28608
0.136297 0.683663 0.585858
-0.639771 0.382143 0.500323
-0.453674 0.466253 0.63881
0.373248 -0.690083 0.608093
0.111701 -0.674169 0.884938
-0.039535 -0.613615 0.931012
0.210137 -0.544508 0.940832
0.128209 0.16013 0.753169
0.694387 0.225559 0.327925
0.347257 -0.256741 -0.539461
