-0.346383 0.726342 -0.565003
0.731331 0.63261 -0.204229
0.29456 0.6315539999999999 0.636817
-0.039535 -0.613615 0.931012
0.526729 -0.020419 -0.60633
0.095259 0.591164 0.602897
-0.455965 0.301446 0.610006
0.283218 -0.180129 -0.661478
0.33633 -0.72456 0.765964
0.514796 0.216749 0.574402
-0.553059 0.569808 0.487003
0.800829 -0.129098 -0.151302
0.861694 0.258648 -0.195921
-1.163097 -0.116151 -0.396989
-0.99173 0.096291 -0.738526
-0.430218 0.606802 0.550795
0.373224 -0.610804 0.866383
0.239891 0.014713 0.740532
-0.315806 -0.303042 0.009672
-1.046811 -0.196685 -0.274903
0.747714 0.242364 0.207972
1.282146 0.318014 -0.320309
-0.5420509999999999 -0.126708 0.040473
0.449678 -0.419721 0.761662
-0.142416 -0.324956 0.633699
0.778299 0.08010100000000001 -0.155552
-0.017971 -0.5485640000000001 0.958518
-0.470342 0.77751 0.213325
0.799534 -0.081217 -0.231252
-0.713869 0.529902 0.06578299999999999
1.198599 0.152601 -0.43246
0.376617 0.672937 0.571562
0.464276 -0.432176 0.730092
-0.607511 0.606529 -0.261275
0.181643 0.579294 0.678739
-0.092714 0.676064 0.446221
0.13125 0.163617 0.760587
0.021859 -0.339574 0.453096
0.106239 -0.361525 0.461591
-0.849338 -0.100307 -0.308882
0.889081 -0.067286 -0.300416
-0.703642 0.674276 0.370492
-0.425092 0.661206 0.480157
0.458259 0.569858 0.517201
0.096287 0.638592 0.556501
-0.469103 -0.227066 -0.283759
0.214335 0.735237 0.250418
0.129691 0.740124 0.562317
0.842166 -0.07650999999999999 -0.274734
0.966852 0.333469 -0.229865
0.448513 -0.635111 0.8038380000000001
0.008069 0.158908 0.817519
0.289428 -0.189673 0.327518
0.11917 0.45633 0.652552
0.215129 0.466579 0.689083
0.708887 0.505397 0.324965
0.283317 -0.309069 0.040894
0.09704 0.171096 0.739001
-0.163611 0.428061 0.516782
-0.061715 0.873181 0.459199
0.301345 -0.375647 0.885109
0.169283 0.146412 0.749503
0.644163 0.393325 0.536395
-0.481768 0.33329 0.602393
-0.624495 0.446773 -0.631479
0.460129 0.540317 -0.642038
0.379171 0.554613 0.635464
0.726127 0.184762 0.209341
0.358064 -0.327511 0.829048
-0.3844 0.569092 0.603949
-1.164766 -0.034323 -0.606835
-0.8604619999999999 0.207864 -0.56746
0.967553 -0.120659 -0.311316
0.144153 0.695411 0.58263
-0.100453 0.650308 0.394606
-0.138253 0.862468 -0.31186
0.081522 0.165252 0.745999
-0.52417 0.461731 0.584959
1.368811 0.17188 -0.365205
0.545673 0.503923 0.572308
0.228422 -0.517906 0.872888
0.836056 -0.102433 -0.272976
-0.768473 -0.104901 -0.373621
-0.044073 0.123532 0.820838
-0.017727 0.784071 0.574969
0.761406 0.022831 -0.180223
0.193707 0.149271 0.732047
0.039687 -0.003979 0.813399
0.175222 0.04426 0.811724
-1.162526 -0.17792 -0.404407
0.81387 0.032092 -0.268185
-0.030284 -0.144537 0.853985
0.13826 0.423144 0.659367
1.025226 -0.176022 -0.282165
0.923163 0.13097 -0.287767
-0.952144 -0.048232 -0.419587
0.891478 -0.134143 -0.194378
0.21337 -0.439373 0.922018
0.438658 0.250107 0.618474
0.233681 -0.450852 0.906256
-0.113321 -0.269699 0.426711
-0.117236 -0.577382 0.773223
-0.478407 0.362533 0.596648
-0.640201 0.413313 0.494678
0.638937 0.383876 -0.568703
-0.439464 0.642529 0.481603
0.181389 0.117117 0.753403
0.019858 -0.665034 0.8787
0.033154 0.137594 0.832157
-0.361649 0.6118170000000001 -0.705406
-0.278747 0.562147 0.57189
0.227534 -0.468969 0.886399
0.731053 0.259119 0.267996
-0.239456 0.363631 0.610756
-0.011433 0.116224 0.842495
0.627628 0.694577 -0.000804
0.081316 0.652756 0.593935
-0.599309 -0.006257 -0.606578
-0.40945 0.5672160000000001 0.6028520000000001
-0.5480969999999999 0.590439 0.45975
0.428184 -0.322827 0.645584
0.719936 0.274384 0.321404
-0.146992 -0.228674 0.539653
0.258881 0.822841 0.40838
-0.792639 -0.048578 -0.321136
0.378419 -0.241971 -0.528379
-0.486667 0.444259 0.622598
0.526191 0.731371 0.557347
-1.149391 0.101285 -0.687378
-0.494285 0.604346 0.506425
0.485258 -0.016613 -0.642427
0.369003 -0.177776 0.621438
0.162985 0.691595 0.583148
0.282187 -0.438944 0.906044
0.300918 0.245976 0.573667
-0.806418 0.168277 -0.412271
0.161964 0.026673 0.809623
0.9182090000000001 0.140973 -0.276923
0.07321999999999999 -0.035967 0.820794
0.345307 -0.5139049999999999 0.539788
0.307143 0.066817 0.574214
-0.029719 -0.317235 0.433991
0.014534 0.134394 0.835673
-0.827422 -0.075715 -0.30905
-0.75331 -0.074007 -0.192371
0.162684 0.018134 0.803339
0.354876 0.671724 0.473033
0.297246 -0.504038 0.847892
1.107593 -0.146461 -0.428935
0.568728 0.412939 0.573139
0.113151 0.6494220000000001 0.589712
0.613914 0.674698 0.055526
0.032482 0.667968 -0.703821
1.198819 0.174958 -0.383028
0.247494 -0.006113 0.745147
0.157116 0.585892 0.669412
0.122166 0.036548 0.8340959999999999
0.043056 0.856629 0.373097
-0.804351 -0.027122 -0.381399
0.233174 -0.317059 0.149508
-0.260997 0.49388 0.598294
0.09715799999999999 0.669131 0.499288
-0.598332 0.600901 0.271812
-0.858495 0.172422 -0.468301
0.6170330000000001 0.01129 0.174792
-0.18852 -0.346081 0.107634
0.064733 0.287247 -0.877815
-0.440589 0.647878 0.403594
-0.159425 0.612364 0.593422
0.033643 0.155596 0.76449
0.183792 0.643566 0.631869
-0.142075 0.680299 0.526737
-0.09406399999999999 -0.5286 0.920285
0.388062 0.867835 -0.212471
-0.530883 0.323988 0.5726020000000001
0.095984 -0.041168 0.819897
0.58885 -0.12658 -0.023391
-0.98903 -0.044111 -0.578447
0.384875 0.284492 0.600871
0.465748 0.355742 0.591871
0.289852 0.627764 0.649002
-0.533144 0.636004 0.460045
0.595168 0.679453 0.565033
0.285831 -0.427085 0.909098
-0.395921 0.282493 -0.811414
1.004039 -0.103918 -0.338013
-1.062697 0.032735 -0.7194199999999999
0.351996 -0.043304 0.399832
1.044494 -0.129289 -0.35651
-0.107084 -0.56287 0.8998429999999999
0.5948909999999999 0.668436 0.422327
-0.114223 0.670077 0.578107
-0.845563 0.05736 -0.435763
0.8393929999999999 -0.225764 -0.261362
-0.998898 0.055984 -0.585507
0.995517 -0.029536 -0.329341
0.058724 0.138164 0.776255
-0.444426 0.43523 0.647757
-0.424336 0.488398 0.642688
0.137497 -0.04355 0.814195
0.274358 -0.302222 0.869914
-0.149977 -0.13336 0.748358
0.030512 0.898328 0.548787
0.808518 0.208937 -0.060528
0.322123 -0.218352 0.194485
0.067262 -0.549995 0.967049
-0.017917 -0.327666 0.458049
0.2626 -0.573827 0.926423
0.312619 0.465616 0.702494
0.85685 -0.09243700000000001 -0.290039
0.986262 0.118154 -0.317759
1.254809 0.180265 -0.370586
-0.247525 0.493865 0.607947
-0.328474 0.04351 0.479959
0.622949 0.147932 0.354052
-0.6011879999999999 0.575641 0.374761
-0.24439 0.570412 0.571426
0.454551 0.556244 0.569021
0.082278 -0.644935 0.70436
0.376443 -0.236913 0.020915
0.667099 0.622933 0.418856
-0.545745 0.553901 0.532044
0.187657 0.621929 0.662878
0.307916 -0.397257 0.890066
-1.201222 0.004996 -0.587884
0.269222 0.017246 0.540937
-1.082724 -0.143972 -0.297323
-0.353849 0.690603 0.495882
0.294526 0.683608 0.5194569999999999
-0.619408 0.786215 0.265848
0.196649 0.371127 0.667024
-0.491051 0.64617 0.466567
0.432755 0.272349 0.57085
0.09875200000000001 0.418679 0.587117
0.05775 -0.570592 0.638472
0.436543 -0.517056 0.8208839999999999
-0.223895 0.492709 0.550015
0.259512 0.448231 0.698847
-0.502495 0.39644 0.589468
-0.454314 -0.062407 -0.660451
-0.417585 0.323465 0.629405
-0.172109 -0.060205 0.591399
0.8931249999999999 0.143379 -0.253071
-0.279348 0.390508 0.652595
1.374103 0.199631 -0.39426
-0.652318 0.465449 0.365909
-0.16728 -0.2116 0.618532
0.449565 0.479836 0.603519
0.166646 0.685207 0.583775
-0.836082 -0.114943 -0.282039
-0.793824 0.10088 -0.349745
1.218788 0.202058 -0.379932
-1.246656 -0.02775 -0.693251
-1.085194 0.089616 -0.792035
-0.482754 0.340743 0.5852579999999999
1.23825 0.207681 -0.365166
-0.6478969999999999 0.547082 -0.028134
-0.461354 -0.231364 -0.188327
-0.577391 0.654325 0.412871
0.311311 -0.422358 0.897002
0.128922 0.877282 0.382397
0.382328 0.605769 0.578003
0.930262 -0.062004 -0.305248
0.257578 -0.244106 0.308006
0.413928 -0.405406 0.58166
0.725954 -0.02124 -0.409405
-0.159106 0.436288 0.623355
0.162053 0.709223 0.436123
-0.144726 -0.001392 0.673393
-0.286368 0.767296 0.488511
0.08155 0.155324 0.802253
-1.075887 0.053978 -0.672654
-0.043086 0.16532 0.793366
0.48357 0.52841 0.524675
-0.693495 -0.041952 0.004891
-0.366635 0.6128670000000001 0.513285
0.077141 0.54718 0.586514
-0.038209 0.577635 0.609877
0.205698 -0.464155 0.893096
0.627221 0.442572 0.547721
-0.150141 -0.102159 0.729584
0.080319 0.029621 0.83513
-0.793364 -0.052288 -0.296129
-0.7756960000000001 -0.090868 -0.199207
-0.018272 0.79283 0.398616
0.454189 0.6049909999999999 0.576536
0.354783 -0.215245 0.554007
0.674641 0.527551 0.525172
0.7480019999999999 0.6026280000000001 -0.25836
-0.828689 0.340636 0.217382
0.383104 0.516925 0.661281
-0.330816 0.523874 0.622727
0.36434 0.44712 0.677613
-0.417052 0.588889 0.583779
-0.8067800000000001 -0.05264 -0.352228
0.8407 0.276876 -0.147083
0.9004219999999999 0.175424 -0.240963
-0.254789 0.49429 0.604195
-0.45049 0.346253 0.619559
-0.8011819999999999 0.135703 -0.365133
0.318885 -0.570049 0.905817
1.351063 0.032889 -0.401325
0.987316 -0.136278 -0.268055
0.08218 -0.237467 0.89883
0.733205 0.050175 -0.44405
0.312445 0.051641 0.547701
0.418893 -0.620278 0.833272
0.38607 -0.673235 0.822407
-1.076835 -0.030961 -0.527964
-1.177582 -0.03262 -0.608302
0.242292 0.481148 0.706687
-0.328287 0.471174 0.651752
0.095625 0.757698 0.560328
-0.007463 0.041418 0.8079730000000001
-0.431071 -0.17713 0.071577
-0.864143 0.087912 -0.457079
1.025051 -0.191606 -0.291563
-0.598839 0.560325 0.434371
0.722191 0.546643 0.428202
0.031443 0.479117 0.515495
-0.388854 0.59015 0.5739919999999999
-0.004726 0.172034 0.801437
0.785512 -0.216746 -0.239268
-0.8663729999999999 0.158704 -0.468522
0.16442 0.659185 0.588909
1.236494 -0.08780300000000001 -0.446583
-0.88337 -0.112058 -0.283311
1.008557 0.004987 -0.331887
0.28088 0.578936 0.679338
-0.809486 0.179853 -0.53444
0.37152 -0.113463 0.274532
-0.250875 0.734663 0.510516
-0.617305 0.342514 0.430115
-0.361858 0.631396 0.442995
-0.566504 0.608957 0.020945
0.197328 0.076212 0.7648200000000001
0.105662 0.17369 0.777654
0.304308 -0.598739 0.903898
-0.333861 0.596353 0.532341
0.403685 -0.211869 -0.545301
0.464227 0.645983 0.566634
-0.07707799999999999 0.070687 0.766377
-1.054479 0.063887 -0.67171
0.833112 -0.013208 -0.298108
0.354002 -0.523606 0.8915459999999999
0.938994 0.146502 -0.289735
-0.621839 0.145362 0.3479
0.384039 0.378378 0.636956
-0.337052 0.591494 0.527993
1.007143 0.012785 -0.402175
0.300495 0.68875 0.494138
-0.570778 0.647155 -0.240698
1.000531 0.172311 -0.314291
-0.483714 0.591383 0.555756
0.807148 0.484986 -0.275448
0.06732299999999999 0.140973 0.820839
0.100745 0.572095 0.602535
-1.242864 -0.122383 -0.5358619999999999
-1.04119 -0.040438 -0.616052
0.965689 0.071746 -0.316247
0.193305 -0.533384 0.928073
0.432997 -0.491154 0.820303
-0.507953 0.624433 0.43741
-1.032194 -0.130019 -0.385989
-0.258623 0.416775 0.642477
0.777302 0.14041 0.039036
0.914529 0.10339 -0.295995
1.117939 -0.066023 -0.436921
-0.390493 0.653849 0.498016
0.179393 0.06780700000000001 0.820694
0.101828 0.172486 0.76915
0.183318 0.118045 0.809246
0.101041 0.622438 0.59479
0.162985 0.135041 0.751479
-0.01568 0.101459 0.84258
-0.450072 0.360687 0.607192
0.437794 -0.567903 0.822909
0.449638 0.371203 0.628964
0.38784 -0.535627 0.86625
0.103123 0.164851 0.745276
0.07645 0.162101 0.7568589999999999
-0.773963 -0.039135 -0.339788
-1.094938 0.000681 -0.580532
0.43146 0.152613 0.583322
-0.37272 0.576817 0.5922500000000001
-0.269717 0.56409 0.572087
0.368238 0.659236 0.58324
-0.409093 0.600288 0.561966
-0.82964 -0.105676 -0.183471
-0.173337 -0.115097 0.657122
-0.525618 0.756095 0.415099
-0.128073 -0.043041 0.730752
0.110393 0.491923 0.641719
0.134926 -0.23847 0.890875
0.17182 0.73895 0.563822
-0.341459 0.527145 0.6308049999999999
-0.7883869999999999 -0.01449 -0.376257
-0.711102 0.428366 0.442532
-0.309886 0.565855 0.545157
0.039525 0.947016 0.507576
-0.207738 0.671378 0.38723
0.145064 -0.379389 0.478385
-0.647046 0.736809 0.237198
0.281127 -0.257911 0.849886
0.12194 -0.188617 0.87508
-0.147545 -0.284974 0.612789
0.531956 0.761531 -0.012963
0.282205 0.308278 -0.827468
0.077594 0.941777 0.512669
-0.041012 -0.65583 0.829445
0.150692 0.160105 0.780879
-0.139567 0.103212 0.6915289999999999
-0.469429 0.7305739999999999 -0.175119
1.260118 0.213929 -0.347675
-0.42266 0.426165 0.654287
0.319785 0.45203 0.700927
0.272496 0.37864 0.669333
0.096259 0.05785 0.841546
0.268521 -0.5618300000000001 0.889709
0.05158 0.820926 0.5612200000000001
1.157072 0.052937 -0.370325
-0.074043 -0.351993 0.564737
-0.410896 0.682162 -0.587297
-0.970575 0.031344 -0.526212
0.997753 0.346119 -0.239935
-0.361866 0.433141 0.662722
0.107832 0.61796 0.591353
-0.043971 0.017866 0.792108
0.332616 -0.454986 0.892718
0.474129 0.768583 -0.414618
0.473474 0.489051 0.581715
0.194905 0.090959 0.790523
0.8241579999999999 0.237791 -0.103645
0.86014 0.060002 -0.287987
0.283088 0.7428940000000001 0.572353
-0.846381 -0.118119 -0.118069
-0.508561 0.193522 0.566823
-0.576017 0.605783 0.452937
-0.870329 -0.056859 -0.370486
-0.254672 0.465557 0.611769
1.164077 -0.085789 -0.390417
0.207174 0.445035 0.674085
0.07345 -0.487157 0.96729
-0.615811 0.173012 0.430999
0.21145 0.691254 0.540612
-0.355708 0.258739 0.584587
0.331877 0.680395 0.579875
0.105687 -0.06864099999999999 0.829187
0.730411 0.595442 -0.332533
-0.226611 0.427342 0.633291
-0.377416 0.75168 0.484599
0.899082 0.08658200000000001 -0.295416
-0.6286659999999999 -0.124293 -0.041586
0.2212 0.66001 0.602788
0.295883 -0.110632 0.498744
0.970541 -0.105507 -0.316659
-0.101407 0.15692 0.7503609999999999
1.372816 0.170751 -0.410808
-0.206307 0.621767 0.577285
-0.39144 0.449415 0.663709
-1.020945 0.144093 -0.65834
0.25866 0.165556 0.678918
-0.823644 0.456341 0.105743
0.08137800000000001 0.923727 0.53654
0.485102 -0.5769300000000001 0.766064
-1.134048 -0.111587 -0.449604
-0.403758 -0.284776 -0.273813
0.908274 0.161846 -0.253062
-0.629715 0.315305 0.519134
0.439635 0.85048 -0.134857
0.279661 0.454211 0.706148
0.103183 0.520249 0.615945
0.489619 0.487303 0.588162
1.200839 0.130541 -0.378193
-0.773477 0.020853 -0.509938
-0.240927 -0.229936 0.276369
0.074367 0.866689 0.370933
-0.261813 0.678658 0.332474
0.710851 0.487347 0.239551
0.118787 0.398497 0.65812
1.074317 0.1076 -0.339004
1.206265 0.085131 -0.382603
-0.607541 0.459175 0.469932
-0.044947 0.09028799999999999 0.794815
0.286957 0.486912 0.704403
0.296685 0.631343 0.629727
-0.125211 0.670583 0.344092
-1.128953 0.027087 -0.673654
0.010933 0.7442569999999999 0.388494
0.481469 0.168106 0.56767
0.077434 0.048673 0.841309
0.987328 0.19557 -0.294119
0.099215 -0.5776289999999999 0.960492
-1.26169 -0.085314 -0.53243
-0.511582 0.670857 -0.47398
-0.5898949999999999 0.825803 0.298982
0.168862 0.582987 0.67477
0.055939 0.518784 0.625898
-0.447143 0.624197 0.483125
0.16935 0.058261 0.82237
-0.59209 0.409008 0.524456
0.124956 -0.589747 0.616497
0.159742 -0.489049 0.960023
0.921302 0.291797 -0.213871
0.151704 -0.493587 0.963412
-0.444755 0.424229 0.641387
-0.8917389999999999 0.185863 -0.517201
-0.91516 0.042677 -0.498453
0.341632 -0.553686 0.8977000000000001
0.817901 0.071363 -0.368994
-0.5934970000000001 -0.16975 -0.325147
-0.655084 0.493698 0.447709
0.307929 -0.455557 0.881255
0.32297 -0.6505919999999999 0.868578
-0.701174 0.12021 0.187333
0.32974 -0.317233 0.845696
0.144036 0.151437 0.746868
0.216664 0.751623 0.374316
-0.478915 0.650142 0.357827
-1.250412 0.037444 -0.687046
0.583224 0.725217 -0.012348
0.699657 0.52199 0.5066040000000001
0.6238899999999999 0.183567 0.462067
0.702143 -0.09194099999999999 -0.113204
-1.16921 -0.08845699999999999 -0.45777
-0.81111 -0.06535199999999999 -0.289988
0.894985 -0.120881 -0.249782
0.283701 -0.597455 0.912218
0.082385 0.354374 0.670179
0.04349 0.487915 0.53735
0.271352 -0.565813 0.918134
-0.247468 0.546758 0.5817639999999999
-0.846962 0.360254 0.272029
0.096858 0.830934 0.560932
0.056052 0.141139 0.767028
0.397472 0.302121 0.636622
-0.249364 0.439081 0.630101
0.774537 -0.092751 -0.203713
1.204937 -0.048315 -0.361669
-1.063794 0.051278 -0.649496
0.056483 0.107154 0.841946
-0.752414 -0.09972 -0.124932
0.079223 0.950869 0.484971
-0.026023 -0.030773 0.812882
1.144914 0.11831 -0.354922
-0.108727 0.697125 0.501252
0.273598 -0.119326 0.793297
0.833221 0.16513 -0.195932
0.357032 0.645363 0.587923
0.667772 0.04801 -0.514205
-0.869381 0.18187 -0.643685
-0.162834 -0.187686 0.55959
0.388178 0.6418739999999999 0.504184
-0.976619 0.177096 -0.7546
0.832341 0.191062 -0.174983
0.84817 0.084069 -0.358599
0.033315 0.807073 0.564061
0.048684 -0.029174 0.820132
-0.224096 0.528215 0.590893
-0.794902 -0.100474 -0.172505
1.284708 -0.07953499999999999 -0.433284
-0.849437 0.39182 0.19457
-0.300553 0.677495 0.260936
-0.423898 0.433257 0.655985
-0.160403 -0.045924 0.65657
-0.805164 0.62688 0.277038
0.209405 -0.291736 0.373954
0.60286 0.64259 0.565402
-0.468264 0.476382 0.62878
0.727948 0.223238 -0.504526
0.034501 0.571744 0.506444
0.120435 0.72277 0.299302
0.147518 0.434548 0.662797
0.380107 0.685128 0.569721
-0.062352 -0.149786 0.842288
-1.157298 -0.076543 -0.546865
1.253621 0.162754 -0.435864
0.111628 0.633854 0.578732
-0.440064 0.605287 -0.662311
0.273965 0.015117 0.524414
-0.296774 0.600684 0.550094
0.403783 0.34806 0.64563
-0.968892 0.06407400000000001 -0.573583
-0.23883 0.527309 0.591363
0.198898 -0.488281 0.540916
0.12034 0.926875 0.519691
-0.456715 0.120617 0.529299
0.464108 -0.574434 0.795635
0.6490590000000001 0.667941 -0.364908
-0.421125 0.343908 0.6308
-0.630233 0.550994 0.429988
1.331906 0.042571 -0.444959
0.386805 0.365644 0.643722
0.843597 -0.02275 -0.298488
0.901654 0.003995 -0.363241
-0.088882 -0.421652 0.628586
0.22277 0.152848 0.697776
0.918625 -0.163133 -0.208377
0.114691 0.66662 0.589091
0.032354 0.60837 0.6003810000000001
0.239953 0.207341 0.701787
-0.154875 0.260024 0.718965
0.1459 0.671326 0.586095
-0.9986350000000001 0.007941 -0.514435
1.023823 0.120776 -0.397325
0.503095 0.651165 0.308869
-1.023998 0.11264 -0.659897
-0.069663 0.81904 -0.475011
0.038974 -0.568458 0.963406
1.080441 -0.148526 -0.308225
0.430788 -0.230386 -0.460809
0.95191 0.007577 -0.3812
1.351897 0.236977 -0.345545
-0.488198 0.439737 0.618254
-0.5445179999999999 -0.190445 -0.264076
-0.177441 -0.086754 0.555909
1.196927 -0.058086 -0.409567
0.377309 0.459479 0.672086
-0.165596 -0.260663 0.73627
0.717388 0.533092 0.397918
-0.232279 0.679375 0.298283
0.463424 0.584523 0.576785
-0.72689 -0.055873 -0.153023
-0.438055 0.80858 0.446587
0.213401 -0.009618 0.776937
0.124409 -0.454332 0.530545
0.263895 -0.71558 0.808206
0.245007 -0.381593 0.493873
0.929323 0.167431 -0.266709
-0.887974 0.150893 -0.493655
-0.805939 0.183737 -0.487136
0.36225 -0.553352 0.88605
-0.7907999999999999 0.050815 -0.350609
-0.433057 0.655721 0.344776
-0.127322 -0.404819 -0.402391
-0.532272 -0.120136 -0.52989
-0.53972 0.608225 0.458466
-0.137243 -0.490779 0.837116
0.153229 0.682333 0.584892
-0.313006 0.615487 0.441015
0.011226 -0.585649 0.956593
-0.28703 0.070352 0.550826
0.4598 -0.689716 0.760288
-0.807761 0.02486 -0.385539
-0.185455 0.597909 0.586528
-0.181086 0.399097 0.553222
0.020858 0.884737 -0.067928
0.513495 0.702691 0.106133
-0.36608 0.513272 0.641226
0.671421 0.597973 0.130597
-1.093614 -0.010237 -0.564425
-0.737611 0.063622 0.051469
0.08264199999999999 0.61472 0.603887
-0.298529 0.535139 0.575561
-0.807817 0.412356 0.368971
0.854217 -0.033609 -0.298275
-0.045342 0.48242 -0.828068
-0.043997 0.379948 -0.8604309999999999
-0.041074 0.104343 0.820585
-0.27098 0.741936 0.376057
-0.74114 0.6434609999999999 0.364435
-1.101021 0.17217 -0.759642
0.775674 0.531304 -0.02323
0.08565200000000001 0.631571 0.5990760000000001
0.261423 0.681229 0.595393
-0.555961 0.624187 0.45622
0.834527 -0.116799 -0.181578
0.633868 0.648745 0.422018
-0.174901 -0.124325 0.521307
0.290671 0.6773130000000001 0.59726
1.351008 0.112564 -0.436328
-0.510663 0.169853 0.55178
-0.387392 0.661558 0.49335
0.075863 -0.360415 0.942161
0.845742 0.127165 -0.229001
0.170463 -0.69028 0.714537
0.3081 -0.61553 0.582087
0.685245 0.57869 0.520361
-1.037023 -0.159101 -0.241657
-0.381017 0.857578 0.323509
0.375566 -0.21803 0.591422
-0.007121 0.175356 0.7929349999999999
0.303156 0.60656 0.659524
0.024732 -0.550165 0.964899
0.592731 0.406437 -0.599679
-0.356026 0.453624 0.666394
0.119163 -0.5875359999999999 0.954966
0.18941 0.089777 0.818058
0.151203 -0.433139 0.9492159999999999
-0.086175 0.420787 0.631823
-0.994673 0.119177 -0.635637
0.208641 -0.547183 0.945929
-0.315895 0.559103 0.559729
-0.959163 -0.123789 -0.254527
0.824033 0.328121 -0.329974
-0.167937 0.485234 0.609751
0.096192 0.506885 0.639118
-0.7524729999999999 0.562392 0.137399
-0.449912 0.596299 0.567526
0.151649 0.586421 0.664307
-0.516297 0.478663 -0.711321
0.838865 -0.121582 -0.274412
-0.581463 0.502449 0.497302
-0.705721 0.451696 0.43621
0.095361 0.574509 0.607522
-0.085588 -0.318599 0.539177
0.950684 0.292602 -0.222394
-0.16564 -0.164525 0.54667
-0.797658 -0.067231 -0.266494
0.481116 0.264122 0.603571
0.065051 0.143777 0.781577
-1.17223 -0.068254 -0.516925
-0.168806 0.656269 0.357082
0.324855 -0.657234 0.602795
0.358638 0.197 -0.795232
1.102556 0.187086 -0.355419
0.208904 -0.299849 0.396811
-0.759393 -0.091339 -0.162799
0.516958 0.606347 0.564452
-0.159763 0.253969 -0.86453
-0.581006 0.609259 0.448274
0.585664 0.760238 -0.192583
0.011682 0.51812 0.620823
0.08870500000000001 -0.019903 0.814748
-0.443742 0.446403 0.647539
-0.570894 0.60205 0.454134
0.961768 -0.213161 -0.271748
0.273493 0.824327 -0.426863
-0.477703 0.631745 0.446208
0.520476 0.655462 0.575431
-0.29236 -0.348348 -0.088398
0.806779 0.216738 -0.026283
-0.44121 0.6547460000000001 0.477101
1.260414 0.059354 -0.394805
0.532083 0.478242 0.582008
0.34443 -0.516114 0.89523
0.303388 -0.462901 0.871374
1.335973 0.168049 -0.43269
0.013023 0.638019 0.592859
-1.191316 0.039385 -0.627172
0.394754 0.36581 0.648297
-0.33033 0.125067 0.605827
0.971581 -0.16547 -0.244275
0.541189 0.120608 0.460369
0.28122 0.446536 0.703056
-1.026244 0.100464 -0.664916
0.51939 0.481039 0.586684
0.453159 -0.486391 0.794098
-0.088422 0.752081 0.520078
-0.348817 0.5125960000000001 0.6416190000000001
-0.451634 0.605533 0.556298
1.127741 -0.117092 -0.331944
0.403065 0.8345089999999999 -0.003574
0.515353 0.456507 0.592523
0.421873 0.519477 0.613652
-0.065775 0.218972 0.741552
0.107006 0.105198 0.837262
0.089147 0.14011 0.823525
0.14785 -0.700318 0.760182
-0.774376 0.447327 -0.225142
0.151812 0.087197 0.833524
-0.535851 0.640431 0.451007
-0.148223 -0.403693 0.802528
-0.760292 0.319198 0.407215
-0.388141 0.162929 0.608019
0.349479 0.332717 0.654602
-0.628746 -0.15115 -0.090084
0.221038 -0.038857 0.785548
1.268657 0.303749 -0.319858
0.398972 0.240115 0.559636
-0.1728 -0.07865999999999999 0.596831
0.367915 -0.217454 -0.570628
0.378427 -0.386132 0.547813
-0.562485 0.626007 0.273323
0.377969 0.142247 0.602915
0.900278 -0.211746 -0.233465
-0.862557 -0.173331 -0.121527
-0.07364900000000001 0.585544 0.608831
-0.351805 0.602762 0.52013
-0.498581 0.585938 0.551668
0.200657 0.680108 0.583684
0.177361 0.11779 0.76127
0.284655 0.018246 0.511327
0.831646 0.355385 -0.192202
0.193376 0.061511 0.798548
-0.779276 -0.025138 -0.364607
0.384962 -0.277493 -0.151176
-0.039434 -0.566578 0.699278
0.38277 -0.270336 -0.451679
-0.188916 -0.099967 0.502382
0.43999 0.607196 0.485773
0.07839500000000001 -0.353077 0.260041
0.187317 -0.392015 -0.321957
-0.410115 0.645311 0.494044
0.786792 0.215575 -0.430664
