0.8910671898754684 -0.1415623541780649 0.566376
0.4515100380995108 0.919490326115712 -0.384964
0.7677886781315546 -0.4432830000000001 0.685944
-0.04663335371731786 0.7795506620342744 0.702644
0.2866934815234101 -0.1401503238026446 0.754883
0.3259978288015504 0.4291688026414257 0.345239
-0.9518362365863605 -0.1845487222527265 -0.228287
-0.5184514352587696 -0.09280822712519531 0.752441
-0.02817066458178638 0.2497909776613649 0.76712
0.4426738913459132 0.5532736709953463 -0.220329
-0.7490024846037531 -0.8811043583290258 -0.421848
0.7052313330891857 -0.4071655000000001 0.647583
-0.4579864167717556 -0.2375297430250954 0.787987
0.458581301600428 0.732122113773008 -0.360336
-0.4931914878786144 0.5287012851337498 0.743057
0.2850904965894184 0.3353432248479143 -0.449992
0.3341754805336479 0.4309149109280224 -0.333316
-0.158039656183677 0.5874132858791543 0.674721
0.7623968908647606 -0.5830538494896903 0.596733
0.3016010092495452 -0.3075077283657368 0.734985
-1.003930390686134 -0.8227204439308569 -0.420006
0.2425845416002317 -0.03973124881759285 0.815323
0.1441893853252057 -0.02528065870461741 0.77182
0.5040525093408942 0.7194185558610146 -0.194244
-0.537938720801775 -0.599125195787283 -0.192627
0.2356483191090579 0.001828861415092217 0.769455
-0.0363832691133229 0.6675123293502732 -0.5773470000000001
0.1366999433525138 0.926483247278341 -0.220505
-0.6872727657860166 -0.5128713489997655 0.423828
-0.5453228924047108 -0.1293409561753751 0.724884
-0.2879014061267524 -0.4476338629820568 -0.47702
0.7183245667522831 -0.4573633540601443 0.6523949999999999
0.1765717571191413 0.8089752545120642 0.273224
-0.4870709677022014 0.5688903370480476 0.707443
0.1506431118307351 -0.2013584764988865 0.810822
-0.3287838512912864 0.4950396648553218 0.536906
-0.550301369304779 -0.3701419311106014 0.5683589999999999
0.291638592837462 1.120250860242377 -0.431129
-0.3438755222605722 -0.3455478760345934 0.707214
0.1810857096602387 1.254323649656199 -0.42868
0.008421470180678041 -0.2800295857726393 -0.555623
-0.2060955194663522 -0.5048619109280224 -0.333316
0.4340454884278486 0.6434248387530827 -0.166624
-0.9124206606414226 0.2699670578934955 -0.17617
-0.2439766831423497 -0.1453660110646828 0.765381
0.5351977983129791 0.9830197787770802 -0.370155
0.475486184104842 0.8408782291666352 -0.338028
-0.7617422590747001 -0.5798742949896749 -0.237793
0.1202751102300791 0.3648166018044441 -0.631694
-0.2964730413406805 0.5214056293234732 0.775726
-0.3142155692421378 0.6229306695434407 0.785721
0.2703991567497571 0.9845870778143598 -0.361694
-0.5585307612155624 -0.1162536560154747 0.752808
-0.414262616907704 -0.7303639001605849 -0.297852
-0.4224690975191592 -0.1217879415309544 0.81896
-0.2117110729566421 -0.3818923348858254 0.667175
-0.5097281561836771 -0.02172906455853266 0.70314
-0.5194875432089616 -0.2859168187370538 0.699112
-0.6091015549210916 -0.9289568400925354 -0.431561
-0.9380948502986625 -0.1412459430360033 0.04541
-0.5960380182540347 -0.2513621308586538 -0.602722
-0.511322501012774 -0.3591785508073132 0.678185
-0.360163692565565 -0.1018078145651756 0.820679
-0.7344456783460362 -0.4518772302947238 0.459839
0.3848540460819428 -0.517495238687621 0.410294
0.06141374238432554 0.371813722092598 0.78421
-0.653699880957344 0.03884059328015344 0.803162
-0.4566835939605253 0.8216708122772149 -0.334442
-0.5323155290169583 -0.3560175419152767 0.68071
-0.5551459883215617 -0.6793530573909832 -0.32481
0.1797468955346371 -0.2775212444312332 -0.369148
-0.3669238992073761 -0.5585968359384569 0.369186
0.05703677346268687 0.6856745895371698 0.662811
-0.08798476297660272 0.7541619202326189 0.7182770000000001
-0.1707046744687972 0.9193048307305374 0.085426
-0.4184193694499695 -0.07809160675828015 0.805401
-0.5982959434106137 -0.2403809719495364 0.6353760000000001
0.7103049451661861 -0.3073737461047402 0.701263
0.715852618947236 -0.605260893252144 0.630096
-0.7215946602919878 -0.7097386140961268 -0.354752
0.5633878561151257 0.8004003911587015 -0.35717
0.1492179091228663 -0.08615100000000002 0.78006
-0.6831112756882209 -0.2162654367151889 -0.570496
-0.5976231242989497 -0.8670836150638311 -0.399902
0.04781512886063161 0.4504122325570667 0.793727
-0.4722628328972733 -0.1550192211044879 0.803843
0.1865564027453485 -0.0644348319677744 0.820828
0.5526517638755275 1.144446933924972 -0.487467
-0.0363551290295321 0.4975010694051281 0.797722
-0.01258687113936843 0.3457928996782914 0.818848
-0.3707605945431953 0.6197258128067415 0.7868039999999999
-0.5590184002901393 -0.5545862716683976 -0.409009
-0.1290032176284309 0.4817798727276926 0.797735
-0.8009804024264879 -0.4783067528696427 -0.064343
0.1609504938447819 0.524104432842464 0.629669
0.0663781942613856 0.8609804049753964 0.615021
-0.4345602162206411 -0.003168373442267294 0.732613
-0.3437774190445227 0.1572860437199902 0.806559
-0.1020805408237415 0.2734253168291708 0.764828
-0.6646882890489385 -0.5834018878287889 -0.197815
-0.5561057429622261 -0.06625340119141418 0.753098
-0.5362084521133438 -0.8925162825081746 -0.388245
-0.08453006484891377 0.5282016329145892 0.778379
0.1256832412989564 1.041401759589731 -0.268616
-0.4819050979433528 -0.617398114064343 -0.253479
-0.9099282638292483 -0.7090979841951957 -0.328278
-0.01249044138220386 0.6292439209170619 0.685669
0.2609879128831386 0.08510032527495587 0.620575
0.3709560190960002 -0.3421493275522369 0.3106
-0.07868843726086315 -0.2720783713040109 0.70961
-0.4793491417916877 -0.5178790681477408 0.59903
0.03074922780894017 0.3417352248585941 0.7997339999999999
0.1843422266075582 1.051574102464666 -0.309044
0.1582609705270644 0.8470600418080361 0.522495
-0.2073413557784652 0.7432122372814833 0.603918
-0.227632094744391 -0.06355235353061758 0.763634
-0.7944245209934592 -0.6342836331392392 -0.253662
0.2497031118307352 -0.02978152350111354 0.810822
-0.2916146572861478 -0.3179314026513936 0.721745
0.2382202691543902 1.179333609568137 -0.489623
0.7279063899829373 -0.5043191493955073 0.685928
-0.07659004103180135 0.353650157579135 0.82078
0.3323167536978799 0.6770155016110803 0.035781
-0.753967847947134 -0.1915926199178019 0.635895
-0.1895037366115357 -0.5612181000353301 -0.112305
-0.3817109891440754 -0.2940208270049106 0.771533
0.3694424824237312 -0.5566548499677256 0.479218
-0.475725339675973 -0.6342704587667474 -0.295734
-0.1632973179994673 0.9596527484851908 -0.147736
0.377245023746425 1.102179548031336 -0.42394
0.803225671532691 -0.4105143269617488 0.6742860000000001
-0.1564410428407731 -0.2592458345892782 0.624512
-0.6290799117887417 -0.5134803692390479 -0.412227
0.6353731646372802 -0.4621533970824055 0.663371
0.4032748766768285 1.18277657582034 -0.455841
0.1273154777394279 0.4705788760345934 0.707214
0.6005708117529003 -0.6332128405010928 0.647446
-0.7586408512692285 -0.5897604990956077 -0.228882
-0.3562917483250621 0.3156845895834489 0.808304
-0.01346554277599583 0.6212089957604831 0.6816410000000001
-0.4832302145756137 -0.2573352833973733 0.751785
-0.2454428176668783 -0.5956714305518972 -0.054644
-0.229100745438795 -0.01250613115189667 0.759598
0.4036241701941921 -0.1304004300608316 0.740784
0.3259841819354999 0.0448611655760624 0.635185
-0.4355691480370451 0.559080105390348 0.626338
-0.7057253647317191 -0.6872561879054142 -0.336624
-0.06419650946923884 0.2088763839307018 0.696226
-0.07951203143847593 0.6077951217355457 0.7253270000000001
0.07244627426905298 -0.3021933721469304 0.499898
0.1920237723637761 0.3265829299951005 0.693733
-0.04077206123052793 -0.4030712815805836 0.346169
0.2182297987696546 -0.3997549008054261 0.40934
0.4705535286077027 -0.6460673807706437 0.507393
-0.2311869781261143 0.3730104078372553 0.712723
-0.1034118084614488 -0.4990305063578104 -0.035714
-0.3553464934222404 0.0560298191012398 0.778564
-0.2834910332934712 -0.1448288731544922 -0.710897
-0.4371900834457748 -0.08808743709335902 0.808675
-0.8825467974840437 -0.6805938932995641 -0.305435
-0.8055508982572159 -0.742891083864245 -0.396118
0.5277610627728286 0.9839589749790866 -0.379387
-0.008678821867235943 -0.3560941604238924 0.446785
-0.4686164848241449 -0.07848356097974872 0.771889
0.3299566042969049 0.1321736029351387 0.410703
-0.3889473698290936 -0.7976086060142721 -0.200943
0.22414672604078 0.5699355178528528 0.627991
-0.134681730923673 -0.1210936008111219 0.755157
0.04317204267352462 0.4669481713770763 0.790456
0.2820936137227262 -0.4170695285415291 0.380783
0.2570434861363277 -0.1742336222572541 0.762207
0.3070670184633041 1.146845677307133 -0.502775
-0.7341368617823268 -0.1279703443161604 0.73521
-0.5860962648235242 -0.04310250880068767 0.758629
-0.3277464559568912 -0.7205675137179705 -0.15921
0.08092954621696487 0.9080740858812766 -0.049082
0.2899156488579068 -0.3721193662688075 0.321167
-0.9349623094094458 -0.7800462230590929 -0.372604
-0.3276820995200432 0.533495954900444 0.790718
-0.04743649445637393 0.6292635814686008 0.655518
0.7423310350011124 -0.3321929313428827 0.660379
0.1276627731927115 1.119158409404918 -0.320114
0.5509576842682747 -0.6428192980268561 0.633881
-0.02484548332786783 0.5028163605375273 0.793797
0.6999586960572584 -0.6744459752291675 0.561295
-0.4029617677959282 -0.2967662553303197 0.761902
0.1500492102443051 -0.1022771442212792 0.81326
-0.02591785325778041 0.8895569613344095 0.184349
0.3507443315798785 0.2738890027631344 -0.299255
0.2522145844490785 0.4300424746756751 0.637985
-0.3202612414484051 -0.569080741883721 0.244684
0.4512225064598391 0.7333223067070171 -0.235199
0.6882261565978892 -0.3465153296746016 0.677801
0.04613836941201975 -0.02663800000000001 -0.69928
-0.423609608962966 -0.3985693652982414 0.680267
0.186354069105021 -0.315957284112902 0.692169
-0.6453479045948761 -0.4431833593164378 0.651047
0.2968285931119511 1.201806204409088 -0.423676
0.4684253792202694 -0.03934144363577496 0.345924
0.5600211391741864 -0.5371269336377078 0.699415
0.01700810836987176 0.2297149078372553 0.712723
-0.7736354744426956 0.1886500517275976 -0.5359120000000001
0.4393289531740492 0.7282540681335011 -0.269
-0.5252410363809341 -0.9462441612319108 -0.335907
-0.7760159844044653 -0.6019731124741111 -0.365601
-0.179921139685215 0.5102674447095105 0.731094
-0.3219138179731513 -0.4010610883879772 0.672905
0.3173873541787631 0.3687990231174757 0.492487
-0.8720172341012752 -1.025088154539092 -0.450745
-0.5565565400232857 -0.258418204605072 0.705688
0.01456206692195055 0.7839342397720364 0.675629
-0.3216890558055208 -0.07112778889402185 0.78125
-0.6543684859548395 -0.5934834645457032 -0.211884
0.3788047150795224 0.5994970126643852 -0.10107
0.6864790899568495 -0.046701337861091 0.596283
-0.7603091267399192 -0.8506060369718648 -0.40859
-0.3386957110172353 -0.1337121797875175 0.822489
-0.5161816042693793 -0.1086367645269771 0.74815
-0.7864713642126165 0.3229116384857408 0.253754
-0.004969351685603952 -0.3416531696001441 0.46718
0.8851517824268074 -0.1551581404266172 0.435481
0.07471115080850901 -0.4149884909077218 0.047436
0.1757702114599269 -0.1771750632942813 0.814264
-0.06011290688709499 0.8861973910808942 -0.392334
0.1980425040302476 0.009523679038552927 0.759521
0.1906774627657224 1.080957053368554 -0.328472
-0.2666475700212341 0.9365288610084427 -0.100372
0.2833912961562247 0.8583401233653796 -0.32357
-0.6033436226147628 -0.1548698087914318 0.650026
-0.5143728328654896 -0.6275838805561621 -0.381981
-0.1512465478999422 -0.3199187054320996 -0.59435
-0.3213077095171427 0.9195987222527267 -0.163765
-0.53525659007833 -0.4921896091017348 -0.463574
-0.03806682851212308 -0.3603376810660087 0.467048
0.3974324323627765 0.4910511654280101 -0.111633
-0.155003700328559 0.955463715669755 -0.027893
-0.1005334288122163 0.5611009934381324 0.731766
0.5500877260725638 0.7348538901777114 -0.285645
-0.1105339401286323 -0.2001004002635675 0.7457859999999999
-0.4377438906780602 0.6227553406427234 0.753738
-0.8157578252471747 0.4709780000000001 -0.086975
-0.374194721486218 -0.4563822695382148 0.642464
-0.1895714472622346 -0.1863793783225542 0.744415
0.6472018832823007 -0.4628154554007928 0.6542559999999999
0.5448430396379956 -0.3919821731967277 0.348866
-0.4702992341012752 -0.329292168224138 0.696014
-0.9566315994552661 0.07693746561759972 0.060116
-0.7095631378250078 -0.4508614058909112 0.648285
0.09664308457221116 0.4372267326792456 0.748108
0.2647204815234101 -0.1782086761973555 0.754883
-0.4402227190884103 0.114159883892752 0.813248
0.3198011585098435 0.7121158548584366 -0.258362
-0.4585345930575981 0.03709278779632066 0.776215
0.09173298961976026 0.795514198751613 0.629745
-0.05472327539167375 0.6044345066650373 0.701172
0.06377401085592473 0.4775818270049107 0.771533
0.5360821165482876 1.181511462890694 -0.450256
0.1977827319895904 -0.2091582593342512 0.772644
-0.8671483801827616 -0.9457930521775959 -0.413116
0.2234225488436808 0.03137520615379418 0.744626
0.1292032638677093 1.0756386175226 -0.287781
0.7468702139936417 -0.4636008427031725 0.688099
-0.3711438869498275 -0.01404006911570079 0.7687
-0.2575784194554304 -0.06434890943009321 0.767487
0.3148835465241918 1.288864301047378 -0.510442
0.4190021287673749 -0.1882070244953896 0.24707
0.6627865620243065 -0.3826600000000001 0.702484
-0.2941298401779739 -0.2375058272103645 0.791665
0.01853515581123045 0.5188178315912565 0.7736
0.3272621114936323 1.133876604499241 -0.436653
0.168677512016751 0.9770940209073223 -0.250549
0.2186542516179789 0.01408027309328874 0.753151
0.05403088371908188 -0.2490197642207041 0.665235
-0.6008259167302459 -0.9439250142809332 -0.42532
0.7411602929745512 -0.3156387160154429 0.71109
0.2796963499677255 -0.1102637111643337 0.770721
-0.3920103156375148 -0.6919217837752878 -0.242737
-0.5854624654527018 -0.8903327360886176 -0.409302
0.713777354032363 -0.3130793575238693 0.675334
-1.007316373335027 -0.8282191379122853 -0.442123
0.4258490101245043 0.7364801218885544 -0.303263
-0.4001593192798663 0.03602972788509541 0.694252
0.01887366268458324 0.6205801426946149 0.674316
0.555982615058619 -0.6933818625934626 0.46167
-0.09363085851007151 0.2362325959042633 0.766907
0.1494508663893341 0.4024264938215144 0.697773
0.2021212945925644 0.493638351525918 0.5817870000000001
0.6257498962842999 -0.687581386804637 0.433323
0.3623265863462816 -0.2657119435152483 0.218781
0.4495467022940994 -0.6178702712515795 0.470505
-0.4499042978667276 -0.782889102448774 -0.296448
0.1187111556819318 0.5561377530663246 0.686737
0.001824915825410775 0.08253284692914793 0.751478
0.5875392154726304 0.9265217726377539 -0.366776
0.2182118585129333 0.8874440257584314 -0.255615
0.1987229159793734 -0.00204781289548423 0.807237
0.675766666064522 -0.466621800314817 0.646047
0.1539285891319853 0.4668081371139929 0.701904
0.09961110796868991 -0.05751050000000001 -0.657043
-0.01645788908547788 0.268858099918619 0.753418
0.2480686126596706 0.8714394408896733 -0.29512
0.2705142932023186 -0.1561815 0.762207
-0.7781925192661104 -0.8672109814389255 -0.422947
-0.3743662651122532 -0.07330139181422249 0.800529
-0.2031653178784981 -0.5674606529014403 -0.045559
0.7395867948347585 -0.3621260947391789 0.645716
-0.4054713647964962 -0.8000150048418259 -0.212433
-0.2463764587307053 0.002233455689521709 0.762886
0.1005232342139837 0.8516313489997657 0.423828
0.4348825145488138 0.6867486105218567 -0.200445
-0.4376086116188596 0.878773650846459 -0.132553
-0.843239772109437 -0.4364261282563461 -0.041992
-0.7381036721172688 -0.4327230613602692 0.647242
0.07386421672098988 -0.1796334237779669 0.758657
-0.04224787987292856 0.2370045255480211 0.766251
-0.2092996706138719 0.4580383364893431 0.764275
0.3924731058489314 -0.08150864006529289 -0.068269
0.1149608663601564 0.5207740614179265 0.6908260000000001
-0.8332325712565635 -0.9360911479376226 -0.434357
0.2671349844588182 1.239547365561795 -0.400375
-0.05621262961055008 -0.4118351305125233 -0.386559
-0.3658183270755981 0.8944300711652146 -0.018898
-0.277821451009221 -0.2951648685804784 0.72522
0.2119664565224596 -0.3614573278027605 0.249733
0.76899021855081 -0.2733858709465022 0.38707
0.2694704498087928 1.027140510207268 -0.38064
-0.717834150344458 -0.241085219804637 0.480634
0.4247954191527174 0.7621292487950238 -0.310372
0.2929694421978535 0.7388839589517955 -0.283508
0.4496283973471688 0.7456072287310636 -0.265671
-0.3510812315751227 0.3956634693280328 0.815636
0.05207720096462825 0.4333803579867109 0.796519
0.3040471781327641 0.1855631604238923 0.446785
0.1445071909824529 -0.3769342031593324 -0.152481
0.1006621511918912 -0.3451920397364645 0.423372
0.2208496741874438 0.06224085652768543 -0.578771
0.005667112250414867 -0.4435222736500853 -0.037891
0.7522746990481601 -0.4343260000000001 0.670563
-0.08533900931432237 0.04927050000000002 -0.758392
-0.83059171078165 -0.6756870434193719 -0.296295
-0.5360632100725429 -0.5864867159141124 0.436298
0.07657249527202353 0.3035254522734723 0.752094
0.6447928412543155 -0.4808420385908319 0.704361
-0.9345677017373029 -0.7417047425218849 -0.351074
0.3332898176552446 0.2019248978242501 -0.396929
-0.7507200060505835 -0.3569571927380255 0.651794
0.8601445052747915 -0.2706540150128649 0.654205
0.5787700110184036 -0.5474689350189259 0.695119
0.009228789081931754 0.4805547315822426 -0.651431
0.01727174741692291 0.321571544061607 0.786728
-0.4175438946803396 -0.6189172399765364 -0.193328
0.3321863805787314 0.8925936887447738 -0.343948
0.740219046383702 -0.6127690029332447 0.592876
0.1087319986826052 0.5176753461267842 0.687866
-0.2794137870205287 -0.06110687545478503 0.757568
0.1863721820268488 0.4793160883879772 0.672905
0.6879404689904185 -0.3722341551258335 0.664825
0.394577167695821 0.810991701955787 -0.328644
-0.7538856477113204 -0.4380462449329785 0.625923
-0.2932802290757976 -0.1586522576147205 0.81543
0.1481382025159565 1.104604893299564 -0.305435
0.1741961252880136 0.4716685394804732 0.683823
-0.3054839916229946 0.6763462056100279 0.74807
0.1869572383901199 -0.2225865642655456 0.755454
-0.9065599251261917 -0.3013318504244011 0.026749
0.3933417845273697 0.7724139555412138 -0.320129
0.1603001440618488 -0.01018800602426736 0.796885
0.8325281072370138 -0.2857330195363414 0.673199
-0.5180910363942199 -0.9555879979808051 -0.3396
-0.02180520731271257 0.5274482730648093 0.780941
0.1239113710366415 -0.2457072097290182 0.72261
-0.4639714962662997 -0.8694182047969845 -0.278778
0.2778218155594517 -0.1604005 0.754883
-0.04838576779592808 0.3173773918142225 0.800529
0.2406037276414361 -0.02033411923456846 0.8126370000000001
0.4745859879728251 1.023239043729205 -0.435394
0.102343414329832 -0.3828360065606582 0.243021
-0.07859595541668461 0.2180998119488839 0.760918
0.2852807152733425 0.07707469327301979 0.577885
-0.1657008994125742 0.7339016233575615 0.396919
0.1986957494239729 0.004247133250295557 0.801014
-0.172968151088466 -0.514117625776473 -0.262558
0.1924992167209899 0.02584842377796686 0.758657
-0.6677745613135475 -0.5710914681970825 -0.119028
-0.6355648315798785 -0.7672125798003059 -0.444733
-0.4213594388385075 -0.2844619563170058 0.773926
0.02900360384022929 0.4446777154538769 0.801607
0.3059885888389982 1.078973782405448 -0.403633
0.1343064409599181 -0.2056524204736721 0.8063129999999999
-0.4724059960385322 0.09061281306108054 0.805115
-0.9255168658676258 -0.8181302349446373 -0.394333
-0.5192829848241449 -0.1662405132214373 0.752808
-0.2486849758144435 -0.09174501318965343 0.757385
0.1567280526791542 -0.3598370497883733 0.404848
0.3015797604198762 0.9290294675816747 -0.348907
0.568072418230781 -0.0458557092457709 0.664215
-0.6188556112772429 -0.08075536128127969 0.758812
