0.833112 -0.013208 -0.298108
0.671421 0.597973 0.130597
-0.208316 0.662764 0.361121
0.185958 -0.708074 0.746681
-0.013502 -0.656027 0.794283
-0.264984 0.763508 -0.53903
0.608379 -0.082874 0.037723
0.07016799999999999 0.658766 0.590467
0.141247 0.677405 0.586238
-0.26891 0.420265 0.630502
0.165571 0.890216 0.549329
0.808399 -0.110762 -0.209108
0.535453 0.46666 0.485673
0.353547 -0.702599 0.805871
0.783452 -0.057788 -0.219205
-0.07521600000000001 0.787867 0.537758
0.162538 0.880289 0.39667
0.270974 0.796051 0.57859
0.232963 -0.56642 0.93796
-0.649834 0.538557 0.42739
-1.109648 0.144826 -0.817049
-0.739594 -0.033226 -0.21483
-1.138332 0.077818 -0.673526
0.156311 0.049248 0.825749
0.162471 0.432965 0.646814
-0.072146 0.643379 0.60097
-0.903697 0.034228 -0.480927
0.217173 -0.326381 -0.525617
0.035752 0.012914 0.813528
-0.191421 0.853953 -0.141625
-0.695666 -0.06952999999999999 -0.048373
0.384626 -0.303158 0.5679689999999999
-0.30731 0.800836 -0.093193
-0.9077229999999999 0.139701 -0.523041
0.68677 0.289059 0.479697
0.166415 -0.508387 0.923731
0.361693 0.476061 0.686539
-0.508449 0.5872889999999999 -0.613156
-0.843117 -0.053014 -0.366564
-0.814476 0.339047 -0.045786
-0.36121 0.57535 0.5701040000000001
-0.171902 -0.190465 0.438133
-0.507359 0.36788 0.58712
-1.046811 -0.196685 -0.274903
0.469762 0.75693 0.556886
-0.234102 0.691132 0.558055
0.888481 -0.081049 -0.297665
0.327442 -0.437476 0.892638
-0.172948 0.03929 0.597311
0.233923 0.698643 0.589566
-0.015181 -0.625991 0.9286219999999999
1.039303 -0.129944 -0.324745
-0.408708 0.825363 0.454225
0.6274960000000001 0.355092 0.5438269999999999
-0.471171 0.402271 0.612998
-0.769322 0.494105 0.06365700000000001
-0.506282 0.5929990000000001 0.539396
-0.610385 0.02015 0.196002
-0.786928 0.126212 -0.563965
0.649614 0.567545 0.268759
0.107832 0.61796 0.591353
-0.008299000000000001 -0.395743 0.083768
-0.612695 0.5198660000000001 0.430208
1.267111 0.120744 -0.368779
-0.479806 0.352524 0.6056240000000001
0.170068 0.634217 0.643192
0.16291 -0.410191 0.945408
-0.401249 0.426912 0.660906
-0.544455 0.568611 0.505595
0.245289 -0.579039 0.931523
0.215323 0.84556 0.569956
0.120435 0.72277 0.299302
1.190986 -0.104474 -0.351123
-0.282334 0.641168 0.538916
-0.032971 0.162805 0.808947
0.456283 0.580478 0.574919
0.039525 0.947016 0.507576
-0.516973 0.563344 0.556064
-0.585047 0.310309 0.461645
0.49025 -0.683708 0.6442059999999999
-0.649674 0.503111 0.342137
0.455317 0.311495 0.58155
-0.144824 0.646738 0.386058
0.124669 -0.363018 0.166038
-0.421542 0.699583 0.030461
-0.008312999999999999 0.776318 0.183034
-1.268944 -0.016824 -0.6695410000000001
0.443641 0.571283 0.567654
0.592571 -0.028976 -0.537304
0.153376 -0.496922 0.909224
0.554894 0.645528 0.158773
-0.006077 0.090183 0.843126
-0.526338 0.689369 -0.211174
0.327004 -0.457051 0.89197
-0.897815 0.171247 -0.51577
-0.311032 0.591838 0.549105
-0.10607 0.696572 0.555073
-0.258326 0.5665519999999999 0.571439
0.491608 0.140544 0.544066
1.097478 0.197933 -0.35377
0.140683 0.684265 -0.672009
-0.238022 -0.377849 -0.097562
-0.089057 0.709082 0.470384
0.310769 0.58345 0.669723
0.281482 0.039371 0.557281
0.207827 -0.188794 -0.694771
0.974986 -0.172544 -0.382747
-0.322382 0.692742 0.516065
-0.38242 0.47427 0.658002
-0.867783 0.099511 -0.628491
-0.870202 -0.109614 -0.296615
0.214335 0.735237 0.250418
0.08149199999999999 0.673412 0.445404
0.723394 -0.123317 -0.137434
-0.893066 0.5185 0.242082
0.389964 0.629135 0.582041
0.18706 -0.627602 0.923617
-0.626323 0.514947 0.401628
0.289076 0.676807 0.5435950000000001
-0.838935 0.350418 0.247234
1.010742 0.158389 -0.321453
0.155821 -0.469948 0.947477
-0.016376 0.171984 0.802338
-0.595633 -0.107357 0.02263
0.137386 0.158929 0.802121
-0.906605 -0.11042 -0.292613
0.463616 0.402862 0.601904
-1.075887 0.053978 -0.672654
-0.7986760000000001 0.169898 -0.020976
-0.651946 0.059379 -0.613525
0.188421 -0.533293 0.917107
0.734438 0.128879 -0.478109
0.784428 0.139605 0.0008720000000000001
0.01915 0.149256 0.825064
-0.157891 0.413579 0.631124
0.269111 -0.334569 0.479231
-0.841841 0.178147 -0.609683
0.095361 0.574509 0.607522
0.354783 -0.215245 0.554007
-1.026305 0.034339 -0.5662779999999999
-0.5558070000000001 0.3996 0.5393829999999999
-1.174819 -0.122903 -0.395242
-0.548076 0.344921 -0.748771
0.287123 -0.329383 -0.053389
0.382179 0.427978 -0.745449
-1.104536 0.17023 -0.780914
0.014078 0.589472 0.604467
0.256462 0.34815 0.647231
0.374634 -0.459792 0.864629
0.296685 0.631343 0.629727
-0.859825 0.567371 0.21088
-0.53784 0.521327 0.564898
0.437121 0.412838 0.613356
0.800427 0.040401 -0.240851
0.407678 0.383001 0.634721
0.547685 0.415911 0.581163
-0.820069 -0.060071 -0.346305
-0.751291 0.48556 0.019278
0.005218 0.079833 0.842378
1.282146 0.318014 -0.320309
0.710597 0.334089 0.469091
-0.6648309999999999 0.706407 0.375858
-0.050831 0.147898 0.784713
0.847019 -0.06447799999999999 -0.284747
0.27653 -0.030197 0.540716
1.254879 0.083706 -0.402719
-0.074043 -0.351993 0.564737
0.196994 0.551345 0.689322
-0.531241 0.5835630000000001 0.502672
0.923887 -0.032164 -0.308534
-0.005405 0.813626 0.567615
0.198521 0.597338 0.674966
0.303084 0.568292 0.678545
0.468341 -0.217663 -0.394564
0.112985 0.52262 0.615208
-0.84738 0.554284 0.185283
-0.585488 0.294046 0.54698
0.162985 0.691595 0.583148
-0.899915 -0.041181 -0.398828
0.701402 0.630511 0.02876
-0.264708 0.048364 0.520572
0.456335 0.7342610000000001 0.114827
-0.831843 0.589221 0.213841
-0.789587 0.49034 0.376013
0.223585 0.388249 0.658212
0.481469 0.168106 0.56767
-0.279753 0.484652 0.60521
0.550817 0.027386 0.268537
0.370108 0.437941 0.670088
0.068938 0.154808 0.762605
-0.381579 0.668423 0.219292
-0.436505 -0.254204 -0.280497
0.7374270000000001 0.393492 0.331964
-0.496222 0.413515 0.598626
1.022589 0.143181 -0.326913
0.277661 0.608544 0.665612
1.218788 0.202058 -0.379932
-0.214142 0.325496 0.674014
0.394355 0.004788 0.405726
-0.508561 0.193522 0.566823
-0.387392 0.661558 0.49335
0.610059 0.688489 0.551164
-0.774725 0.07523100000000001 -0.278409
0.885684 -0.10992 -0.278192
0.627221 0.442572 0.547721
0.177608 -0.310381 0.343675
0.207712 0.109817 0.727203
0.793239 -0.203593 -0.277704
-0.320147 0.611753 0.539834
0.182035 0.5083029999999999 0.689789
0.185888 0.512224 0.693493
-0.427186 -0.258503 -0.186078
-1.194066 0.096132 -0.781309
0.351996 -0.043304 0.399832
-0.730382 0.560816 0.380915
0.299854 0.632591 0.620046
0.004874 0.118304 0.842924
0.259418 0.471571 0.70779
0.655797 0.6654910000000001 0.526203
-0.846706 -0.041674 -0.472574
0.325094 -0.111695 0.718276
-0.793612 0.009874000000000001 -0.370821
0.173003 0.051434 0.817477
0.099707 0.609291 0.586434
-0.004747 -0.568829 0.958341
-0.045342 0.48242 -0.828068
0.153985 0.6685680000000001 0.568011
0.8407 0.276876 -0.147083
-0.731008 0.422841 -0.476164
0.264194 -0.470866 0.5290859999999999
0.545673 0.503923 0.572308
0.398972 0.240115 0.559636
0.23187 -0.5353250000000001 0.87497
-0.800437 0.148927 -0.330333
-0.445435 0.715076 0.446157
-0.42266 0.426165 0.654287
-0.332758 0.728941 0.07585799999999999
0.113676 0.155914 0.810351
0.144629 -0.413154 0.950866
0.831056 0.320289 -0.09284299999999999
-0.892408 0.024994 -0.463999
0.299446 -0.5363329999999999 0.854901
-0.436299 0.87907 0.387945
0.327207 0.08640200000000001 -0.790664
-0.585694 0.74539 0.397923
-0.843761 -0.015655 -0.403542
0.159329 0.725373 0.567561
-0.807817 0.412356 0.368971
0.861694 0.258648 -0.195921
-0.765752 0.060001 -0.220925
0.428637 0.586396 0.567729
-0.037678 0.488128 0.623687
-0.581553 0.095634 0.324833
-0.553059 0.569808 0.487003
0.593778 0.625228 0.164571
0.212815 0.634082 0.657979
0.216283 0.471825 0.6950730000000001
0.248872 0.633198 0.6558619999999999
0.09085 -0.689125 0.83878
1.285641 0.10426 -0.350245
-0.559657 0.851514 0.269758
-0.026241 0.16896 0.804563
0.042152 -0.187838 0.881833
1.033405 0.325104 -0.252266
1.253621 0.162754 -0.435864
0.194253 0.093872 0.755613
0.287864 -0.016465 -0.769577
0.367915 -0.217454 -0.570628
0.114085 0.5077120000000001 0.6263919999999999
0.130509 -0.143038 0.855672
-0.05024 0.5199009999999999 0.618516
0.247713 0.64864 0.627271
-0.466751 0.893795 0.337231
0.033448 0.106012 0.844449
0.236021 -0.294686 0.428651
-0.030397 -0.348852 0.9230699999999999
0.07624499999999999 0.580458 0.575268
-0.448386 0.286722 0.573856
-0.241829 0.049465 0.537056
0.812806 -0.02703 -0.269551
0.260309 -0.215374 0.378501
0.520476 0.655462 0.575431
0.821729 0.137619 -0.373565
-0.781145 0.106626 -0.041842
0.342078 0.815854 0.549888
0.439019 -0.722557 0.725173
-0.296758 0.788405 -0.464662
-0.82964 -0.105676 -0.183471
0.999628 0.101397 -0.323171
-0.213551 -0.292837 0.207495
-0.83165 -0.069378 -0.338461
0.824053 0.392746 -0.230355
0.494648 -0.689456 0.713344
-1.204974 -0.09768399999999999 -0.447704
0.424451 -0.16524 0.09610200000000001
0.842819 0.240292 -0.166233
0.635168 0.122056 0.296757
0.012372 0.025974 0.810998
0.351189 0.209803 0.647995
-0.101667 -0.08321199999999999 0.786463
-0.75331 -0.074007 -0.192371
0.09801700000000001 0.487451 0.643366
-0.538007 0.275716 0.572258
1.081024 0.37235 -0.289495
-0.638486 0.509279 0.372174
0.461369 0.748436 0.574179
-0.466729 0.594178 0.561999
-0.845563 0.05736 -0.435763
0.36187 0.879653 -0.143341
0.660343 -0.027976 -0.47027
0.006597 0.942489 0.504943
0.34304 0.28277 0.60811
0.05775 -0.570592 0.638472
-0.08262799999999999 0.159928 0.7620400000000001
0.829525 -0.119107 -0.242389
-0.7980080000000001 -0.07645 -0.252263
0.706423 -0.184804 -0.281318
-0.395291 0.768173 -0.134949
0.153508 0.566693 0.670415
-1.032625 -0.132177 -0.295095
-0.375605 0.749869 -0.494883
0.484254 -0.492339 0.698622
0.10954 -0.237475 0.895505
0.06829 -0.679133 0.780298
1.326662 -0.025251 -0.42712
0.224946 0.598366 0.676222
0.318632 -0.183999 0.512321
0.997753 0.346119 -0.239935
0.500324 0.401878 0.604226
-0.424355 0.636074 0.489032
0.022575 0.225992 0.714649
0.967553 -0.120659 -0.311316
-0.7597739999999999 0.017657 -0.288207
-0.500069 0.679168 0.434797
0.481116 0.264122 0.603571
-0.536901 0.445364 0.565727
-0.408645 0.797309 0.463627
0.048684 -0.029174 0.820132
-1.246778 -0.032457 -0.560365
-0.366707 0.463206 0.663735
-0.407096 0.63714 0.448632
-0.244889 0.678877 0.559358
0.332033 0.858822 -0.310848
0.214369 0.6808689999999999 0.563811
0.217528 -0.550915 0.919992
-0.279724 0.560586 0.527693
0.479847 -0.227311 -0.229852
0.034935 0.070296 0.843591
-0.5510969999999999 0.491989 0.546805
0.248225 -0.297434 0.878547
-0.628546 0.488591 0.446332
-0.8129729999999999 0.31097 0.303569
0.487903 -0.670538 0.7432530000000001
-0.548666 0.280046 -0.751903
0.103475 0.880614 -0.312716
1.196529 -0.049752 -0.377896
0.09148000000000001 -0.582321 0.6274650000000001
-0.218856 0.7087869999999999 0.526984
0.291123 -0.531439 0.851416
-0.627463 0.58385 -0.350781
0.39952 -0.353277 0.575122
1.071199 0.287512 -0.285521
1.058717 0.01226 -0.34877
-0.922167 -0.180075 -0.157643
-0.402655 0.258952 0.573062
0.412022 0.316796 0.611341
-1.128953 0.027087 -0.673654
0.27942 -0.444593 0.900545
-0.56096 0.41788 0.536116
-0.792639 -0.048578 -0.321136
-0.208914 0.451224 0.620711
-0.506678 -0.000665 -0.675942
-0.33591 0.66351 0.510058
-0.502495 0.39644 0.589468
-0.847168 0.124287 -0.43427
1.017006 -0.016866 -0.33747
0.041863 0.6736529999999999 0.58264
-0.645018 -0.144302 -0.370519
0.773026 0.301776 -0.452634
-0.007793 0.693921 0.367144
0.752526 -0.08557099999999999 -0.182516
-0.020601 0.163385 0.812789
-0.489583 0.600057 0.543188
-0.496579 0.666466 0.44451
0.39909 0.776966 0.57229
0.366455 -0.014525 -0.726265
-0.964256 -0.128138 -0.287599
0.798119 -0.106879 -0.217705
0.051835 0.145677 0.81857
0.045185 0.7093930000000001 0.337299
-0.661397 -0.050558 0.043048
-0.419232 0.334692 0.630945
-0.417052 0.588889 0.583779
-1.169542 -0.001738 -0.63239
-0.107934 0.007436 0.738155
0.631293 -0.173735 -0.316874
0.931876 0.32184 -0.247886
