-0.145274 0.160915 0.717089
0.217173 -0.326381 -0.525617
-0.163351784766 -0.384574189806 -0.768195872115
-0.814615496862 0.150851526525 -0.485929541228
0.619421403023 0.574118134739 0.804685833994
-0.0155612936149 -1.7473814709 -0.800339326621
0.461266 -0.720948 0.639759
0.61518 -0.189328 -0.262399
1.20163 0.306353 -0.389318
0.166313 -0.49524 0.547081
0.407631 -0.617259 0.568526
-0.340937 0.376312 0.636681
-0.878096 -0.116031 -0.264714
-0.785733 -0.039864 -0.359755
-0.270501 -0.363606 -0.36707
0.584176 0.627785 0.567923
0.211175 0.013538 0.770049
0.32106632543 0.0388373061008 0.176234948853
-0.0420060335064 -0.598607662491 0.213078045349
0.229251 -0.556244 0.916123
-0.012233 0.866624 0.553004
0.340828 -0.226589 0.794052
-0.036800499438 0.00875054693667 0.18809465945
0.277225 0.512781 0.701063
-0.338678473547 -0.27116934851 0.661012632543
0.679309 0.535256 0.261054
0.189805 0.095943 0.760532
0.22084308221 0.158364535766 -0.0750117343269
-0.123478 -0.56058 0.863836
-0.456782604931 -0.54716255988 0.647483274752
-0.572267 0.790704 0.217388
0.20323 0.071595 0.757823
-0.422601764746 -1.17078300554 -0.114508018683
0.54161956953 -1.05378886675 -0.621078981478
0.170192 -0.507396 0.95846
-0.053101 0.764014 0.428913
0.407678 0.383001 0.634721
1.71180970941 0.602643058888 0.0553554022025
-0.3851 0.326066 0.638681
0.165571 0.890216 0.549329
0.941615345119 0.185339058014 1.09037413169
-0.711495 -0.037814 -0.033422
0.220895343842 0.207954596487 -0.507928050926
0.130752 0.690277 0.584432
-0.973756 0.100605 -0.621979
-0.209811 0.708619 0.473989
-1.135397 -0.141488 -0.343271
-0.998589873583 1.08684860868 -0.160660580948
0.188666 0.56738 0.683667
-0.90014339339 0.0719812999673 0.153606134688
0.273965 0.015117 0.524414
-0.171397 -0.043049 0.588159
-0.049312 0.676588 0.394216
-0.301103258828 0.825384468417 1.00073593188
-0.850593 -0.117429 -0.279683
0.011069101086 0.716106379599 -0.0847184230172
0.291851 -0.291105 0.47796
0.817776881563 0.62300910597 -0.816439262325
-0.862458 -0.18752 -0.14742
0.298588 -0.472339 0.861824
0.129383 0.688594 0.493764
0.00549111457832 -0.0494338867344 0.586544657917
0.18330179999 0.197767253477 -0.144872135772
0.471766355052 0.268053567932 -0.0891010248391
-0.138307 -0.507285 0.762764
0.226326 -0.499402 0.874035
0.393353527137 0.0290186468934 1.14205077865
0.427255678578 -0.0244557613964 0.376688797049
0.368238 0.659236 0.58324
-0.0108391292834 -0.236403962953 0.545598459112
-0.299091055247 -0.0797474747666 0.212278773331
-0.142685451529 -0.21766258903 0.742424237617
-0.235678838279 -0.207096269168 0.834425452715
0.31834 -0.35208 0.866884
-0.350182 0.710375 0.499331
0.172187 -0.428512 0.933967
0.702143 -0.091941 -0.113204
-0.078666 0.060749 -0.852079
-0.676471 0.716963 0.353306
0.870854521637 -0.571315829355 0.788182686766
0.830708 -0.091753 -0.337593
0.150393 0.075631 0.83327
0.484071014226 -0.328877517593 -0.190926632089
0.473746803286 -0.574610629295 0.608230960037
-0.236615 0.7238 0.428146
-0.746277 0.00923 -0.213158
0.691581 0.545327 0.174318
-0.310521331158 -0.489778179126 -0.0608343686321
-0.433305729692 0.0643750665464 0.375560789334
0.649352230583 0.611892642123 -0.031716761651
1.268657 0.303749 -0.319858
-0.429715292993 0.965239640281 -0.118544296633
0.113676 0.155914 0.810351
0.462420263552 -0.0838269923702 0.314511088763
-0.0302673612445 0.359618451239 0.283871654162
-1.020623 0.200082 -0.745305
0.964124 -0.197047 -0.254946
-1.05348328448 0.348692865361 -0.0414385761301
0.748606 0.426837 0.164385
-0.670024 0.260166 0.48139
0.598167207288 -0.703915704801 -0.6809132059
-0.0001836258061 0.0515137993885 -0.80601059758
-0.303972 0.623917 0.536929
0.819664 0.393176 -0.320604
-1.064551 0.160278 -0.808818
0.543287 0.128758 0.486417
0.34262680721 0.166897842449 -0.200732605982
0.116822 0.058734 0.838714
-0.206777 0.698596 0.445282
-0.610398 0.587082 -0.424736
-0.026264 0.153169 0.820558
-0.922219691049 0.0232081231969 -1.37976717789
-0.652318 0.465449 0.365909
0.811328 -0.004992 -0.290982
-0.567357 0.529575 0.504403
-0.017112 -0.062151 0.826836
-0.183736371785 0.350644980604 -0.0283097760726
-0.763866 0.655554 0.314191
-0.499336 -0.065647 -0.625095
-0.194474 0.681432 0.558881
-0.766066913676 -0.189320552615 -0.328031250808
0.11478184517 0.19910408442 0.38289108793
0.117301 -0.043965 0.817634
-0.348855 0.64454 0.515477
0.384039 0.378378 0.636956
-0.573931 0.402472 0.517914
0.784222 0.052432 -0.204953
0.266939308936 -0.177072823953 0.394181682256
0.147441 0.399359 0.662244
-0.730382 0.560816 0.380915
0.20169 0.496796 0.698702
-0.319697 0.184294 0.648409
-1.17223 -0.068254 -0.516925
-0.502719120758 0.944539053869 0.364522797531
-0.165596 -0.260663 0.73627
0.227534 -0.468969 0.886399
-0.877649784329 0.374378910807 -0.0894513692829
0.020683 -0.433679 0.957899
-0.345889847214 -0.147103935787 -0.523350254766
0.836056 -0.102433 -0.272976
0.316268 0.790268 0.413467
0.215587 -0.149943 0.836173
-0.712303 0.513067 -0.253134
0.1517 0.112843 0.829849
-0.2882252541 0.508254210331 -0.525799891885
-0.840827 -0.118918 -0.278569
0.662342 0.230112 0.470565
0.270996 0.485583 0.706425
0.50087 0.485722 0.532792
1.266679 0.127073 -0.394957
0.17561 0.814936 -0.473751
-0.569045114632 0.30094729099 0.154061463199
0.069757 -0.491709 0.571666
0.069702 0.15059 0.77647
0.080259 0.162314 0.778686
-0.54009405442 0.391893244642 -0.0558699685569
-0.617673 -0.023257 0.131366
0.143762307254 -0.149965426412 0.42661395481
-0.803881 0.028192 -0.521546
-0.613685 0.489561 0.448573
0.313448 0.035589 0.503834
-0.536786 0.710962 0.416314
-0.417585 0.323465 0.629405
-0.409477 0.651724 0.492137
0.388928 0.493335 0.660617
0.397376 0.607921 0.556869
0.312832664396 0.728371351868 0.989544850577
-0.470161486321 -0.00775089460508 0.929047170968
0.162685 -0.512302 0.961996
0.427346142262 0.36858020523 -0.00415914383905
-0.188870448657 -0.361594133714 1.17928943914
0.739346 0.403899 0.368834
0.298955 -0.327291 0.491528
1.12492 0.21025 -0.359424
-0.834885 0.045169 -0.422178
0.474263 -0.720747 0.665036
-0.548138 0.377909 0.542166
-0.4624010118 0.394967183852 0.0128586666244
0.012479 0.05156 0.829199
-0.325673 0.266642 0.659563
0.938994 0.146502 -0.289735
-0.210005 0.469063 0.61423
0.178538051008 0.614309278242 -0.139005581096
0.409539818858 -0.0725108141849 0.537986042935
-0.872243 0.107861 -0.465823
0.923707 -0.124287 -0.254155
0.124059 0.460163 0.653176
0.054527 -0.530261 0.968012
0.514284985237 0.556675838935 -0.95511463206
0.209608 0.710081 0.46288
-1.085393 0.13453 -0.69615
0.447759021776 -0.0754897261367 -0.879334001983
0.224779373451 0.0711692246328 -0.00769925619231
0.046963 0.575359 0.53037
0.162471 0.432965 0.646814
0.739779 0.428205 0.210831
0.151817353467 0.805075733292 0.827128138907
0.864696 -0.118382 -0.231151
0.838600172998 -0.397750008825 -1.01789077087
-0.468634 0.807231 0.215565
-0.811101 0.018462 -0.39556
0.671421 0.597973 0.130597
-0.694759496543 -0.390931822226 -0.460770415332
-0.424852 0.886019 0.327147
-0.038913 0.164955 0.801634
0.862907 -0.046404 -0.298108
0.780969686914 -0.240844293207 -0.196814338542
0.145084 0.92116 0.438116
0.655797 0.665491 0.526203
-0.258296 0.727029 0.530454
-0.250499 0.527305 0.591942
1.214984 0.158101 -0.386407
-0.403697016151 -0.370053264206 -0.277419917877
0.106429 0.636584 0.59176
0.388098 -0.690693 0.804565
-0.304855 0.596202 0.550715
0.097235 0.607219 0.598578
1.03579 0.304538 -0.260645
-0.615442 0.791029 0.329965
0.294254877087 -0.775628624852 -0.482841436825
0.429545479089 -0.396338165843 -0.143863364082
0.11843 0.682701 0.586406
-0.357209 -0.254298 -0.533613
0.127884 -0.006829 0.809626
-0.851963 0.149304 -0.448507
0.0462625470738 -0.0804795743165 -0.254259040887
-0.010965 0.422958 0.63702
-0.241757 0.449444 0.627514
1.092383 0.20813 -0.348005
0.298965 0.014802 0.49635
-0.196206059613 -0.196195875189 0.159593052751
0.973808 -0.041068 -0.320557
-0.114476177595 -0.301805081089 0.185603054615
0.449293 0.407045 0.620945
-0.496156848515 0.104351225803 -0.220172233138
-0.500913 0.261416 0.516886
0.806304079159 -0.65727757794 0.22418683932
-0.590382 0.550055 0.444623
-0.235322 0.378912 0.649478
0.054017 -0.416782 0.957299
-1.04700805957 -0.15985395882 0.449956374256
-0.532341 0.504583 0.576792
-0.026221 0.025107 0.797745
0.854221 0.113753 -0.242483
-1.00830518741 -0.106153491366 0.142409429861
-0.31896 0.347187 0.649444
0.168672 0.134808 0.809172
-0.860790119982 0.385087120153 -0.0944841429143
1.097478 0.197933 -0.35377
0.210018 0.406711 0.668195
0.363599 -0.283348 0.802055
-0.117236 -0.577382 0.773223
1.027253 0.019848 -0.336731
0.238964 0.066232 0.6645
0.307929 -0.455557 0.881255
-0.607137828551 -0.187431476221 0.400659308527
0.502581 -0.583382 0.700934
0.286553 -0.210449 0.827702
0.035835 -0.058323 0.831381
-0.780756 -0.042971 -0.323679
-0.02622 -0.352942 0.516186
0.14972 -0.456675 0.93612
0.16505 0.123176 0.821174
0.027506 -0.667397 0.787828
-0.183408 0.690811 0.486136
-0.00507268187437 -0.544041442524 0.0604433378738
0.654416 0.698491 -0.242682
0.495711 0.316631 0.548833
0.16456 0.139652 0.750483
-0.893257 0.135673 -0.499192
-0.435047484463 -0.918405835738 -1.25519260447
-0.237703 -0.035698 0.48445
-0.578169 0.600929 0.370057
-0.36121 0.57535 0.570104
0.469523 -0.529735 0.627187
-0.0516546005655 -0.80061438517 0.18041057566
0.739575 0.009838 -0.049028
0.363271 0.560795 0.656296
-0.355708 0.258739 0.584587
0.407833 0.576318 0.583388
0.176685 0.029045 0.79814
0.841424 0.040532 -0.288321
-1.19417574863 1.79153981187 0.479100178196
-0.0303208679001 -0.0834676395745 0.687636239996
-0.75652 -0.161509 -0.092275
-0.259443092764 -0.92925605002 -0.488247849032
-0.134784 -0.304922 0.29052
-0.63944 0.613533 0.398323
-0.283567291585 0.476162576401 -0.815497778016
-1.191294 -0.092701 -0.447344
0.111016 -0.403811 -0.038873
-0.760292 0.319198 0.407215
-1.26169 -0.085314 -0.53243
0.219833 0.61831 0.666981
-0.081818 -0.449661 0.923074
-1.064301 -0.041292 -0.508991
0.076266 0.867983 0.558791
0.11964 0.046817 0.836867
-0.705721 0.451696 0.43621
-0.122354679762 -0.00938201315181 1.12138104622
0.11917 0.45633 0.652552
1.052769 0.228098 -0.314664
0.137096 0.532742 0.644863
0.169032 0.526824 0.683495
0.15772 -0.506213 0.905551
0.818735 0.02747 -0.279279
-0.0765131179795 -0.547602655947 1.04729673163
-0.203886080343 0.201111167206 -0.491205472366
-0.925578408089 -0.018213097816 0.374178648064
0.188753 0.112263 0.79291
0.084541 0.163698 0.787305
-0.85122 0.581945 0.296097
0.543858 0.065466 0.332471
-0.0215054044206 0.442267472934 0.224341532784
0.0839482697622 0.826826063507 0.485386222918
-0.172541656836 -0.0423775493367 -0.164312645398
1.24209 0.244986 -0.341357
-0.741035549681 -0.574427864191 -0.879313374625
0.396614 0.487022 0.652353
-0.867471139633 -0.150874190605 -0.0136881637272
-0.497566318295 -0.116722300298 -0.493059485019
-0.849019088655 0.749068924993 -0.710185399729
1.042864 0.328263 -0.331185
0.809538 -0.112538 -0.183164
0.0700268735164 0.174382224383 -0.182475559064
0.107257 -0.416725 -0.14369
0.09782 0.302695 0.696397
0.35394 0.640382 0.584462
-0.551589 0.258951 0.563833
0.393093392882 -0.0866474726612 0.0139233267471
0.316242 -0.551999 0.902196
-0.79914604159 -0.665733969401 -0.0322507144707
0.756516 0.304548 0.215411
-0.623049 0.528371 0.428817
0.719925 -0.034982 -0.067067
0.19888182318 -0.52541041819 0.907998947469
-0.026932 0.160004 0.814102
-0.054789 -0.311275 0.464313
0.193680133322 -0.0738120666333 -0.158867201926
-0.009947 0.144417 0.829724
-0.167956 0.664694 0.342207
-0.804411 -0.054688 -0.317201
-0.758755 0.135493 0.079125
0.210926 -0.536017 0.562149
0.360068359155 0.271258580254 -0.120645160507
-0.24914 0.320877 0.604008
-0.279657 0.349408 0.65232
-0.500673 0.461177 0.613429
0.290882691417 0.10065642178 0.172533414427
-0.007955 0.176363 0.784054
0.432209652619 -0.0954699174892 0.0695392211781
-0.3913 -0.215269 -0.553441
-0.759221 0.048626 -0.054777
-1.109673 0.01035 -0.615608
-0.263939 0.418853 0.637271
0.402897899059 -0.627272034951 0.0718685219909
0.524448431109 -0.336164720672 -0.503733611526
-0.074043 -0.351993 0.564737
-0.846381 -0.118119 -0.118069
-0.970575 0.031344 -0.526212
-0.092714 0.676064 0.446221
-0.148903 -0.315926 0.806545
0.653463 -0.147889 -0.122304
0.401159704706 -1.04277152011 0.130221706767
-1.04119 -0.040438 -0.616052
-0.754619 0.069737 -0.545259
0.621226734149 0.261064418036 0.536683844181
0.706423 -0.184804 -0.281318
-0.871186340792 -1.28123459132 0.132443029067
0.411648 0.647796 0.57331
-0.068392 -0.108853 0.823337
-0.16728 -0.2116 0.618532
-0.706492 0.214349 -0.602347
-0.417052 0.588889 0.583779
-1.015174 0.057961 -0.606388
-0.612787 0.258509 0.526989
-0.218057 0.104773 0.637529
0.14785 -0.700318 0.760182
-1.032582 -0.140345 -0.260968
-0.130276434141 -0.700300653858 -0.767802287811
-0.776312679835 -0.236744280716 0.640401302958
0.361412009722 -0.773951427843 0.883472418386
-0.0170668014546 -0.547766338012 -0.774680117053
0.850662 0.074076 -0.267715
-0.413180002618 0.80184734876 -0.854510286435
0.113434 0.168263 0.759694
0.815251736443 -0.327447425725 -0.264737162538
0.785379 0.549973 -0.1724
0.269197230535 -0.380712637133 -0.148942136316
-0.525884445566 -0.194500055153 -0.373314311123
-0.623312 0.444512 0.485719
0.798949 0.124703 -0.159973
-0.424001 0.358787 0.617608
0.305836 0.432179 0.6903
-0.433057 0.655721 0.344776
0.810961 0.007144 -0.287323
0.003858 0.695291 0.584718
0.282814 0.526762 -0.75113
0.0902697109516 0.567068433855 0.203486187328
0.315759 0.039828 0.512947
0.924865 0.106256 -0.365342
-0.183751154053 -0.0730688181617 -0.0957715617365
-0.302532 0.57279 0.555564
1.044044 -0.13237 -0.348537
0.834452 0.26619 -0.122305
0.267802027567 -0.0217455492608 -0.762637171503
0.125734091483 0.541465193383 -0.15528894522
-0.333861 0.596353 0.532341
0.461053 0.560284 0.572993
-0.587184 0.333388 0.540573
-1.21849423797 0.131061045042 -0.553773365029
1.063377 0.20468 -0.336233
0.344598 -0.495835 0.893184
-0.35252 0.634858 0.417237
0.298833 0.845122 0.493274
-0.460359 0.578699 0.577901
1.09288 0.1174 -0.341855
1.35889 0.155711 -0.428371
1.027663 -0.224447 -0.361199
0.817019 -0.028029 -0.278289
-0.070525 0.777631 0.454286
0.078341 0.719818 0.568691
0.057838488831 0.512732356528 0.148524991671
0.752776002859 -0.322396872419 -1.95972905232
0.222849 0.580524 0.683138
-0.62017891364 -1.37926074634 0.425904936798
1.284416 0.350439 -0.349967
0.0892693778949 0.00938303132953 0.628278304337
0.261231725573 -0.185337091541 -0.692689022731
-0.589121 0.821043 0.266883
0.082037 -0.56545 0.964531
0.785512 -0.216746 -0.239268
-0.773516 0.282281 0.36442
0.129166 0.765577 0.374722
0.331565 0.0343 0.486902
-0.713905 -0.097767 -0.103522
0.203562 0.523335 0.696996
-0.746275 0.438209 -0.419499
1.250957 0.038665 -0.369355
0.672612303861 1.25548569977 0.083798112181
0.120875 0.4927 0.630991
-1.013171 -0.114011 -0.497568
0.965327 -0.12805 -0.303088
0.449062 0.376258 0.611018
0.357714 -0.654864 0.588542
0.910567 -0.106608 -0.283486
0.389116321835 1.16446965623 0.0349698580563
0.182423 0.67776 0.565075
0.055227 0.611401 0.517853
-0.141666311459 0.194431448765 0.937801280616
0.170425 -0.506752 0.935061
0.031613 -0.138973 0.863227
0.1258 0.492474 0.624114
-0.616333 0.161831 0.394037
0.103643040781 0.168877972859 -0.6384275501
0.0553592965084 1.12802425868 0.0979913891171
-0.056725 0.869265 0.517126
-0.0169974768367 0.140309752765 0.404764310059
0.041323 0.091407 0.84555
0.692222 0.628588 -0.352398
0.828528 -0.097366 -0.261362
0.547324 -0.108071 0.057714
-0.859932 0.13498 -0.452223
0.37692 0.343754 0.652642
0.773572 0.359108 0.131755
0.210604 0.08598 0.739489
0.0864240556134 -0.317620186343 -0.341551323865
-0.470342 0.77751 0.213325
-0.5921 0.623626 -0.343109
-0.654182306924 0.208645123317 0.430520266302
0.143711644501 0.000798454003495 -0.141806605593
0.038037 0.403849 0.646025
-0.892142 0.214303 -0.580767
-0.098821 0.656176 0.594428
-0.262382 0.145102 0.64989
-0.569399 0.641278 0.422988
-0.397105 0.360783 0.62587
1.063568 0.161926 -0.339325
0.0675231168038 -1.11635564758 -0.596630735187
-0.479174360301 0.268882643348 -0.129496387582
0.13265 0.087722 0.836728
0.872335 -0.120233 -0.256642
0.149998401643 -1.06759968912 0.886716453584
-0.704966 0.617511 0.383547
-0.772936 0.077163 -0.195057
0.0238070126626 -0.135956919878 -0.00322951281215
-1.165238 0.062436 -0.654332
-0.504298 0.432626 -0.746721
-1.019155 0.067115 -0.636407
-0.606332 0.564282 0.435611
0.181643 0.579294 0.678739
-0.101004677859 -0.167876477391 -0.187577390588
0.694648 -0.19837 -0.236576
-0.660243 0.47678 0.45614
-0.740937825823 -0.345684456238 0.220273143108
-0.153531 -0.331626 0.678301
-0.221893478557 0.305295631533 0.926370147241
1.253621 0.162754 -0.435864
-1.1158 0.114398 -0.693356
0.39559912116 0.41541574316 -0.426042020738
-0.711362 -0.15796 -0.095121
0.524441158817 0.287101050154 0.0916474074182
0.201217 0.535382 0.694157
-1.49759553944 0.728167598356 -0.749679258762
0.963357 0.196051 -0.274758
-0.86234 -0.163197 -0.310053
-0.448317 0.616081 0.504354
-0.226099 0.018418 0.525093
0.869667 -0.025899 -0.301652
0.29008 -0.171026 0.470182
-0.461381 0.691679 0.444478
-0.765561 0.260687 0.315158
0.23563212777 -0.0326233265338 -0.0668433707363
-0.144854987549 -0.242462570636 1.40664579577
-0.0408633515566 -0.362186314654 -0.16262577954
-0.135197945004 -0.703611417301 0.758798008894
0.169283 0.146412 0.749503
0.75142850284 0.502604449964 0.811335825092
-0.604912917484 -0.725635889961 0.440076406487
-0.005437 0.06361 0.828732
0.01915 0.149256 0.825064
0.876344036619 -0.613755532798 0.119636102235
-0.0102489791659 -0.873200424371 0.352496690977
-0.318666 0.674147 0.277945
-0.850077 0.515046 0.160572
0.028943 0.070805 -0.862644
0.380245013006 -0.395520641784 0.0858586433609
0.238857 0.676346 0.587979
-0.185288 0.636125 0.583604
-0.892381958202 0.0198737546274 0.237363776548
0.386438 0.727006 0.183523
0.764985 0.146496 0.085873
-0.003802 0.069857 0.834463
0.168310142011 -0.625475916046 0.0563771632152
-0.559657 0.851514 0.269758
0.788355 0.529027 -0.289081
0.298843 -0.549844 0.877485
-0.821565 0.281538 -0.163872
-1.037108 -0.136501 -0.373775
-0.96543 0.138726 -0.60372
-0.815662 0.599957 0.328933
0.889661 0.242629 -0.211389
0.266722 0.024837 0.56271
-0.071844 -0.310784 0.500078
-0.610385 0.02015 0.196002
-0.0471594224566 -1.35906694541 1.20948158613
0.121914485686 -0.754343392366 0.754611291813
0.532083 0.478242 0.582008
0.379726 -0.654134 0.839908
0.120435 0.72277 0.299302
0.251323 0.865026 0.457807
-0.050051 0.271952 -0.876784
-0.052841 -0.198972 -0.728282
-0.373868 0.527551 0.632362
0.997004 0.352786 -0.249238
0.308357 0.422137 0.683242
-0.453525180205 -0.282358168085 0.17835888341
1.260782 -0.077425 -0.379598
1.100528 -0.190245 -0.410633
0.90422 -0.043587 -0.305022
0.0864854498712 -0.730767285321 -0.612459668966
-0.171701 -0.152319 0.588163
0.721606 0.315601 0.444188
0.427518 0.35534 0.620204
-0.585617 0.601663 0.33777
0.536351144948 -0.917547452355 -0.10055976689
-0.783949 0.081331 -0.325071
-0.752473 0.562392 0.137399
-0.114896 0.808888 0.074229
-0.051919 0.132932 0.794392
0.061744 -0.632193 0.932617
1.017006 -0.016866 -0.33747
-0.613787 0.393654 0.516955
0.274358 -0.302222 0.869914
-0.301754 0.744932 0.522481
0.257776 -0.715303 0.71159
-0.738903 0.488631 -0.310901
0.017662459414 -0.0270662617661 0.253933036986
1.114225 0.086117 -0.348769
-0.0388415527874 0.35641752627 -0.0325935123573
0.082576 0.542585 0.62775
-0.475361 0.54328 0.593975
0.314665 -0.097966 0.570302
0.053943 0.896545 0.380426
0.149282 0.585419 0.658585
0.183685 0.409363 -0.836441
0.8148 0.304164 -0.375579
0.224113 -0.555022 0.906007
0.092002 -0.332858 0.36193
-0.530925 0.484852 0.583012
0.107545 -0.419376 -0.240112
0.772579 -0.005466 -0.224644
-0.335529 0.329871 0.631202
-0.944413 0.211816 -0.673815
0.327682 0.433215 0.687
0.263895 -0.71558 0.808206
0.787438 -0.000688 -0.255172
0.508303 0.483891 0.589512
0.041863 0.673653 0.58264
-0.67965 0.194389 -0.638381
-0.332943859084 0.362187874355 -0.194826540343
0.472775760482 0.107984498728 0.25405738764
0.327207 0.086402 -0.790664
-0.807729029342 -0.245026008787 -0.403093849738
0.591097 0.515357 -0.556104
-0.057404 0.733213 0.584093
-0.622932 -0.169525 -0.155731
0.470631509865 -0.00884055343447 0.553845775447
0.399655 0.638611 0.582913
0.276103 -0.040625 0.731331
0.332256 -0.1053 0.643719
-0.821727 0.550147 0.34409
0.207569 0.71025 0.579119
0.939948664098 -0.211464292611 -0.0748772327728
-0.302374429685 0.301092189555 0.637488488581
0.239324 0.469979 0.705548
-0.910597410573 0.175369090921 0.428279169651
0.258907 -0.445339 0.907736
0.153964 0.41056 0.6635
0.638318 0.626022 0.122324
0.208388 -0.33303 0.446821
1.374576 0.140126 -0.408918
0.86237 0.205659 -0.333793
-1.156417 0.015367 -0.662383
0.574255136615 0.025962700872 -0.0472754485803
-1.129848 0.081915 -0.802515
0.296098 -0.193634 0.476982
-0.425403991142 0.472646711969 0.163388187532
0.506993 0.813147 -0.133338
0.839393 -0.225764 -0.261362
0.407713 0.085868 -0.743131
0.300918 0.245976 0.573667
0.03498 0.054627 0.838626
1.095608 0.15581 -0.346525
-0.772675986212 -0.425748354646 0.167001424432
-0.473977481131 -0.226960197648 -0.0914231134045
0.012832 -0.32976 0.430115
-0.936025 0.174354 -0.572308
-0.348747017598 -1.16095663898 1.08120836555
0.332665 -0.546018 0.900628
0.236021 -0.294686 0.428651
-0.861829378079 0.682103677729 0.635367277168
1.04762536863 0.276337385333 0.0573110373467
0.322943 -0.103839 -0.697683
0.140494179577 -0.293240141049 0.0285456908747
0.159329 0.725373 0.567561
-0.523529 0.622862 0.46532
-0.0865335466564 -0.962096495083 0.14728153287
0.00214744680925 0.213893556309 0.41204328266
0.193039 0.099388 0.807536
-0.24439 0.570412 0.571426
-0.28703 0.070352 0.550826
-0.619527 0.792137 0.297562
-0.793381 0.217508 -0.4013
0.212903 0.696657 0.587434
0.1459 0.671326 0.586095
0.146695 -0.42969 0.953278
-0.010805 0.166015 0.811143
0.428741 -0.585522 0.575462
-1.105551 -0.123684 -0.410779
0.275983692332 -0.805046472452 0.430508421766
0.360941 0.036519 0.469338
1.131681 0.069806 -0.357148
-0.430419 0.775038 0.229682
-0.577309089303 0.0999702376309 0.256800984309
-0.352013372188 0.16380481776 0.350488504963
0.079307 0.038479 0.838718
-0.012396 -0.451768 0.954857
0.225387 0.49333 0.704181
0.45098 -0.55861 0.596501
1.242786 -0.018129 -0.451241
0.726273 -0.150067 -0.32091
0.110686 -0.02304 0.812781
-0.00295776547907 0.792370739796 -1.10594601462
-0.347408882685 -0.52769453373 0.276857141824
-0.438165 0.523872 0.62358
-0.038325 0.125824 0.827871
0.608379 -0.082874 0.037723
-0.365261852921 -0.341256968254 0.455863352708
0.369442 0.489438 0.681087
-0.0235236265526 0.958365247162 0.0915088675203
0.62651314421 0.276790161318 0.215085113895
-0.073482 -0.579405 0.930171
0.489619 0.487303 0.588162
0.296712 -0.273079 -0.55516
0.287908 0.42068 -0.796896
1.008557 0.004987 -0.331887
-0.188225 0.068351 0.617237
-0.671645 0.171837 0.311578
-0.131974065202 -0.16554331732 -0.377620546245
-0.0157213795151 0.518647830957 0.951753523503
-0.0628897660109 -0.695800964246 -0.00848773929832
0.813174 0.443187 -0.131373
-0.225536 0.701536 0.546462
-0.287964161178 0.0378354484275 1.86169133606
0.790797 -0.107613 -0.189598
0.411363 -0.674277 0.808116
0.395316 0.401925 0.649484
1.326662 -0.025251 -0.42712
0.825149 -0.113257 -0.201622
-0.724832 -0.047946 -0.139649
-0.995112 -0.047928 -0.452073
-0.264708 0.048364 0.520572
0.21803300409 -0.424550814012 0.246022230698
-0.15898 -0.029317 0.648634
0.669718 0.376116 0.516575
0.180795 0.645052 0.621434
-0.043582 0.154308 0.762766
1.204937 -0.048315 -0.361669
0.35834701834 0.131819490689 0.974880079345
-0.701749 0.529081 0.400093
0.255795 0.716854 0.572602
0.576683844103 0.23262003893 -0.210609950389
1.237971 0.331424 -0.311561
-0.562222132927 -0.0283893939877 -0.25247941273
-0.669891969144 0.426445471556 -0.149078300865
-0.845458 0.555679 0.320875
-0.597253 0.608008 0.113413
-0.419666 0.406576 0.639932
-1.223794 -0.065744 -0.500446
-0.718119 0.161527 -0.578743
1.229775 0.374625 -0.322944
-1.176803 -0.047499 -0.561954
0.371926 0.557141 0.644408
0.0705105860785 0.268496027707 -0.434742771755
0.741477 0.00839 -0.100844
-0.030397 -0.348852 0.92307
-0.331896 0.385372 0.644787
-0.75331 -0.074007 -0.192371
-1.144439 -0.108652 -0.412609
0.388065 0.744302 0.584197
-0.50367276551 0.188031137036 0.569275351789
0.636114424529 0.01909404174 0.174991672838
0.898318 0.226263 -0.21969
-0.286750663401 -0.349347601387 0.112522210242
-0.94760967471 -0.344235533703 -0.965685945171
0.386141 -0.511146 0.864824
1.003271 0.216401 -0.291282
-0.264284616458 0.916670099821 -0.387912280234
0.222003 -0.555331 0.940892
-0.856832 -0.005271 -0.41743
0.378419 -0.241971 -0.528379
0.3656533987 -0.119606976942 -0.26425592421
-1.020272 0.189085 -0.685022
-0.022982 -0.634287 0.762679
-0.445435 0.715076 0.446157
0.247384 -0.562052 0.927137
0.166071 0.714613 0.573413
0.402895 -0.258161 0.710313
0.813867 -0.011851 -0.292691
-0.050882 0.10786 0.787517
0.27199 -0.458929 0.882129
0.982421 0.207418 -0.281828
-0.353746592552 0.0488603926261 -0.614663491791
0.156411 0.859374 0.383232
-1.021004 0.202326 -0.722743
1.089518 0.225288 -0.396808
-0.392144928903 -0.490009555419 -0.791700845398
-0.912476 0.213215 -0.636637
0.101663 -0.498404 0.562032
0.00109738477348 0.0798422308796 -0.0305802190507
-0.556805 0.53192 0.521489
-0.939012 -0.014093 -0.451596
-0.838727 0.037393 -0.429803
-0.134367288685 -0.0903410309178 0.404694063965
-0.348867142975 -0.3453772824 0.510557443471
-0.335854 0.456288 0.657877
0.00823809521225 0.675877954884 -0.0540072443915
0.143012 0.033153 0.825908
0.971791 0.024055 -0.319848
0.150609 -0.477425 0.926039
0.30495 0.483717 0.701956
0.0225672701715 0.224333958334 0.361452845573
0.066128 0.49822 0.631815
-0.699905703482 0.219881513833 -0.840936632481
0.0473287899207 -0.227776645855 -0.954109048388
-0.721109 -0.034692 -0.066373
-0.372746 -0.292222 -0.424442
-0.639917 0.343219 -0.676781
-0.050982 0.677381 0.372252
-0.109451 0.073006 0.7268
0.78850503494 -0.968679848594 0.113998635868
-0.269717 0.56409 0.572087
-0.5549 0.648314 0.167768
-0.396051 0.628472 0.501238
0.183612019592 0.412426598163 0.495782737168
0.491706 0.593396 0.569261
0.305852 0.380948 0.652293
0.036393 0.466857 0.632067
0.25052904492 -0.526653115308 -0.408621121994
0.492801 0.370057 0.606506
-0.802286 0.159137 -0.360519
0.044483 -0.333085 0.372687
0.0508726001894 0.123889130048 0.592725723035
-0.378561 0.701815 0.481333
-0.88601 -0.029739 -0.405323
-0.158907374431 -0.239306751885 -0.447549741253
-1.038522 0.094019 -0.769539
0.195647999996 0.686687628218 -0.019128980046
0.017728 0.786969 0.569081
0.543753 0.418943 0.494955
0.0622229219234 -0.8408909414 -0.577015007886
-0.143959 -0.478176 0.789062
-0.527275 0.412964 0.571317
0.0538438320984 0.0342980370342 -0.740401120751
0.03562 0.653314 0.588262
0.133711 0.167292 0.76879
-0.126958 0.351277 0.662763
1.244876 0.024917 -0.388589
-1.174819 -0.122903 -0.395242
-0.128015 -0.005521 0.710645
0.316972 0.617423 0.639283
-0.90551 -0.113669 -0.419889
-0.266175 0.509287 0.590791
-0.39545 0.35731 0.631976
0.684582091037 -0.602727310365 0.412676701237
-1.164766 -0.034323 -0.606835
-0.129958472135 0.956468026029 0.367458304057
-0.455965 0.301446 0.610006
0.142881772994 -1.01394774804 1.07071387965
0.462716 0.450286 0.595327
0.419424 -0.734848 0.675206
0.218012093679 1.02750214243 -0.241169672878
-0.769322 0.494105 0.063657
-0.159012449153 -0.587867476637 -0.427650168058
-0.816042307115 -0.807040199795 0.317259302533
-0.077295 0.65988 0.396324
-0.825990899655 0.053272596676 0.617542858526
-0.108469721734 0.78178802363 0.0118288738419
0.551955434368 0.215285778966 -0.445764778677
0.992607 0.248096 -0.263542
-0.230363 0.414627 0.638977
0.655017 -0.089852 -0.419541
0.880380935325 0.842777613631 0.906525252841
-0.43139 0.60663 0.557499
-0.743659 0.501973 0.394956
0.336506173707 0.497535050092 -0.204015035853
-0.174471 -0.153802 0.47937
-0.0456490635429 0.533893870661 0.141861979258
-0.770094 -0.031866 -0.345931
0.242623 -0.68685 0.863209
-0.670221 -0.154987 -0.098914
-0.501516 0.6257 0.466731
-0.629845 0.501568 0.438125
-0.330247 0.632274 0.527045
0.149548 0.603233 0.645407
-0.123962 0.278929 0.712168
-0.507260269698 -0.324051433764 -0.470190616359
0.8407 0.276876 -0.147083
0.181954376652 -0.312031288184 0.566959966353
-0.816126 -0.035047 -0.37851
-0.507330315669 -0.0967117547113 0.412776743317
0.373407 0.390135 0.65619
-0.508692719236 0.281176482974 -0.489026131317
-0.27098 0.741936 0.376057
-0.079801 -0.256023 0.869451
-0.459266 0.677227 0.452299
-0.094922 -0.364366 0.89243
0.0786402390079 0.710469381512 0.015678105291
-0.86236 0.402591 0.222611
0.249756797903 1.13816148635 0.274104356486
0.467691 -0.643616 0.607882
-0.103364 0.846039 -0.015044
0.337403 0.712588 -0.573483
-0.285083633488 0.373138255268 -0.0703560718366
-0.768361 0.654866 0.282951
-0.142383 -0.465285 0.741695
0.278932 -0.559997 0.885402
0.848488 -0.121123 -0.247568
0.177608 -0.310381 0.343675
0.209069 -0.597851 0.934385
0.189253804898 -0.121395865201 0.520627321287
0.328278 0.77069 0.582009
0.036069 -0.340151 0.330891
0.189546 -0.666906 0.667406
-0.286167750573 -0.349255867497 -0.516606640661
-1.104565 -0.12772 -0.443926
0.0433292756229 0.355577935976 -0.456163507604
0.844137 0.211273 -0.184218
0.334381 0.806832 0.568452
0.0540966595854 -0.253034437133 0.664347105894
0.222747 -0.293825 0.88582
-0.832294 0.086074 -0.408905
-0.162834 -0.187686 0.55959
0.356894 -0.671119 0.838479
-0.511383 0.150705 0.533404
-0.579759125342 0.326961618181 0.419443864736
-0.291433110055 -0.266318074994 0.780197154478
1.159728 0.091216 -0.362494
0.684910020361 -0.0703857222601 -0.157272428592
0.84479 0.284474 -0.251514
1.179056 0.186164 -0.378977
-0.086768 0.873404 -0.102859
0.16514 0.006545 0.798281
0.107006 0.105198 0.837262
-0.330816 0.523874 0.622727
1.032725 -0.072764 -0.352505
0.205149094999 0.57946660954 -0.209130251367
0.391473 -0.436612 0.554756
-0.976589277489 0.51162031069 -0.115623359761
-0.394359428598 0.319861263559 -1.25021947458
-0.791441 0.124669 -0.237195
0.996228 0.274363 -0.346918
1.196841 0.348003 -0.36195
1.300206 0.052636 -0.355692
-0.388854 0.59015 0.573992
0.255855396982 -0.407888309303 0.159013062147
0.383104 0.516925 0.661281
0.465748 0.355742 0.591871
0.151812 0.087197 0.833524
-0.177023083432 -0.34244363802 -0.284069619186
0.171481 0.784776 0.564108
0.095984 -0.041168 0.819897
-0.221941 -0.129385 0.420643
0.073426 0.618416 0.603895
0.329539554805 -0.260982032264 0.530529605768
-0.442958 0.457647 0.645496
-0.598397 0.623593 0.415526
1.371362 0.099515 -0.418322
-0.774376 0.447327 -0.225142
0.181401 0.093697 0.823997
-0.830213 0.152003 -0.428349
-0.847276 -0.108867 -0.298833
-0.259159 0.453242 0.610953
-0.547657 0.517734 0.551604
-0.440642699258 -0.665839602372 -0.0730224751309
0.727948 0.223238 -0.504526
0.050309 0.151885 0.753324
-0.858759 -0.088115 -0.329159
0.370327 0.801437 0.473115
-0.438208795838 -0.0704988822092 -0.0291574476759
-0.440261864758 0.881479990531 -0.266183879333
-0.845087 0.0285 -0.434465
0.316755764914 0.0430907169029 -0.752385348523
0.197077 0.487396 0.690589
0.847670716112 -0.711355786786 0.182990532882
-1.128953 0.027087 -0.673654
0.173003 0.051434 0.817477
0.036873 -0.199829 -0.734056
-0.081848 0.678696 0.591908
-0.25279 0.4137 0.645338
-0.661686 0.28207 0.494992
0.341780973506 0.0790148473615 -0.229791263555
-0.575437367397 -0.127931490694 -0.348385237401
0.457514159321 -0.176081239419 0.335848643432
-0.923785 -0.201461 -0.220477
0.445658459622 0.19544293217 0.270265922563
-0.667291 0.187071 0.358142
-0.91516 0.042677 -0.498453
0.294285073819 0.568752203037 0.384682523889
0.0519114061227 0.00121191806476 0.0597000120197
0.318782 -0.486184 0.867671
1.317641 0.114865 -0.347877
-0.798849 0.292193 0.246226
0.055888 0.561399 0.616814
0.028021 0.15977 0.772833
-0.191421 0.853953 -0.141625
0.155821 -0.469948 0.947477
0.09704 0.171096 0.739001
0.093798 0.626961 0.59758
0.110825 -0.384304 0.484732
-0.965885 -0.039905 -0.43936
0.703315776576 -0.213340389115 -0.0318607627147
1.265584 0.086542 -0.364495
0.260367 0.009863 0.692182
-0.484071 0.630522 0.469406
-0.607263 0.417082 0.471021
0.721131 -0.088034 -0.368317
0.309477 0.832624 0.46658
1.156293 -0.075475 -0.402266
-0.620797 0.651298 0.400459
0.056483 0.107154 0.841946
0.382179 0.427978 -0.745449
-0.665504 0.53326 -0.109998
0.239902 -0.346202 0.473095
0.704428079426 -0.204952323798 0.0504549177281
-0.171102549187 -0.362245721331 0.588713051575
-0.341459 0.527145 0.630805
-0.506678 -0.000665 -0.675942
-0.796762 -0.10329 -0.138057
-0.127041 -0.419249 -0.317381
0.638848178647 -0.208067668412 0.328164398057
-0.406563172254 0.0899753161292 0.604869160244
0.037979 -0.480512 0.58234
0.138785 0.853232 -0.393156
-0.413932556447 -0.689513878783 -0.2429181597
0.867852092524 0.648952855708 0.171193491734
0.533187174637 0.225902084493 -0.387311729057
0.25866 0.165556 0.678918
-0.718045 -0.056309 -0.100382
-0.889656 -0.077677 -0.351439
-0.130291779505 0.195590358396 -0.204659147333
-0.405763778159 -0.682964854877 0.722754003006
-0.265279 0.131312 -0.83319
-0.278621153191 0.324332852825 -0.467307704455
0.252123 0.042094 0.627676
-0.484279 0.482945 0.618228
-0.408082439945 -0.553203563355 -0.87946289326
0.352949 -0.65302 0.853699
-0.675748 0.526155 0.419633
-0.115767599989 0.866502864986 -1.05370911679
-0.921745 0.093173 -0.553036
0.437794 -0.567903 0.822909
0.162538 0.880289 0.39667
-0.369104682169 1.13563258119 0.732937874648
0.204615 0.304977 0.594251
0.083263 0.641548 0.532541
0.903486 -0.086206 -0.295214
0.0471531263209 0.611030450031 -0.855030325482
0.630799682887 -0.576400761032 -0.219339112708
0.140374862291 0.299846754235 0.124678082861
0.384684 0.028281 0.443502
-0.673426 0.430352 0.465971
-0.879768 0.541928 0.211389
0.378495870479 -0.518762812822 -0.168219451133
-0.008313 0.776318 0.183034
-0.150141 -0.102159 0.729584
0.324196 0.575248 0.669053
0.13923 0.449756 0.655657
0.420131740843 0.439145253732 0.528224061129
0.069323 -0.329228 0.931905
0.481388 0.488281 0.585257
-0.808142 0.394961 0.018379
-0.815166 0.011873 -0.403208
0.707373 0.206733 0.272215
0.456283 0.580478 0.574919
0.237788 0.681662 0.590492
-0.195247399119 0.811194107739 0.1610713282
0.2894 -0.459183 0.876059
0.035422 0.154449 0.81303
-1.107374 -0.129103 -0.434563
-0.259597504194 0.131405487706 -0.262841092543
0.952525 0.088815 -0.311212
0.230188 -0.248273 0.867408
-0.121705 0.681254 0.555287
0.264499 -0.482548 0.865244
1.050573 -0.031186 -0.354075
-0.319556162703 -0.26250729157 0.0678436895755
-0.391151 0.346112 0.639619
-0.046429 -0.434121 -0.236515
-0.984237 -0.099459 -0.382445
0.246208 0.024196 0.718895
0.239908 0.799725 0.389391
-0.044073 0.123532 0.820838
-1.058564 0.185956 -0.727194
-0.548211 0.552473 0.523889
0.180525 -0.504473 0.887448
0.090419 0.610984 0.601894
-0.412872 0.856237 0.274797
-0.0197519997515 0.59156011122 -0.542103783703
-0.153711 -0.356409 0.782154
0.554769958537 0.319358084883 0.230256329605
1.2746914542 -0.365203253248 0.301315819999
-0.0567363246836 -0.7046686825 -0.790781375933
0.24636519642 -0.166774974282 -0.209728007231
0.465440883236 0.929651853829 0.092399454688
0.356235 0.561688 0.66152
0.204832194949 -0.0479981488864 1.21261792999
-1.072281 -0.129464 -0.338205
0.831056 0.320289 -0.092843
-0.561162385788 -0.0646564157499 -0.0529211544224
-0.273502898223 -0.526187525146 0.484952612297
0.855175 0.227023 -0.193167
0.307867 -0.500653 0.850225
0.149692 -0.410486 0.502108
0.090758 0.897581 0.553737
-0.096918 0.688931 0.576834
-0.363156 0.676954 0.18962
-0.319308 0.518056 0.609211
-0.582571058685 -0.759655618828 0.179044512318
0.0062026335997 -0.367183696045 0.237019819994
-0.047086 -0.566029 0.9473
0.325814 0.563287 0.673869
-0.279007496196 0.0112004482784 0.352571583966
-0.266638111942 0.341910596289 0.104545202047
-0.137322986046 0.515003334163 0.0233500306896
0.750403 0.37045 0.234165
-1.174909 -0.058925 -0.57935
0.424103 0.78372 0.504967
-0.289598 0.397058 0.645086
-0.0952522016495 -0.13520761405 0.693848017563
0.167246652425 -0.249519798731 0.497664663759
-0.849346 0.049067 -0.443503
0.157678 -0.327432 0.917846
0.589037028894 -1.26065355895 0.247344758656
-0.017933 0.519133 0.619746
-0.140373 0.678498 0.499027
-1.164361 -0.056029 -0.577744
-0.0236336530383 -0.235112582956 0.760346315846
0.325251 -0.514491 0.880113
0.653349 -0.12505 -0.092458
0.967553 -0.120659 -0.311316
0.331788 0.723603 0.573558
0.144992051287 0.0186598188515 0.106926014665
-0.0778733495016 0.817412213877 0.726527142873
-0.624495 0.446773 -0.631479
-0.249579 -0.286705 -0.570023
-0.32033 0.242515 0.663323
-0.890109 -0.111445 -0.204804
-0.124892123895 0.418762086328 -0.578047045348
0.32356 0.444306 0.697716
1.09749604209 -0.811605977206 -0.250950113511
1.164495 0.177789 -0.372323
0.38505 0.723373 0.579861
-0.757721602162 0.458192791251 -0.157261694688
-0.821277 0.191402 -0.510591
0.050975 -0.331933 0.401951
-0.488874 0.640778 0.468841
-0.045369 0.240639 0.723528
0.16777059101 0.517191638825 -0.181030210761
0.259489 0.433023 0.685957
-0.073495 0.04893 0.769874
-0.682214253579 -0.446055941839 0.394498721271
0.0736439627058 -1.02074577414 0.647424250509
-0.56096 0.41788 0.536116
-0.286693284684 -1.25401596334 0.351309879534
0.433013 -0.014439 -0.68174
-0.444632 0.41887 0.636209
0.051401 0.144074 0.782289
0.836533 0.046983 -0.279152
-0.048154950114 0.545927765466 0.711372763915
0.18234572942 0.339173331762 -0.0288773647383
-0.374199281425 0.296516440385 -0.201912026445
0.81201670207 -0.362980854589 -0.0935213260612
-0.539083 0.501905 0.570181
0.082755 0.397974 0.653069
0.128323 0.478661 0.635625
-0.150491944299 0.0127588013942 -0.680298920734
0.953406 0.009311 -0.315617
-0.818301 0.2208 -0.102126
-0.639771 0.382143 0.500323
-1.154591 0.031027 -0.652922
0.781895518146 0.480887742285 0.387505093656
-0.867783 0.099511 -0.628491
0.118465 -0.397141 -0.408002
-0.443690709756 0.0875554438189 1.02705579744
-0.552422314411 0.662204396704 -0.136962109407
-0.060632 0.177463 0.758033
-1.224242 0.075263 -0.731542
-0.229911269005 -0.401028494419 0.11206360243
-1.006998 0.080895 -0.651446
-0.121918 0.646414 0.390653
-0.736627221344 0.0179073763353 0.0196549979765
-0.496309 0.280595 0.53588
-0.807761 0.02486 -0.385539
0.884312 0.026191 -0.303364
0.322194 0.490483 0.696817
-0.592192 0.601506 0.304929
0.319785 0.45203 0.700927
0.223931892559 0.145481292151 0.701901426925
-0.836082 -0.114943 -0.282039
0.63146 0.690467 0.509363
1.191502 0.150135 -0.376163
-0.369028 0.822322 0.459851
-0.40168 0.238499 0.555767
-0.0662430974339 -0.527060084827 -0.0282048610302
0.044171 0.294586 0.689908
0.0613054553286 -0.245705112756 1.30675238187
0.359007821796 0.844147821407 0.417587396532
0.0904285305407 0.37999133939 -0.29516092466
0.341195 0.362527 0.660489
-0.820069 -0.060071 -0.346305
0.0278175666683 -0.223466046696 0.729174805622
0.355541 0.498588 0.684886
0.280972 -0.233953 0.452667
0.0975428360983 0.486550190471 -0.639132727058
-0.862284707404 1.3068048982 1.17954919744
0.137497 -0.04355 0.814195
-0.582725 0.375163 0.540268
0.509627228506 -0.236250610561 0.745846434003
-0.470094 0.844217 0.419244
-0.804399 0.16379 -0.280805
0.498623325864 0.532009313935 -0.281400549617
0.483772 0.527891 0.580835
0.824053 0.392746 -0.230355
0.140683 0.684265 -0.672009
-0.738308926602 -0.195406398286 -0.412900405769
-0.972696 0.075727 -0.600398
0.150533202644 1.35735840842 0.568954414046
-0.09804 0.721689 0.526221
0.131427 0.102207 0.835341
0.003648 0.951802 0.4761
-1.095919 -0.120364 -0.451652
0.512296 -0.195427 -0.380126
0.313854 -0.518611 0.860986
-1.17823 -0.05751 -0.576005
0.85578 -0.064292 -0.292267
-0.0337117431284 -0.0688916410093 0.675285761252
-0.012927 -0.244818 0.894296
0.253085 -0.657728 0.888509
-0.041012 -0.65583 0.829445
0.13839448415 -0.144710282037 -0.0108765636122
-0.984847 0.066096 -0.593744
-0.544205336669 0.122567096386 -0.177472028206
0.504369421381 0.501494270594 -0.034501969256
0.930262 -0.062004 -0.305248
0.514954711727 -0.308585495727 -0.668296857158
0.132832998378 -0.167168514646 0.279932138133
0.958208 0.209127 -0.261743
-0.739337 -0.128947 -0.082554
0.194464 0.086109 0.781575
1.12723271976 0.642234489948 -0.400957529947
0.305767 -0.527602 0.854347
-0.0734480022488 0.00810234866836 0.0438707583305
-0.51199 0.594908 0.515382
0.881982 0.207469 -0.218444
0.935966 0.260477 -0.224877
-0.377523 -0.284289 -0.088199
-0.391975859834 0.809486062564 -0.163176341399
1.213054 -0.050409 -0.357222
-0.833127 -0.114413 -0.231151
-0.578952 0.479462 -0.652568
-0.316155 0.536712 0.586948
0.505094830502 -0.292679661047 0.467531713175
0.33827 0.306009 0.626333
-0.031851 0.16417 0.762841
-0.328287 0.471174 0.651752
-0.810386869201 -0.210081323634 0.908401366515
0.324538 -0.667869 0.855444
-0.516427 0.103461 0.408787
-0.520954 0.669077 0.431561
-0.566723 0.190657 0.529198
-0.797715 0.592725 0.351288
0.572471 0.710026 0.555523
-0.337637 0.430077 0.651261
-0.286844 0.605873 0.548901
-0.600691 0.430103 0.499661
0.234761 -0.200134 0.848279
-0.201379 -0.043085 0.522188
-0.0876796097592 -0.103826086775 0.880732559235
-1.094938 0.000681 -0.580532
-0.0559675862432 0.435562239513 0.122302031471
0.223521 -0.546616 0.884519
-0.559739676615 -0.193609385391 0.611443522951
0.010933 0.744257 0.388494
-0.403786 0.434437 0.662174
0.07015 0.149102 0.799392
0.399207 -0.164578 -0.597011
-0.135024 -0.412328 0.677816
-0.72833 0.680232 0.257215
-0.010006238636 0.914891095367 0.189204783854
-0.0174199112284 0.0777919160641 0.416075791034
-0.84012 -0.106104 -0.155972
0.979441162613 -0.23622259343 -0.268282181892
0.194043 -0.559198 0.951013
-0.61448 0.425615 0.504158
0.102048 0.540453 0.616967
0.0531361426773 0.498823361935 -0.338835265293
0.792634 -0.034743 -0.237397
0.212564 0.458423 0.682008
-0.354412 0.805233 -0.306876
-0.806764 0.099394 -0.378343
-0.676949808279 0.992287796526 -0.864317066136
0.422340830205 -0.743390445635 0.399086638794
-0.407234 0.015533 -0.741758
0.443566 0.421562 0.619515
-0.49777 0.49795 0.604546
0.402626 0.06798 0.501414
-1.174569 -0.035255 -0.610532
-0.483523 0.698281 -0.089867
-0.279753 0.484652 0.60521
-0.479463 0.663233 0.199832
-0.721929 -0.051948 -0.122367
0.082278 -0.644935 0.70436
1.15094 0.334689 -0.292027
0.379291758561 0.534233008606 -0.771308174538
-0.120401 0.399888 0.636541
0.212815 0.634082 0.657979
0.196454045723 -0.94765029657 -0.567187991777
0.820401521305 -0.982698356547 -0.282361121244
0.394754 0.36581 0.648297
-0.406705138916 -0.228018622907 0.80740046803
-0.339412847849 -0.00742764507317 -0.444191469103
0.549007 0.62229 0.260546
-0.475194128187 0.522831450526 0.0471357187311
0.78128 0.453725 0.042129
-1.135187 -0.109098 -0.437033
-0.0553216238947 0.193229312243 -0.224141085513
-0.341498793833 0.00522612329162 -0.228184648429
0.395137 -0.279354 -0.235995
0.379919 -0.718554 0.765654
-0.217465 0.507733 0.599441
0.916291 0.244086 -0.221599
0.280471 0.272865 0.675208
0.331403 -0.463453 0.528264
0.21337 -0.439373 0.922018
-0.742862 0.159135 0.147988
-0.739072 -0.001063 -0.103233
0.1843 -0.59045 0.943062
-0.008015 -0.098643 0.842811
-0.25974313181 -0.359598514472 0.080585253799
-0.824326 -0.114625 -0.242901
-0.342745 0.114206 -0.807118
0.85535 0.067297 -0.278649
0.070705 0.92613 0.400573
0.151942 0.473564 0.6504
0.422092561371 0.0557423964697 -0.864474809798
0.0506248614932 -0.356956948261 -0.341472147745
1.127994 0.200785 -0.364427
0.367318 -0.536655 0.882872
-0.0299331052481 -0.797546736568 -0.599707168823
0.0667362460323 0.0180477344483 -0.644150811423
-0.401761591997 -0.0788228017262 0.104619778098
0.25639 -0.029109 0.751378
-0.884224 -0.007893 -0.427351
1.082013 -0.121194 -0.348492
-0.542618 -0.002606 0.232762
-1.112221 -0.123048 -0.367262
-0.811902 -0.105991 -0.237275
-0.688013 0.492442 0.429174
0.374997 -0.612024 0.565223
-0.310302 0.804717 0.4075
0.583406438296 0.440463664125 0.755680786123
1.39832441897 -0.470121969399 -0.990101098764
0.095453 -0.671989 0.738354
-0.474659697784 0.593430081493 0.302745840136
0.68348 0.554621 0.341024
0.349674 -0.135136 0.650637
0.453139 0.699494 0.172411
0.403263 0.075223 0.52197
-0.190511 -0.338486 -0.530766
0.852473 -0.121785 -0.258771
0.470372 0.470082 0.587612
-0.572901 0.677853 0.185976
-0.030544 -0.658663 0.857592
-0.384959956882 -0.152716009076 0.320102356518
-0.052857 0.141416 0.76674
0.168822 -0.604544 0.939586
-0.804961 0.182632 -0.446075
-0.236178349632 -0.356408158688 0.842374984292
-0.005827 0.057293 0.821802
-0.825144 -0.107685 -0.133252
-0.786254 0.597208 0.192662
-0.345018589583 0.219400795141 -0.184203618031
0.238777452049 -0.166386522073 0.528898530602
-0.431071 -0.17713 0.071577
0.106911 -0.008029 0.813086
0.778669 -0.07037 -0.213443
-0.0657915953803 -0.368267866806 -0.0931158140536
0.372160683128 0.464270291504 -0.445489584901
0.443375446823 0.381495382609 0.186563495327
-0.247796 0.310676 0.671712
-0.241829 0.049465 0.537056
-0.347166 0.443447 0.661569
-0.423898 0.433257 0.655985
0.412701 -0.711045 0.616238
0.244926 -0.04694 0.774176
1.083231 -0.161847 -0.311929
-0.136215 0.661045 0.576156
0.179329 -0.569496 0.951637
-0.343108 0.828943 0.350918
-0.127318 0.031988 0.699573
-0.018508 -0.495786 0.631264
0.266066050774 0.494928931636 -0.494717479133
0.048169 0.077646 0.845101
0.222643048502 0.670675427845 -0.0158411457352
0.297314 -0.464559 0.525865
-0.424044676095 0.425067870666 0.150319195824
0.671444 0.312189 0.503227
-0.111573 -0.458287 0.672938
0.0053899802634 0.323219823861 -0.0721086451755
-0.265218 0.376847 0.650759
0.887883 0.224258 -0.32924
0.030396 0.151749 0.819989
0.182189 -0.523207 0.955239
-0.614178 0.623937 0.143446
0.81731 -0.09015 -0.247372
0.290332 -0.064223 0.537469
0.808399 -0.110762 -0.209108
-0.460003105139 0.46185292797 -0.775474735763
0.230005899381 0.44752618804 0.00134427788464
1.045424 0.034888 -0.340569
-0.029831 0.12774 0.833289
-0.084221 -0.466739 0.654189
-0.120485 0.373806 0.648166
0.504093 0.643695 0.264521
0.110711 0.088202 0.839421
-0.810099 -0.181972 -0.225942
0.142439006791 -0.694558995088 1.0633582591
0.888481 -0.081049 -0.297665
0.0126299239681 1.14025646439 0.23224371897
0.430719 0.621724 0.578471
0.438279 -0.543117 0.821638
0.88320424392 -0.13123998259 -0.900797981123
0.331154 0.26617 0.658434
0.07302 0.452286 0.639514
-0.236612 0.302475 0.588261
-0.539004 0.300929 0.511242
0.538664 0.110954 0.428462
0.246946742803 0.0576064091369 0.0128369298079
-0.012805 0.621907 0.599853
-0.818887 0.140606 -0.40979
-0.57627 0.326874 0.483251
-0.049677 0.112033 0.795308
0.089416 0.483525 0.640736
-0.514845 0.724942 0.420863
0.271719 -0.534824 0.859781
0.048585 -0.394446 0.951783
-0.548076 0.344921 -0.748771
0.0492017759734 0.867135070789 0.147187729271
1.372088 0.09329 -0.405926
0.282013 -0.007906 0.50471
0.162316 -0.508921 0.913504
0.300945 -0.720543 0.787813
-1.054149 0.16466 -0.694645
-0.694085 -0.105062 -0.409082
0.379549 -0.262272 -0.065249
0.857185 0.000303 -0.352741
-0.454279 0.64149 0.476028
0.477794 0.759837 0.534251
0.823486 -0.106926 -0.259644
0.063421 0.788221 0.374835
0.047477 -0.526169 0.609298
1.158381 0.209374 -0.369915
-0.362221 0.598703 0.527397
-0.214049541758 -0.134225820319 0.264361721735
0.088324315778 0.443255346985 0.29703922408
-0.535851 0.640431 0.451007
0.05417 0.140549 0.7691
0.043391 -0.414578 -0.033354
0.089492 0.686868 0.582171
1.03661 0.216866 -0.383044
-0.148028 -0.234109 0.424923
-0.269585413151 -0.0731542478495 -0.554506974217
-0.315806 -0.303042 0.009672
-0.004388 -0.295417 0.913442
0.239086 -0.433397 0.924825
-0.764498 -0.147508 -0.0795
0.526675287545 -0.198040693693 0.43312546276
0.200991241207 -0.830846211399 0.822722009971
0.462627 0.280979 0.612977
0.177361 0.11779 0.76127
-1.143384 -0.094719 -0.515141
0.0397490329847 0.863551374909 0.10847394113
0.403524301793 0.468299413968 0.649489778839
1.337625 0.228938 -0.416376
-0.343743 0.543983 0.616048
-0.977778 0.19751 -0.73627
0.0233914249492 0.329320847563 1.1069340156
0.809142549918 0.574665111862 -0.361232702294
0.553576677069 -0.207783291646 0.466142640467
0.062195 0.601903 0.607307
0.934788966369 0.108060158631 -0.461362945995
0.149655135567 0.9737444544 -0.391065455312
0.730411 0.595442 -0.332533
0.283042 -0.565679 0.913724
-0.408645 0.797309 0.463627
1.300778 0.110774 -0.347319
-0.128073 -0.043041 0.730752
1.241729 0.18312 -0.386125
1.064938 0.122677 -0.337312
0.867436817223 -0.593252170978 0.390492194179
-0.129562427482 0.668770993686 0.400745984184
-0.032884 -0.585215 0.947517
0.807148 0.484986 -0.275448
-0.511632 0.439864 0.591873
-0.702842322708 0.383585084226 -0.292945387679
0.582366 0.118554 0.36945
0.733192 0.007257 -0.018679
0.125427 0.162286 0.802215
-1.032634 -0.060776 -0.467374
0.858132 -0.0787 -0.291377
0.177394 -0.366214 0.059435
0.276898 0.649599 0.604032
-0.331608702418 -0.46742673909 -0.355698166033
-0.472932 0.741953 0.433719
0.188275941301 0.151073485313 -0.225494415886
0.807063 -0.056213 -0.240119
-0.581693999399 -0.048112449541 0.308552038815
0.822613 -0.148963 -0.152303
-0.751953109005 -0.191978610364 -0.104210716533
0.458186 0.428277 0.608038
-0.165355 -0.169422 0.494542
-0.627388 0.570252 0.277613
0.231551 -0.479673 0.535059
0.397536 -0.440533 0.84145
0.562874 0.572248 0.563194
0.251729 -0.721496 0.784938
-0.233502569233 -0.143993154815 -0.689241601971
0.733823 -0.077559 -0.160978
-0.296637401427 0.146397330795 -0.454420386094
0.432045 -0.322438 0.683076
0.233324 -0.340658 0.051279
-0.022812 0.935963 0.446713
-0.557354847849 0.45053190867 0.451071554387
0.259512 0.448231 0.698847
-0.926744 -0.023364 -0.43337
1.08422125082 0.387816307338 0.329373491406
-0.794447 -0.046199 -0.356592
0.087256 -0.402356 0.95403
0.334847329367 0.497856226337 0.430675126677
-0.473967 0.834437 0.223242
-0.937009325037 -0.0319139741834 -0.110964064818
0.44685 0.600994 0.576866
0.738375 0.507567 0.110364
-0.126316 0.054736 0.697214
-0.410953 0.600046 0.568472
-1.081009 0.03928 -0.641551
0.389318 -0.214074 0.66645
-0.256103601318 -0.606581878109 1.00815683332
0.52513810153 0.325726127577 -0.53966883426
0.07503 -0.593724 0.956195
0.365867968157 -0.00400928053331 -0.149541622182
-0.867029 0.192165 -0.495938
-0.445626 0.633273 0.458575
0.694387 0.225559 0.327925
-1.207539 0.08501 -0.699658
-0.0924750136239 0.628819583007 -0.737023556511
-0.482632631189 -0.0547277100354 0.154511034053
-0.10607 0.696572 0.555073
0.25781 -0.080285 0.783423
0.68115 -0.107171 -0.099889
-0.599779 0.589119 0.44325
0.388332 0.764611 0.124558
-0.208872 0.827235 -0.052382
0.006952 -0.617582 0.722842
-0.420116 -0.218074 -0.512886
0.209912161175 -0.53253870211 0.718838382073
-0.129429953374 -0.813993697967 -0.00669820426936
0.549904 0.686972 0.421293
0.995517 -0.029536 -0.329341
-0.00756905753858 0.657669452413 -0.192248615851
-0.16402690165 -0.349984281218 0.147611424423
0.89835 -0.120234 -0.26195
1.137059 0.134384 -0.353492
-0.257577 0.233673 -0.845739
0.108562265905 0.990229477994 -0.840717964573
0.207387 -0.495298 0.87998
1.183769 0.240769 -0.349137
0.0737248921181 0.544080199706 -0.707593971025
-0.3094197124 -0.0341396527926 0.223087079657
1.240179 0.19398 -0.376707
0.544431710604 0.523309425755 -0.0259779650558
0.799789 0.013433 -0.268081
-0.733221 0.5446 0.104683
-0.365713 -0.276487 -0.483448
0.790413 -0.012381 -0.256244
-0.639644 0.44043 0.485468
0.038929595787 -0.237860637187 -0.770296527782
0.325898 0.134258 0.62393
0.717653 0.427509 -0.485335
-1.240534 -0.121145 -0.478661
-0.0671671343147 0.650304066108 -0.373279833393
0.00117226984079 -0.069345121909 -0.013746402052
-1.238507 -0.070576 -0.506966
0.216907748966 -0.502281646676 0.337966321725
-0.057831 0.146121 0.765969
-0.351795496868 0.304827919488 0.645537813528
-0.809486 0.179853 -0.53444
-1.115818 -0.034922 -0.557622
1.04807 0.243107 -0.3011
0.152048 -0.483805 0.89633
0.101646 0.035054 0.837309
-0.092084 0.061282 0.751305
0.392433361044 -0.296387852433 0.274824051181
-0.468264 0.476382 0.62878
0.0567361535311 -0.179316597625 -0.431343971209
-0.248141 -0.153437 0.359253
-0.015805 0.167988 0.759324
0.279119213433 -0.276848418422 -0.0934635037386
-0.956086140922 -0.727980573617 0.213041110012
-0.0147605882907 -0.265002935057 -0.813934378914
0.147042 -0.286185 0.905476
-1.126274 -0.133195 -0.346898
0.183623 0.061793 0.815159
-0.0101865834573 -0.132589336642 -0.176277555605
-0.321845925473 0.236937632787 -0.31793609802
-0.401892 0.041057 0.41795
1.156495 0.354735 -0.288456
0.318309265771 -0.286131093081 -0.697177085368
-1.132413 -0.116465 -0.478106
0.135972 0.683805 0.519928
0.449031552979 0.742628177253 -0.0124814160233
0.061779 0.146216 0.802144
0.164254 0.634736 0.62518
-0.405920536918 -0.442880240726 -0.343366908225
-0.980899 0.207749 -0.711641
0.340518 -0.124043 0.685873
-0.195982094248 0.0371566248318 0.0570542899137
-0.803686 0.031863 -0.374198
-0.170344 -0.027218 0.585873
0.386837 -0.070074 0.313004
-0.272666145614 -0.584560902001 -0.145445783542
-1.020179 0.160712 -0.662845
-0.302717 0.450016 0.635139
-0.668144 0.19787 0.394881
-0.670133 -0.05725 -0.495614
0.593556 -0.174929 -0.337547
-0.0529867640069 0.0531802279572 -0.229946656078
-0.167530665013 -0.135021679641 -0.239699659657
-0.751317012172 -0.255910999722 -0.313848552216
-0.834292598814 -0.598024621321 -0.582725107802
0.401782615285 0.200942689818 0.554349724849
-0.348901 0.608163 0.523719
0.929114 -0.046812 -0.307873
-0.580638 0.577715 0.442117
0.614262 0.565168 0.55515
1.036106 -0.130609 -0.311491
0.19641 0.734209 0.566564
-0.220344 -0.165339 0.385774
-1.136419 0.044176 -0.677618
0.278709 -0.563784 0.908156
1.196927 -0.058086 -0.409567
0.16442 0.659185 0.588909
0.107645 0.523746 0.621703
0.44514388254 -0.215296404308 0.138790405619
0.345307 -0.513905 0.539788
-0.481693 0.775841 0.429037
-1.03227 0.076183 -0.671555
0.294459 -0.563622 0.909523
-0.806043 0.159345 -0.126077
-0.015339 -0.333039 0.336516
0.11735 -0.102528 0.841488
-0.293162 -0.182011 -0.652048
0.154992 0.819098 0.565929
0.642255225367 -0.686584309883 0.0852736423042
0.130568 0.670099 0.587275
-0.572843102016 -0.242973530075 0.451128263192
0.576811 0.7494 -0.317303
0.067323 0.140973 0.820839
-0.079625 0.663653 0.374761
0.699657 0.52199 0.506604
0.190329 -0.421146 0.937993
0.15331117016 0.475372363425 -1.02803846707
0.92595 0.286428 -0.302487
0.351189 0.209803 0.647995
0.21145 0.691254 0.540612
0.747459 -0.194 -0.273701
-0.567313 0.343574 0.504267
-0.198260818081 0.553817063631 0.380124895101
0.696254448339 0.153644068386 -0.709636522303
-0.707108 -0.082661 -0.090988
0.469111675928 -0.212777948668 -0.509399513908
-0.314550832445 -0.861570276523 -0.150575641429
-0.132357563369 0.731390516179 0.205958038037
-0.516297 0.478663 -0.711321
0.0864392269759 0.513924676165 0.304239930908
0.838215 0.144061 -0.213711
0.327311 -0.151348 0.543422
0.324079 0.617605 0.622887
0.969222 0.103868 -0.314209
0.123761 0.692251 0.466751
-0.162927 0.024186 0.602145
0.16019369738 0.532994345633 -0.00975094615362
0.207929555126 0.157762068678 0.188182378694
-0.234102 0.691132 0.558055
-0.263738 0.588857 0.44187
-0.402584 0.69038 0.471535
-0.493059 0.80552 0.210599
0.354682 0.063106 0.53544
-0.442533 -0.205601 -0.011052
1.038813 -0.099102 -0.358194
-0.756152 -0.009631 -0.289499
0.7067 0.462368 0.495568
0.695649961636 -0.740848851284 0.267309458629
0.264634 0.597342 0.67377
0.283088 0.742894 0.572353
-0.772979 0.317897 -0.431316
0.019858 -0.665034 0.8787
0.400305744828 -0.284024409407 0.410540146176
0.198188483444 -0.0249040772821 0.204299258432
0.302602 -0.491181 0.851236
-0.67269211518 -0.83042652282 -0.806988116247
0.628819 0.484021 0.547505
1.178643 0.106531 -0.368492
0.664989 0.627226 0.533834
0.0228884353337 -0.433803714499 0.3867502277
-0.126589 -0.125344 0.779028
-0.332628 0.287721 0.652939
-0.165552 -0.228802 0.397403
-0.657059 0.508922 0.438154
-0.322657 0.639896 0.524647
0.176837 -0.521783 0.920654
0.324042 -0.320928 -0.387779
0.800809710151 0.204542398529 0.0927491088511
-0.379393980104 -0.282852419869 0.502215008594
0.046719 0.12365 0.838038
0.700239 0.046924 -0.479263
0.189231 -0.442814 0.519875
0.626176347011 -0.607769759734 0.272025184022
-0.770801939592 0.0578551139851 0.520076453275
0.198123830589 0.379163306791 -1.09471338863
-1.048816 -0.01335 -0.523332
0.168409074352 -0.582645783271 -0.38750758457
0.150373 -0.443237 0.933591
0.0206602416345 -0.458487756104 0.581658621972
-0.456715 0.120617 0.529299
-0.849437 0.39182 0.19457
0.361693 0.476061 0.686539
-0.188734 0.029421 0.558656
0.203895 0.648865 0.643329
-0.138823 -0.518112 0.806796
-0.771058 -0.036968 -0.327299
0.462016 -0.598646 0.797074
0.279661 0.454211 0.706148
0.322732 0.66014 0.593202
-0.490097043734 -0.767968043988 -0.688263040745
1.057791 0.215692 -0.326596
-0.164698 0.386615 0.535694
1.181427 -0.095413 -0.347343
-0.148223 -0.403693 0.802528
-1.122429 -0.109412 -0.483509
0.978476 0.054872 -0.320401
0.108153792191 -0.733616266222 0.0617985765795
0.804825 0.010217 -0.279042
0.0759850589798 0.981715090891 -0.0909541067066
-0.826086339523 0.0492325154312 -0.132299487438
0.25913 0.416798 0.678517
-0.181709613842 -0.69892076537 -0.339592852917
-0.816871 0.186854 -0.468747
-0.410196033349 -0.0534992816669 0.370604352711
0.51699 0.552275 0.572415
0.734507610238 0.549907055407 0.409251493914
-0.134649518177 -0.101998443079 -0.276014455071
0.227578483352 0.0322082154428 0.544430186633
-0.585138957857 0.502150337909 -0.115145430429
-1.02495491306 -0.171814508031 0.309138388971
-0.768079786706 -0.892623067432 -0.100583004748
-0.716646 0.006101 -0.522012
-0.103245 -0.544885 0.725955
0.67975002608 -0.151978579311 -0.518707072967
-0.765752 0.060001 -0.220925
-0.003111 0.171196 0.766616
0.34215 -0.728934 0.69512
0.333935171468 -0.172885967773 -1.21592616983
0.134807 -0.331435 0.309186
-0.0642672216637 0.590450215752 0.53032306112
0.055607 -0.582619 0.960521
0.956496 -0.128545 -0.265912
0.131027 -0.533185 0.965843
-0.57926 0.442523 0.514192
0.036881 0.517717 0.622592
0.787213 0.138963 -0.032168
0.4945 0.571565 0.574821
-1.11826070863 0.487483384181 0.00879907302163
0.165579 0.426512 0.665788
1.078239 0.246528 -0.313833
-0.494131626255 0.0587135330295 1.04306504027
0.463319 -0.547472 0.794959
0.821585 -0.0406 -0.260117
-0.576667745228 0.50669414085 0.483816811069
-0.667892632492 -0.338331817318 0.0624586359936
0.176939 -0.036509 0.802573
-0.180971667011 0.964650542413 0.20138437114
0.290612436772 0.0984494444914 -0.206604173869
-0.077351 -0.045225 0.791658
0.744984305109 -0.344365420623 -0.0364138331598
0.28088 0.578936 0.679338
-0.372983 0.593462 0.543632
0.171158352263 -0.525847292117 0.279212015787
0.174091 0.529649 0.687645
0.90694931737 0.893077547781 -0.279452451618
-0.74653385521 -0.826288766492 -0.413434172125
-0.050159703826 0.110967392647 0.440241371294
0.157231 0.676166 0.585014
0.42827 -0.247652 -0.152459
0.111701 -0.674169 0.884938
0.087997 0.405055 0.567486
0.778924 -0.10127 -0.197556
-0.470323 0.885553 0.368637
-0.83165 -0.069378 -0.338461
0.187657 0.621929 0.662878
0.25969 -0.204517 0.83933
0.105923 0.873904 0.375183
0.503705 0.598252 0.565688
-0.826533 0.182931 -0.456781
0.236731 0.385557 0.672629
-0.235896 0.467353 0.583216
0.535846 0.422787 -0.638842
-0.486432143044 -0.371504177882 -0.349103482088
1.248259 0.049539 -0.40607
1.034245 0.363871 -0.260725
-0.002913 -0.422826 0.567727
0.094393 0.729644 0.565533
-0.841857 0.469864 0.138056
0.333548 0.703461 0.570587
-0.34288 0.754747 0.504766
-0.00768654679072 -0.105016104049 -0.179980256945
0.127311 0.628495 0.598719
0.301345 -0.375647 0.885109
0.311229 -0.412275 0.893863
0.34443 -0.516114 0.89523
-0.512245 0.645103 0.461391
-0.828782 0.453467 0.347814
-0.668953 0.542261 0.415356
-0.183923025997 0.645798377318 -0.225647881579
-0.757964 -0.116233 -0.095803
0.178749 0.153042 0.745553
-0.149141 -0.076189 0.713412
0.34222 0.448757 0.693343
-0.203998418902 0.4200443446 -0.91435504905
-0.993635604647 -0.713674874913 -0.433603437321
-0.128636 0.692452 0.315282
-0.315782 0.587562 0.545823
-0.351805 0.602762 0.52013
-0.266501 0.492912 0.59096
-0.137243 -0.490779 0.837116
0.312619 0.465616 0.702494
0.310973 -0.514469 0.53992
-0.479367 -0.112191 0.131417
-0.10895 0.02646 0.731916
0.844837 0.147607 -0.358838
0.288109 0.849736 0.51974
-0.502170211146 0.25345902647 0.278003566095
-0.838631 0.031324 -0.544728
1.076196 0.37255 -0.273083
0.122291947795 -0.313427299153 -0.466060679036
0.113411 0.631503 0.588938
0.373807882549 0.00344881879788 -1.27283255849
-0.064472619062 0.913261118529 -0.332523532659
-0.128314 -0.500579 0.724898
0.38784 -0.535627 0.86625
-0.799643 0.627177 0.307904
-0.733478 0.592912 0.378299
-0.735656 0.395346 0.434663
-0.376828 0.453879 0.665435
-0.076837 0.385243 0.642903
0.0938722317323 0.190236762053 -0.597488148855
-0.506951219472 -0.641048535051 -0.230444400403
-1.1955 -0.061543 -0.498484
1.092519 -0.20331 -0.360519
-1.05617 0.025267 -0.577667
0.009024 -0.373436 0.18533
0.136297 0.683663 0.585858
0.180280791647 -0.145016414988 0.312843547694
-0.256568 0.381116 0.622647
0.219531698694 -0.12615511643 -0.392953353937
-0.777231 0.030918 -0.329488
0.916397 0.193555 -0.241858
0.298304 -0.527712 0.84908
-0.761350391759 0.530466357388 -0.173300702456
-0.930012 0.114347 -0.563093
-0.716012 0.683406 0.348306
0.095065 0.793206 0.559704
-0.837074266612 0.509140049068 0.452105955507
-0.72278 -0.143501 -0.08065
0.239953 0.207341 0.701787
0.197866 -0.612359 0.929904
-0.440458 0.228851 0.612044
-0.480347408485 -0.583764735882 -0.502432442948
0.139603 -0.32956 0.404485
0.044489 0.147109 0.769956
0.450304 0.667088 0.272662
-0.322177 -0.347034 -0.272218
0.390164 0.111767 0.573987
0.202845 -0.527967 0.884193
-0.002948 -0.646902 0.906291
1.126033 -0.10632 -0.392696
-0.651933 0.086961 0.226828
0.594098053776 0.174724919526 0.927882580916
0.453259 0.089449 0.50876
0.034515 -0.482986 0.96559
0.472121 0.612038 0.5691
-0.711211 0.652681 0.204191
-0.621009 0.583914 -0.178221
0.061329025152 0.0736218268893 0.358928975994
-0.0953983545835 0.0422885636645 0.551098620504
-0.441514 0.836799 0.237395
0.0462010082236 -0.246660782639 0.0380753749034
0.101065 0.588102 0.598415
0.1818007433 -0.275430694631 -0.702083375721
0.140453 0.724598 0.567412
0.299593 -0.567484 0.911799
-0.500350222327 0.329764388317 0.00824369315522
0.667892 -0.092231 -0.05343
0.651583 0.647748 0.069294
0.25898 -0.254609 0.426514
0.552945373496 0.547422137603 -0.485206821992
-0.089057 0.709082 0.470384
0.409661 -0.305813 0.750252
-0.483646053064 -0.396752130217 0.0585194124078
0.53736 0.161829 0.532573
-0.418258801602 0.169109648301 0.749673574666
0.30984 -0.519354 0.855522
0.604515 0.059632 -0.582026
0.282205 0.308278 -0.827468
-0.990427 0.151156 -0.631386
0.905539 0.303327 -0.242641
0.144629 -0.413154 0.950866
-0.017971 -0.548564 0.958518
-0.01407476008 -0.361511616264 -0.519223036672
-0.952144 -0.048232 -0.419587
-0.664101 0.545341 0.029059
0.060486 -0.060886 0.831624
-0.042248 0.154047 0.809724
-0.991267 0.075457 -0.622659
0.0817147883601 0.191934590132 0.108296164824
0.583964 0.29187 -0.632543
0.155303 -0.498664 0.896011
0.207327064437 -0.694908896574 1.068209388
0.661679 0.605184 0.384796
0.323403 -0.729276 0.74266
0.0911884790587 0.76470375212 -0.170449975121
0.381272 0.47981 0.672428
-0.640556 0.473906 0.394192
0.0666752908069 0.192612717801 0.352013021973
-0.883068811665 0.673911038009 -0.0768427691846
0.181024 0.41131 0.671101
1.371482 0.217997 -0.376664
0.12766333246 0.288862995146 -0.187930823081
-0.859825 0.567371 0.21088
0.018375 -0.397976 0.532058
0.499181 0.709312 -0.477763
1.189298 0.213673 -0.371757
0.228342 -0.619329 0.919075
0.516553 0.426397 0.595342
0.095361 0.574509 0.607522
0.12208 0.171943 0.785025
0.095867324472 -0.00326736907327 0.218609074532
0.302813 0.443684 0.701058
0.387422 0.375126 0.64176
-0.128275 -0.065806 0.744405
0.365651 -0.337677 0.54014
-0.122453435281 -0.0922197904409 -0.156218219083
-0.59361195895 -0.535641542208 -0.709025356222
-0.359472 0.502562 0.647267
0.806406 -0.021018 -0.278496
0.772340247453 -0.316654913745 0.921039062772
0.481544 -0.713939 0.693528
-0.816436 0.282395 -0.270578
0.799971 0.462668 -0.040659
0.691058 -0.079094 -0.07127
0.268521 -0.56183 0.889709
-0.603864922862 0.203249279455 -0.381140447041
0.141364 0.623669 0.615948
-0.586337977032 -0.288783340188 0.113201463778
-1.168226 -0.081271 -0.546189
-0.019209 0.882904 0.4013
-0.034385 0.172922 0.787615
0.54204 0.448419 0.581554
-0.038209 0.577635 0.609877
0.847019 -0.064478 -0.284747
0.152219 -0.498119 0.901044
0.168559442535 -0.0283101496276 -0.707047720507
0.992534 -0.132637 -0.281587
0.976724655606 -0.481968941876 0.13919604045
-1.02239738561 0.11568341579 0.238778151095
-0.337195 0.609815 0.487611
0.136102141962 -0.546407268341 -1.18769312767
0.296860599504 -0.136125422067 0.017964144568
0.695764 0.664993 -0.225232
0.044948 -0.631705 0.714108
-0.420497 0.550704 0.61175
0.170431 -0.435006 0.925111
-0.264942 0.44231 0.609803
-0.148083 0.650408 0.410758
-0.52424 0.550535 0.559523
0.644163 0.393325 0.536395
-0.179443 -0.012059 0.560169
-0.0345476208404 0.134857519693 0.777803250708
1.236494 -0.087803 -0.446583
0.150153964649 -0.351337168408 -1.19512419154
-0.94291 0.141116 -0.575789
0.837551 -0.135972 -0.16081
-0.026716 0.837757 0.559669
-0.872269 -0.115271 -0.232928
-0.548153 0.73966 0.410482
-1.246656 -0.02775 -0.693251
-0.452047 -0.224416 -0.096831
-0.339618 0.460512 0.661508
0.232413 0.429145 0.677335
-0.650702 0.69004 0.388931
-0.0781276809543 0.161471987438 0.252037750253
1.297333 0.087362 -0.446965
-0.799271 0.341387 -0.331005
0.151704 -0.493587 0.963412
-0.402655 0.258952 0.573062
0.648925181599 0.115420353615 1.02349312695
0.353832 -0.420119 0.530265
0.228341 0.409915 0.668612
1.10189030089 -0.263431073848 -0.337238183368
0.861506479762 0.141481087143 0.207962732011
0.82495 0.295254 -0.058995
0.362649349791 0.424995406093 -0.390500876781
0.166225 -0.357882 0.926945
0.629917 0.629755 0.387345
-0.456786 0.103078 0.475078
0.1230352064 -0.522718528626 -0.135014183754
-0.154875 0.260024 0.718965
-0.813252014724 -0.418188573695 0.360561602586
0.615518052969 0.34770380496 -0.453794706382
-0.506538 0.451631 0.604966
0.797351 -0.003791 -0.27872
-0.131097191355 0.151830740593 0.0876997944193
-1.095125 -0.16452 -0.293623
-0.989195475128 0.636559062868 -0.450385259483
-0.693143733831 0.226205870503 -0.848332115149
0.506168 0.573629 0.570479
0.212052614155 0.412900236881 -0.012388732847
0.0202283745835 0.391985981682 -0.753376038522
-0.707137100879 0.370529239831 -0.544255292912
0.102539448999 -0.219863553126 -0.048680028301
0.359992 -0.564005 0.551915
-0.686779257383 0.416208929998 0.871680921292
0.145705 0.009573 0.808726
-0.859407 -0.106477 -0.30566
0.0219458710819 -0.563277059194 0.347164928674
0.456874 -0.61918 0.799676
0.12596 0.012397 0.819232
-0.424355 0.636074 0.489032
-0.744972 0.522507 0.38667
0.267354 0.62921 0.655261
-0.723969 0.631423 0.377027
-0.797433 0.276893 -0.369529
0.52294 -0.209058 -0.222195
0.763689 -0.042842 -0.202211
0.281127 -0.257911 0.849886
0.18193059614 -0.308706550775 -1.13229821085
0.821729 0.137619 -0.373565
0.398262396937 -0.478845418835 0.174840395262
0.008543 0.165496 0.808576
0.467926 0.56408 0.576261
-0.198511 0.508246 0.599919
0.73926 0.492968 0.438501
-0.0852974709812 -0.562484948673 -0.722623330999
-0.306911228041 -0.34389662371 0.156144581718
0.0195059856362 -0.227290822621 0.645590598301
0.580832 0.611094 -0.504978
0.096076 -0.261935 -0.671097
0.154181687182 -0.0465900824331 -0.835898491957
-0.33591 0.66351 0.510058
0.0202241546973 0.42053261679 0.542418347427
0.745540467411 -0.314162960161 -0.311479824729
0.399932 0.643032 0.479088
-0.776831836308 -0.110027019246 0.315063250092
-0.324282 0.466785 0.646464
-0.521906 0.465804 0.591183
0.190322574809 -0.459505338668 -0.320562309628
-0.400896 0.642979 0.42219
-0.999885 -0.132326 -0.308081
0.773054786237 0.13353615667 -0.10052515274
-0.59414 0.431833 0.496042
0.354773511955 -0.0996391715611 -0.876256212771
-0.060514 0.68427 0.418094
-0.595065299617 0.551203191645 0.199889516662
0.502779 -0.672423 0.707487
-0.675625 0.493235 0.438049
-0.137365199038 -0.895008890622 0.248219976154
0.072766 0.799441 -0.518448
0.437498 0.755059 0.449284
0.666598 0.662906 0.504337
0.046576 -0.645164 0.918668
-0.385940696259 0.328626577972 -0.675950018975
0.032301 -0.623499 0.9386
0.554192 -0.1819 -0.358708
-0.146636884922 -0.240695288791 0.0843358122974
-0.631851 0.532075 0.42945
1.190156 0.203836 -0.378898
-0.722191 0.668463 0.229594
-0.241838219087 -0.212378549226 -1.1537785163
-0.0779693086203 0.13049961089 0.641677312989
0.718908 0.568695 0.479271
-0.388225511803 0.269117943111 0.188708002813
0.216849 0.684749 0.587192
0.481851 -0.700889 0.722078
0.140895508473 -0.12949479316 -0.0534096923246
0.640412 0.662357 0.544018
-0.771066 0.056395 -0.296464
0.057174 -0.355096 -0.556357
0.635168 0.122056 0.296757
-0.392814 0.558982 0.611146
0.167883190036 0.395549137815 0.422620518642
0.341632 -0.553686 0.8977
-0.451633 0.609508 0.541031
-1.022225 0.127626 -0.657531
-0.737398 -0.004935 -0.132743
-0.821812 -0.112189 -0.252429
0.173351 -0.632157 0.635791
0.293232 -0.341757 -0.146235
0.423312 0.716843 -0.521571
0.560671 0.700908 0.570612
-0.697734 0.472862 0.431874
-0.1589015997 0.423265002205 -0.0600378112828
-0.227428741655 0.343144554579 0.64762327246
-0.237152 0.70912 0.398629
-0.0929020036855 -0.748031455405 -0.0042498060564
0.297784628327 0.14210418912 -0.613214961086
1.214337 0.246929 -0.345632
0.475332464992 0.513983129058 -0.527861025466
0.141728 -0.634431 0.92631
0.206365503873 0.336638972124 0.770557187887
-1.037023 -0.159101 -0.241657
1.234603 0.014592 -0.408675
0.142749 0.560146 0.648712
-0.500069 0.679168 0.434797
0.0239180477397 -0.828756318211 -0.266399483811
-0.037678 0.488128 0.623687
1.112159 0.354826 -0.275173
-0.777173486281 0.264490215084 -0.3212535455
-0.27154 0.586504 0.560445
0.708027708657 0.00123077722363 -0.0198189327542
0.089282 0.460274 0.642378
0.173052 0.07277 0.825468
-0.715317 0.401198 -0.528571
-0.44844421413 -0.0712971419592 0.0482957430836
-1.072224 -0.13079 -0.371466
-0.887974 0.150893 -0.493655
0.272007 -0.548664 0.866157
-0.125668280064 0.281414448636 0.0143188073069
-0.163548338914 -0.0182469617926 0.551256804304
0.117321 -0.384591 0.066862
0.382328 0.605769 0.578003
-0.447637437746 0.65392258156 -0.521232477174
0.853526401595 -0.0297873460707 -0.907887597177
1.321482 0.28638 -0.331253
-0.784257481828 -0.795783531376 -1.11877479702
0.469433 0.349409 0.616021
-0.285200587025 -0.258394200768 0.0283917191539
-1.083339 0.104304 -0.687078
-0.253605 0.364918 0.652159
-0.619299 0.598627 0.418491
-0.03404 0.16775 0.770482
-0.441356 -0.24173 -0.373161
0.209415 0.705244 0.48974
0.046861 0.721892 0.570788
-0.804351 -0.027122 -0.381399
-0.780078 0.148299 -0.537615
1.00395 0.131362 -0.321961
0.653337 0.435626 0.532914
0.986606 0.267429 -0.249919
-0.585144565611 0.537276590455 -0.178882700175
-0.144478354051 0.374756585442 -0.151326543619
-0.527107 0.605448 0.46026
0.31455 0.04367 0.527476
0.089136 0.667214 0.589948
-0.140765 0.674654 0.552818
-0.24989124467 -0.107021515365 -0.491909348355
-0.71700776797 -0.259559328136 1.20158573907
-1.153146 -0.161808 -0.355888
0.110322 0.432389 0.605687
-0.044233 0.856566 0.541831
1.199508 0.347677 -0.300839
0.934617518108 0.50084960204 -0.603067393763
0.49025 -0.683708 0.644206
-0.916453083552 0.199004639298 0.749008524681
-0.816454 0.113544 -0.395795
0.082645 0.611376 0.56514
0.260726 0.691781 0.593575
0.808176 0.036343 -0.255256
-0.843117 -0.053014 -0.366564
-0.0405485719625 -0.636425469606 0.0712231422543
-0.760622 0.251172 0.281274
-0.843939 0.006364 -0.420793
-0.647684 0.506946 0.43948
0.245007 -0.381593 0.493873
0.0578976441518 0.32228048427 -0.0218058720673
-0.506339 0.300098 0.586607
-0.441256 0.679323 0.459024
-0.553749 0.39905 -0.729239
0.444979 0.333309 0.62526
-0.354158731133 -0.0477359655144 -0.562395912173
0.124197 0.027603 0.830299
0.0466372029492 0.602375070263 -0.000383545480795
-0.21544582695 -0.316398031093 0.37658897528
0.200694 0.05834 0.768846
-0.349523749632 -0.571336357224 -0.826138783621
0.713619219314 -0.434917379231 -0.825717828705
0.793239 -0.203593 -0.277704
0.096976 0.149864 0.815476
-0.034576 -0.636113 0.909773
0.20013250307 0.726813247461 -0.643028052963
0.199682 -0.106508 0.823807
0.218242350991 0.354736189305 0.241417158435
-0.787416 0.102787 -0.311293
-0.068398 0.703981 0.588816
-0.187918 0.444488 0.620845
0.169753 -0.010774 0.797131
-0.086175 0.420787 0.631823
0.269102 -0.008302 0.56564
0.274908 -0.694726 0.663911
-0.501400070554 0.928961649348 0.33078669979
-0.0162462226522 0.0190886123198 -0.270619254362
0.378003489239 0.17236212366 -0.555517625701
0.526729 -0.020419 -0.60633
-0.406628002962 0.404391514087 -0.150609619175
0.061573 0.737268 0.566209
-0.401308964202 0.36749982906 1.04377104745
-0.475947 0.276153 0.601424
-0.647046 0.736809 0.237198
1.280582 0.146172 -0.34967
-0.205814 0.485655 0.532632
0.319205345563 -0.0499380074648 0.29371305977
-0.998635 0.007941 -0.514435
1.039303 -0.129944 -0.324745
-0.494505 0.658006 0.454047
-0.378433 0.243715 0.640502
0.004698 0.146852 0.828295
-0.719916 0.00219 0.014694
-0.279724 0.560586 0.527693
0.294904 0.02732 0.511938
-0.344188 0.378581 0.629524
-0.643505 0.188941 -0.674339
0.289552 -0.561754 0.903981
0.0944659003022 0.787432831226 1.04137010765
-1.036615 -0.021469 -0.507774
0.556022 0.534855 0.565044
0.291942669533 0.135229558016 -0.388286815397
0.488311409513 0.604322450459 0.838214072762
-1.088171 0.148556 -0.706594
0.324168 -0.480955 0.877994
-0.206307 0.621767 0.577285
0.409847340994 -0.125821128241 -0.0294279120894
-0.490262311404 0.142402894366 -0.0107263312725
-0.816026 -0.084817 -0.265463
-0.20359825542 0.259512753854 0.105580688583
1.068589 0.331346 -0.265193
0.187241 -0.414374 0.939529
0.627834 0.605222 0.173524
-1.39455429883 0.195894160307 -0.467722102894
-0.557407465329 0.529063923515 0.0366544803272
-0.31125 0.33431 0.649925
-0.463319 0.634601 -0.603989
0.473531 -0.222305 -0.151756
0.909884480662 0.411714940481 0.882377368852
0.761169 0.058933 -0.096233
0.602387 0.445189 0.558827
0.611935860693 0.0980925172189 0.0742040597309
0.20565803235 0.406770584863 -0.103269052991
-0.452113 0.246422 0.538629
-1.033894 -0.131583 -0.313824
0.606891643046 0.251653444652 -0.0641767956521
0.189703 0.032412 0.786413
0.203596 0.61044 0.67015
0.150609209255 0.0171544057709 1.01658176731
-0.65957 0.377867 0.489177
-0.753169 0.571586 0.374633
0.154477 0.440191 0.656669
