0.534136 0.672141 0.579654
-0.838179 0.599072 0.241027
0.458506 0.320972 0.61746
0.278709 -0.563784 0.908156
-0.651946 0.059379 -0.613525
0.976413 -0.152411 -0.248087
0.842819 0.240292 -0.166233
0.044128 0.166076 0.741709
-0.01568 0.101459 0.84258
-0.048944 0.116474 0.803942
-0.905368 0.099113 -0.664945
0.165191 0.606168 -0.738269
0.041323 0.091407 0.84555
0.347745295774 0.20453411384 0.443962015023
-0.070695 -0.387258 0.092739
1.079894 0.129223 -0.413603
0.312472 0.830571 0.064275
-0.927125 0.050092 -0.516523
1.351008 0.112564 -0.436328
-0.015181 -0.625991 0.928622
-0.0222673371087 -1.00428279001 -0.117481323651
-0.355268138894 -0.850216154345 1.00574197001
0.315759 0.039828 0.512947
-0.356511 0.561311 0.604191
0.213401 -0.009618 0.776937
-0.508561 0.193522 0.566823
0.407713 0.085868 -0.743131
0.626138 -0.029578 -0.503394
-0.858666 0.200445 -0.505015
-0.0508265659801 -0.684572790989 -0.222766707881
0.549532 0.64615 0.347793
0.1258 0.492474 0.624114
0.458259 0.569858 0.517201
0.713966 0.635054 -0.28008
0.022662 0.567824 0.482096
0.259215 -0.625166 0.90724
-0.22271 0.029225 0.530879
1.031611 0.210905 -0.314584
-0.489626 0.532298 0.592376
0.034935 0.070296 0.843591
0.841833 -0.037941 -0.293326
1.28951 0.207257 -0.336768
-0.872269 -0.115271 -0.232928
-0.53784 0.521327 0.564898
0.233275 -0.405814 0.923105
-0.123214596261 0.529290116884 -0.352928785116
-0.179415 0.03171 0.575564
0.126495 -0.40708 0.952431
-0.567357 0.529575 0.504403
-0.552509 0.208518 -0.740678
-0.803717 0.458631 0.371191
-0.639917 0.343219 -0.676781
0.211812 0.767695 0.193521
0.132558 -0.698927 0.829216
0.831771 0.05277 -0.268129
-0.441256 0.679323 0.459024
0.872335 -0.120233 -0.256642
-1.076213 0.025665 -0.602908
-0.963594 -0.06312 -0.409743
-0.405493 0.003794 0.365286
-0.958572 0.024228 -0.509498
0.370069 -0.727896 0.743487
0.987328 0.19557 -0.294119
0.415621047536 -1.10642044621 -0.223925844332
-0.343197 0.637332 0.390698
-0.766703 0.114769 -0.551384
0.531447 0.619055 0.567272
0.296098 -0.193634 0.476982
0.189702 0.705719 0.580525
0.091712 0.706934 0.573437
0.145840343194 0.50311659228 0.26850968678
-0.437031 0.652363 0.374505
-0.889595 -0.125537 -0.139769
-0.869168 0.005077 -0.432182
-0.637107 0.49068 0.447849
-0.101460331833 -0.115002478288 -0.257146047868
0.208904 -0.299849 0.396811
0.587708 0.6139 0.30778
0.484654 0.549068 0.580267
0.449171 -0.694844 0.606664
-1.1158 0.114398 -0.693356
0.319382 0.652386 0.569257
0.829546 -0.04499 -0.268208
-0.71167 0.400031 0.450719
-0.324282 0.466785 0.646464
-0.451634 0.605533 0.556298
-0.492888 0.603716 0.527167
0.283042 -0.565679 0.913724
-0.159425 0.612364 0.593422
-0.906605 -0.11042 -0.292613
-1.174569 -0.035255 -0.610532
-1.118235 -0.126868 -0.355346
-0.234102 0.691132 0.558055
-0.060514 0.68427 0.418094
-0.160979 -0.32397 0.206626
0.309994 0.352582 0.663958
0.138296 0.383218 0.664378
0.107545 -0.419376 -0.240112
-0.912476 0.213215 -0.636637
0.189041324911 -0.11533708685 -0.540280167233
-0.877496 0.059521 -0.479402
0.510657388793 0.276415948641 0.25454315226
0.840794 -0.090584 -0.273806
0.767505413767 0.348838538603 0.147062762968
0.332225 -0.495023 0.887447
0.449798 0.575991 0.57164
-0.267799422304 0.0683347088371 -0.423729398378
0.230384 -0.458747 0.896164
0.834611 -0.071381 -0.264078
0.274471 -0.569494 0.920922
0.270996 0.485583 0.706425
0.619506 0.589375 0.267811
-1.144953 -0.028799 -0.594758
-0.529265 0.568524 0.542585
1.069727 0.35018 -0.261751
-0.029831 0.12774 0.833289
0.161779 0.187831 -0.870765
0.459815 -0.518688 0.794649
0.095794 -0.099809 0.84406
-0.005405 0.813626 0.567615
-0.842138 0.385041 0.319652
-0.180369 0.438154 0.534929
-0.321033 0.765851 -0.00554
0.147518 0.434548 0.662797
-0.371232 0.369683 0.625325
-0.783945 0.432648 -0.027939
-0.780038 0.373025 0.395476
-0.328100356548 0.786407321376 0.939025222246
0.350851 -0.143529 0.614372
-0.108483 -0.457405 0.899476
-0.437354 -0.227536 -0.453986
0.467691 -0.643616 0.607882
0.286724 -0.678997 0.859879
0.759254 0.047756 -0.125008
0.061573 0.737268 0.566209
-0.501516 0.6257 0.466731
0.271996 -0.001372 0.626291
0.218918090099 -0.000447467232364 -0.179940370685
0.311702 -0.614864 0.893656
0.070111 0.520677 0.629598
-1.178078 -0.013556 -0.590571
0.238198 0.39077 0.671611
-0.047241 0.153595 0.801836
-0.776883 -0.066014 -0.2389
0.958208 0.209127 -0.261743
0.008167 0.266107 0.696868
0.139328 0.854129 0.565213
-0.091506 0.245672 0.731557
0.205043 0.886764 -0.272559
-0.119322 -0.369292 0.624709
-0.216697 0.55245 0.445291
-0.503804 0.823384 0.213857
-0.806304 -0.041503 -0.452824
0.935188 -0.140133 -0.223543
0.593567 0.26783 0.549303
0.763408 0.068907 -0.038572
0.181399 -0.521065 0.931931
0.933865 0.156983 -0.278659
-0.914175 0.11323 -0.538274
0.145705 0.009573 0.808726
0.008002 0.168973 0.802756
0.150706 0.415854 0.633007
-0.750108 -0.007062 -0.264934
-0.089057 0.709082 0.470384
-0.068517 -0.299648 0.439414
0.834452 0.26619 -0.122305
0.405408 0.642761 0.578677
0.155303 -0.498664 0.896011
-0.779142 0.435364 -0.088936
-0.109451 0.073006 0.7268
-0.336362 0.103093 0.581328
-0.085588 -0.318599 0.539177
-0.299653238971 0.150621728277 -0.179431794399
-0.490176 0.877148 0.260223
1.374576 0.140126 -0.408918
-0.317483 0.694674 -0.631612
-0.809486 0.179853 -0.53444
0.59138 0.090718 0.313064
-1.11241259278 0.0561480501016 -0.147604955634
0.477876759098 0.282604758406 -0.0741190259897
-0.39545 0.35731 0.631976
1.196529 -0.049752 -0.377896
-0.89892 0.210457 -0.564711
0.124197 0.027603 0.830299
-0.095968 -0.58716 0.906064
-0.103245 -0.544885 0.725955
-0.124942799622 0.963380665195 -0.649706514918
-0.771066 0.056395 -0.296464
-0.379849 0.553096 0.616021
0.143386 0.646158 0.593143
-0.174831 -0.107546 0.564139
0.236653 0.687082 0.592158
-0.0728495278303 -0.166147722015 0.285775684312
0.312008 -0.250547 0.492117
0.284319 0.667795 0.56616
0.736434177795 0.564338680029 -0.162434842349
-0.070605712042 0.0677484134056 -0.127354151777
-0.008015 -0.098643 0.842811
0.463424 0.584523 0.576785
-0.77057 -0.018093 -0.343555
0.249871 0.262057 0.576061
-0.006077 0.090183 0.843126
0.15359984198 -0.548400463033 -0.297558192974
0.795616 0.486404 -0.333996
0.253419490497 0.173950212996 0.336960087966
-0.268123284565 0.182219747218 -0.0976155704146
0.662342 0.230112 0.470565
0.128724 0.142922 0.818888
0.294343 -0.54774 0.866865
-0.776971 -0.13382 -0.081074
1.117939 -0.066023 -0.436921
-0.459266 0.677227 0.452299
-0.444426 0.43523 0.647757
-0.377078 0.486702 0.653484
1.371362 0.099515 -0.418322
0.156864 -0.43525 0.929872
0.563025 0.179193 -0.65154
0.043042 -0.367932 0.94384
1.146032 0.234747 -0.407061
0.188119 0.099402 0.767268
0.471425 -0.677003 0.615877
0.403685 -0.211869 -0.545301
-0.249579 -0.286705 -0.570023
0.313448 0.035589 0.503834
0.221434 -0.433614 0.515813
-0.804142 -0.04209 -0.367252
-0.223291 0.392132 0.644943
1.363746 0.23061 -0.359639
0.260295 0.697391 0.587369
-0.759739 -0.026303 -0.299076
0.918621 0.245358 -0.329599
0.61938 -0.093322 -0.44879
0.055709 0.054672 0.841644
0.889946585405 -1.12039983329 -0.29479300731
0.464227 0.645983 0.566634
-0.043997 0.379948 -0.860431
1.127741 -0.117092 -0.331944
1.032859 -0.133821 -0.299031
-0.130243 0.658551 0.442828
-1.027546 0.001446 -0.523858
0.443816 -0.714178 0.620851
-1.171726 -0.080982 -0.541576
-0.395232 0.634362 0.501719
0.565709 -0.185044 -0.14609
-1.032813 0.066272 -0.651282
0.327611 -0.120911 0.574043
0.44685 0.600994 0.576866
0.051469 0.691639 0.577401
-0.693495 -0.041952 0.004891
-0.424509 0.714175 0.456133
0.319328 0.382079 0.666421
-0.842674 0.065594 -0.426581
0.412863306187 0.251604984784 -0.597507123914
0.0805978049017 -1.53841482917 -0.926250712292
-0.124038 -0.541659 0.749514
0.839983 0.254483 -0.298672
0.058197 0.013787 0.818814
0.773572 0.359108 0.131755
0.107786 -0.548541 0.966116
0.602024 0.36805 0.558845
1.068589 0.331346 -0.265193
-0.152883 -0.389685 0.750512
-0.775696 -0.090868 -0.199207
0.56222 0.506259 0.566836
-0.505953 0.480283 0.60587
1.155834 0.219379 -0.361946
-0.326122 0.416501 0.647066
-1.096667 0.168473 -0.739435
1.04471938332 0.390155895131 0.0887545610303
0.462614 0.608241 0.573312
-0.145715 -0.018184 0.680086
-0.126958 0.351277 0.662763
0.077594 0.941777 0.512669
0.715117 0.101329 0.14743
0.259532137153 -0.765977055361 -0.0712242928094
0.044483 -0.333085 0.372687
-0.950455 -0.004816 -0.469726
0.198323 0.68609 0.584385
0.324168 -0.480955 0.877994
0.651583 0.647748 0.069294
-0.150174 -0.212503 0.474447
0.832996 -0.119863 -0.276009
-0.560419 0.594155 0.450754
-0.393512 0.352622 0.636777
1.187343 0.195027 -0.381696
1.206319 0.108576 -0.380453
0.071103 0.895829 -0.231991
-0.615811 0.173012 0.430999
-0.423905 0.57776 0.591913
-0.0368647342896 -0.450580171119 -0.0518024333601
-0.304855 0.596202 0.550715
0.872317 0.086956 -0.277755
-0.378752209725 -0.409916867794 -0.16084526873
-0.65957 0.377867 0.489177
0.281636 -0.0314 0.698546
0.244661 -0.500388 0.867794
-0.772979 0.317897 -0.431316
0.119929 0.173123 0.776317
-0.074035 -0.553791 0.710157
0.30433 -0.51982 0.849092
0.320771 -0.501551 0.868282
-0.574387 0.416599 0.514678
-0.326529 0.307862 0.620161
-0.035219 0.153365 0.816321
0.012447 0.044722 0.822785
-0.431057 0.887127 0.357827
0.257776 -0.715303 0.71159
-0.384951 0.437569 0.666308
0.659592 0.580318 0.178988
0.095361 0.574509 0.607522
0.082037 -0.56545 0.964531
-0.319308 0.518056 0.609211
0.353215 -0.292242 0.532245
-0.31896 0.347187 0.649444
0.232405 0.354984 0.665669
-0.487467236045 0.490053896117 0.334121392153
0.748856 -0.01948 -0.181923
0.971581 -0.16547 -0.244275
-0.88195 -0.109948 -0.183882
-0.484279 0.482945 0.618228
-0.756152 -0.009631 -0.289499
-0.580638 0.577715 0.442117
1.006807 0.054493 -0.32774
0.095625 0.757698 0.560328
0.68677 0.289059 0.479697
0.056052 0.141139 0.767028
-0.41699 0.310771 0.627045
0.108261 -0.49345 0.967223
0.228422 -0.517906 0.872888
-0.558912 0.594997 0.431866
0.196923 0.022674 0.778553
-0.49777 0.49795 0.604546
-0.289025 -0.192792 0.255676
-0.418256 0.297154 0.624731
-0.625057850128 0.129772595377 0.729902248306
0.737812 -0.207154 -0.232408
0.277661 0.608544 0.665612
1.102144 0.101954 -0.34405
-1.130314 0.008386 -0.638439
-0.684182 -0.14476 -0.340461
0.351996 -0.043304 0.399832
-0.130623 0.456406 0.619935
-0.737611 0.063622 0.051469
-0.634002 0.562019 -0.098867
0.494155 -0.701706 0.683067
0.207827 -0.188794 -0.694771
-0.151049073001 0.701916024614 -0.110480415923
0.576460216011 0.0981886303927 0.746295422197
-0.424336 0.488398 0.642688
0.430788 -0.230386 -0.460809
-0.870329 -0.056859 -0.370486
-0.471626 0.868749 0.396985
0.282013 -0.007906 0.50471
-0.0683538453064 0.754346387435 -0.67815812412
0.317397 0.52995 0.6881
0.289087 -0.023222 0.497279
0.256012405015 0.447839559944 -0.50731071549
-0.47445 0.383624 0.60567
0.103697 -0.024282 -0.826862
-0.730382 0.560816 0.380915
-0.424492 0.361618 0.611085
0.950684 0.292602 -0.222394
0.376617 0.672937 0.571562
-0.330256 0.601294 0.536134
0.35128 0.238344 0.568065
-0.377759 0.542202 0.62339
0.70563758644 -0.403909624618 -0.829478020478
0.530539 0.42065 0.588748
0.129166 0.765577 0.374722
-0.860462 0.207864 -0.56746
-0.816479 0.49372 0.356115
-0.590382 0.550055 0.444623
-0.536717 0.478313 0.570657
-0.257072 0.665787 0.554109
0.118971 0.476845 0.646299
0.368889 -0.633922 0.857616
0.137143 -0.427901 0.9559
0.063728 0.090095 0.843953
0.090026 0.542509 0.626125
-0.306845574983 0.109507333355 0.222010529622
0.077244 0.155747 0.793885
-0.424962 0.64189 0.488071
-0.730534 0.063282 -0.551528
0.003648 0.951802 0.4761
-0.051189 -0.643257 0.88602
0.797747 0.519933 -0.225354
0.117492 0.489625 0.626956
-0.655626 0.523652 0.431059
-0.40945 0.567216 0.602852
1.15227 -0.163192 -0.359201
-0.407096 0.63714 0.448632
-0.850593 -0.117429 -0.279683
0.763689 -0.042842 -0.202211
-0.98481 -0.138538 -0.214875
0.257597 -0.664137 0.636466
-1.036615 -0.021469 -0.507774
0.166071 0.714613 0.573413
-0.062893 0.725498 0.43784
0.283508 -0.046781 0.539039
0.118787 0.398497 0.65812
-0.165838 0.053467 0.624281
0.153669 -0.47327 0.937308
-0.668473 0.405029 0.47655
-0.155503 -0.389547 -0.004725
0.07645 0.162101 0.756859
-0.813729 0.084641 -0.385872
-0.83003 0.500019 0.13303
-0.925885 0.068517 -0.536607
1.236494 -0.087803 -0.446583
0.373188 -0.204641 0.106448
-0.253873 0.452673 0.618142
-0.487635 0.558442 -0.6684
-0.660374 0.496694 0.311808
-0.404378797975 -0.864951765743 0.0691133373043
0.097111 0.168882 0.761077
-0.387392 0.661558 0.49335
-0.280729284647 0.464222101552 0.0915298383227
-0.072146 0.643379 0.60097
0.291851 -0.291105 0.47796
1.196841 0.348003 -0.36195
-0.821565 0.281538 -0.163872
0.050174 0.442453 0.638114
0.971206 0.237827 -0.254634
0.305836 0.432179 0.6903
0.00824627078695 0.80185238323 -0.0858188374461
-0.489004 0.683335 0.210832
-0.394724 0.586955 0.58671
-0.806612 -0.166384 -0.098402
-0.83949 0.20104 -0.537082
0.034501 0.571744 0.506444
-0.152286 0.66022 0.437653
-0.031444 0.167601 0.751517
-0.083515 0.519566 0.616288
0.077711 0.561319 0.621669
0.077255 0.47868 0.637252
-0.242683 0.05389 0.54661
0.351848 -0.01497 0.431038
0.73028 -0.028503 -0.12961
0.323121 -0.137711 0.754251
-0.45209 0.609117 0.548172
0.158643 0.41802 0.665965
-0.783893 -0.009529 -0.367856
0.640081 0.48836 -0.529407
0.113915 0.072622 0.839735
0.63146 0.690467 0.509363
0.628959 0.70848 -0.309208
0.186246 0.643518 0.64581
1.113525 0.126207 -0.346345
1.214337 0.246929 -0.345632
0.00731921954765 0.334420998554 0.0441445661002
0.605359 0.166405 -0.614773
-0.049677 0.112033 0.795308
-0.783691 0.542347 0.133018
0.903486 -0.086206 -0.295214
-0.603526677128 0.640473140613 0.00369452022741
-0.40132 0.096759 0.521654
0.235676 -0.277764 0.407245
0.175308 -0.528146 0.958843
1.254879 0.083706 -0.402719
0.178094 0.549936 0.685696
0.184885 -0.458071 0.899247
0.014163 0.718943 0.578791
-0.355078 0.709061 0.277072
-0.391151 0.346112 0.639619
-1.095919 -0.120364 -0.451652
-1.177582 -0.03262 -0.608302
0.093521 0.170497 0.781334
-1.001638 0.067057 -0.61465
-0.649834 0.538557 0.42739
-0.16673379293 -0.576448740554 -0.481118460322
0.82495 0.295254 -0.058995
0.189263 -0.522984 0.888125
0.418958 0.849619 -0.069182
-0.756798 0.221141 -0.501471
0.776021 0.566016 -0.238469
0.332256 -0.1053 0.643719
0.28894 0.720118 0.570381
-0.899894 0.148746 -0.684444
-0.154875 0.260024 0.718965
-0.348817 0.512596 0.641619
-0.313006 0.615487 0.441015
0.260367 0.009863 0.692182
-0.142490935427 -1.10777195256 -0.326851423222
0.442128204664 -0.724157103865 1.33012686335
-0.410401 0.633413 0.495331
0.862907 -0.046404 -0.298108
-0.530423 0.609514 -0.553416
0.607224 0.73841 -0.251372
-0.341297 0.021289 0.445229
0.73311 0.435257 0.258608
0.528321782065 -0.286641633521 0.267906311941
-0.668953 0.542261 0.415356
-0.545281205304 0.446887076998 -0.251697335811
-0.890109 -0.111445 -0.204804
0.737436 0.481869 0.412405
0.824771 0.26101 -0.340581
-0.601979 0.278885 0.537151
0.614501 -0.172532 -0.141272
-0.933088 -0.088389 -0.351749
0.159331 0.147485 0.802244
0.239765 0.877512 0.484415
0.778924 -0.10127 -0.197556
-0.064675 0.077098 0.775797
0.377309 0.459479 0.672086
0.201256 0.09121 0.749577
0.396614 0.487022 0.652353
-1.240534 -0.121145 -0.478661
-0.00761016185553 -0.860233723554 0.272266898177
0.153508 0.566693 0.670415
0.835512 -0.048073 -0.276868
-0.403786 0.434437 0.662174
0.285017 -0.469234 0.866605
-0.240927 -0.229936 0.276369
-0.564452 0.443532 -0.696206
-0.95388 0.060837 -0.554063
-1.043707 -0.195643 -0.357602
-0.997122 0.106778 -0.641528
-0.258326 0.566552 0.571439
0.468857 0.524423 0.573919
0.439943 -0.50952 0.591803
0.235509 0.0599 0.695424
0.472685 0.421484 0.613014
0.651161 0.335336 0.524945
0.762749 0.563816 -0.309898
-0.050982 0.677381 0.372252
-0.0569021668412 -0.0910070486119 0.177686136544
0.812806 -0.02703 -0.269551
0.363599 -0.283348 0.802055
-0.66761 -0.173231 -0.20317
-0.76895 0.510142 0.381653
0.353832 -0.420119 0.530265
-1.05617 0.025267 -0.577667
-1.02979 0.047951 -0.597368
-0.027353 0.750702 0.406215
-0.142416 -0.324956 0.633699
-0.662157 0.456276 0.464833
-0.055495 0.123648 0.774255
0.375123 -0.730632 0.67233
0.373248 -0.690083 0.608093
0.433013 -0.014439 -0.68174
-0.701174 0.12021 0.187333
-0.0160776525488 0.0175338836088 0.38251581439
1.267267 0.232438 -0.337924
0.030512 0.898328 0.548787
0.373436 0.464725 0.678075
0.451535 0.674332 0.225494
0.799216 0.434756 -0.370838
-0.189729 0.464796 0.614188
0.013745 -0.636234 0.924489
-0.343229 -0.011312 0.404187
0.319725 -0.090842 0.602995
-0.383138 -0.240772 -0.525509
0.239953 0.207341 0.701787
0.172989 -0.484957 0.890088
1.20042927644 0.0148742304906 -0.350013721525
0.167649 0.617563 0.659987
0.215587 -0.149943 0.836173
0.900422 0.175424 -0.240963
0.292327 -0.164899 0.803267
-0.093142 0.08791 0.750444
-0.38043 0.219693 0.635785
-1.112221 -0.123048 -0.367262
0.088828 0.504618 0.638263
-0.40168 0.238499 0.555767
0.497353 0.297787 0.600987
-0.324307 0.153203 0.629143
0.282874 0.435428 0.692298
1.072347 0.364537 -0.264108
-1.112819 0.048474 -0.692773
0.640223 0.153075 -0.581205
-0.727245 -0.034962 -0.145073
-0.612695 0.519866 0.430208
-0.581463 0.502449 0.497302
-0.864399 -0.189211 -0.242282
-0.375516 0.639805 0.509564
1.040207 0.083567 -0.334148
-0.632684 0.644868 0.167277
-0.463613 0.6537 0.178858
0.303921 0.003185 0.488625
-0.59762 0.496398 0.474048
-0.395921 0.282493 -0.811414
1.126033 -0.10632 -0.392696
0.303888 -0.077754 0.567779
0.427497 -0.45797 0.587038
0.194838 0.081122 0.772872
0.09782 0.302695 0.696397
-0.671148 0.64393 0.389674
0.292582 0.631077 0.642761
-0.540533 0.374363 0.568594
-0.076603 -0.262624 -0.672748
0.740846 0.358308 0.416896
-0.114896 0.808888 0.074229
0.166415 -0.508387 0.923731
0.864107779667 -0.294486370705 0.247118221449
-0.408243 0.658695 0.488714
0.891356 -0.11972 -0.236413
-0.327013 0.80281 -0.387381
0.00572345512268 -0.519883052082 0.0312848601167
-0.323995 0.802371 0.463111
0.022575 0.225992 0.714649
-0.816407 0.345097 0.011871
0.370922 -0.440319 0.863146
0.905539 0.303327 -0.242641
-0.056725 0.869265 0.517126
0.300610802028 -0.412348896046 1.13471598335
-0.566723 0.190657 0.529198
0.019764 0.163395 0.759956
-0.243563 0.693376 0.368083
-0.514928 0.473522 0.60084
-0.662407 -0.108413 -0.05263
-0.647377 0.557027 0.423587
-0.448386 0.286722 0.573856
-0.232342 0.751807 0.124353
-0.03404 0.16775 0.770482
-0.060632 0.177463 0.758033
1.092659 -0.046577 -0.374061
-0.708779 0.501771 -0.040012
0.788479108531 -0.222154906526 0.65366769444
0.403739 -0.389375 0.8142
-0.265316 0.465399 0.596352
0.214992 0.690563 0.588026
-0.278923 -0.046416 -0.758294
0.0841994375264 0.060896813615 -0.0527963197348
0.229139 0.004208 0.759411
-1.231192 -0.104614 -0.581071
0.516727 0.722623 0.573744
0.056112 0.49657 0.558763
0.337626 0.372185 0.653168
0.601519 0.519292 0.557205
-0.345722 0.697007 0.143434
-0.094045 -0.292089 0.387466
-0.126589 -0.125344 0.779028
0.485149 -0.60448 0.766895
-0.977778 0.19751 -0.73627
1.080345 0.063207 -0.345597
0.962422 0.338007 -0.255898
0.269102 -0.008302 0.56564
0.583154 0.479058 0.56389
-0.608628036286 -0.766092389219 0.0308010931186
0.418352 0.322359 0.634082
0.797351 -0.003791 -0.27872
0.36406 0.654856 0.588253
-0.545643 0.496302 0.556834
1.033405 0.325104 -0.252266
-0.889049 0.067835 -0.496621
-0.521906 0.465804 0.591183
-0.079759 0.787835 0.481682
-0.239875 0.527134 0.529894
-0.774299 -0.083509 -0.211544
-0.17269 -0.129001 0.57595
-0.382145 0.313063 0.637323
0.146695 -0.42969 0.953278
0.056855 0.037087 0.835327
-0.797658 -0.067231 -0.266494
1.078527 0.027541 -0.352279
0.282205 0.308278 -0.827468
0.368169 0.332073 0.636473
-0.719848206373 -0.0405271007423 0.69518250432
-1.253356 0.018735 -0.711157
0.145241 0.139387 0.817681
1.189298 0.213673 -0.371757
-0.865389 0.576924 0.23754
0.255762 -0.36553 -0.316498
-0.524415 0.584285 0.53074
0.145271240133 -0.55729260375 0.377290720231
-0.665504 0.53326 -0.109998
-0.74608 -0.001651 -0.238836
-0.999885 -0.132326 -0.308081
-0.593432 0.585524 0.44467
0.224277 0.650223 0.641804
-0.583828 0.808278 0.238976
0.36434 0.44712 0.677613
0.177613 0.131938 0.79415
0.162255 0.422938 0.667455
-0.140412 -0.19476 -0.709053
0.345694 0.668863 0.498646
-0.297006217737 -0.0111805768098 0.554615393482
-0.82042 0.355148 0.066826
-0.077295 0.65988 0.396324
1.077203 0.182007 -0.345961
-0.770094 -0.031866 -0.345931
0.027506 -0.667397 0.787828
-0.060987 -0.62309 0.911021
-0.394185 0.640433 0.501685
-0.172087 0.470598 0.4951
0.305115 -0.099537 0.746037
0.549412 0.597004 0.565017
-0.444471 0.409917 0.630642
-0.371171961398 0.631612452656 -0.646496898222
0.101065 0.588102 0.598415
0.582366 0.118554 0.36945
-0.772611 0.116427 0.013889
0.541071 0.732044 0.510173
-0.873385 -0.083681 -0.339664
-0.806418 0.168277 -0.412271
-0.171902 -0.190465 0.438133
-0.840843 -0.079737 -0.329244
-0.0439678007151 -0.140866673342 -0.0901555100144
0.373145 0.354113 0.655232
0.196043 0.657785 0.604192
0.750862 0.480783 -0.423515
0.869999 0.135649 -0.241786
0.052728 -0.609172 0.949033
-0.634301 0.43845 0.419622
0.356235 0.561688 0.66152
0.690846 -0.049486 -0.013147
-0.168806 0.656269 0.357082
-0.621009 0.583914 -0.178221
-0.184281472984 0.055061185689 0.523266596138
-0.368621 0.443637 0.667883
-0.480306 0.343758 0.605064
-0.803453 0.188468 -0.358734
0.223377583896 0.722879453156 -0.195574580302
-0.153711 -0.356409 0.782154
0.721606 0.315601 0.444188
0.439659 -0.692697 0.77294
0.20323 0.071595 0.757823
-0.732882 -0.087217 -0.13437
-0.191286 -0.406462 -0.209195
0.409018 0.548479 0.607497
-0.005392 0.489943 0.625094
0.220852 -0.365425 0.912352
-0.631162 0.44283 0.486659
0.163456 -0.488449 0.947446
-0.473527 0.650454 0.467838
-1.092157 0.160236 -0.721387
-0.029804 -0.34604 0.276887
-0.500571 0.890366 0.320688
0.06829 -0.679133 0.780298
-0.269717 0.56409 0.572087
0.149282 0.585419 0.658585
0.157116 0.585892 0.669412
-0.0712105246786 0.248367179047 0.279387665062
0.087303 0.088904 0.841774
0.591097 0.515357 -0.556104
0.197633 -0.290923 0.892451
-0.821416 0.004298 -0.407429
-1.208031 -0.067911 -0.639978
0.101646 0.035054 0.837309
0.429146 0.464003 0.627513
-0.141806 0.035983 0.665007
0.911186 -0.178658 -0.20888
-0.479367 -0.112191 0.131417
1.037452 0.199693 -0.324735
0.755885 -0.016649 -0.384425
-0.125047 0.649286 0.415858
-0.127322 -0.404819 -0.402391
0.402895 -0.258161 0.710313
0.695584 -0.184204 -0.15795
-0.838935 0.350418 0.247234
-0.607511 0.606529 -0.261275
0.2447311171 0.788229901326 -0.975537445993
-0.912271 -0.052316 -0.391319
-0.20667 0.136377 0.668947
0.273329 0.386521 0.661123
0.216849 0.684749 0.587192
0.189543 0.667205 0.586086
0.261719 0.676166 0.592932
0.643101 0.702599 -0.057252
0.139603 -0.32956 0.404485
0.209608 0.710081 0.46288
0.304419 -0.550142 0.887954
-0.799242 0.186315 -0.392285
-0.843543 0.162799 -0.447594
0.205025341296 0.0404619213427 -0.450144835184
0.236021 -0.294686 0.428651
0.81387 0.032092 -0.268185
-0.164291 0.373744 0.651041
0.133875 -0.499097 0.553979
-0.798642 0.395673 -0.157512
-0.798008 -0.07645 -0.252263
-0.300448691607 -0.206420185689 0.00688233992221
1.162574 -0.17766 -0.403783
-0.898106 -0.11637 -0.238982
-0.073649 0.585544 0.608831
-0.03950655095 0.504617925858 0.1339014364
0.398972 0.240115 0.559636
0.142282 -0.356075 0.453929
0.047409 0.141362 0.826522
0.16291 -0.410191 0.945408
0.24075 -0.626319 0.609782
0.294459 -0.563622 0.909523
-0.139651 0.331238 0.677509
0.403783 0.34806 0.64563
0.153441 -0.452671 0.908909
-0.0909277036032 0.538458748331 -0.406163157499
-0.379727 0.298429 0.636987
0.248872 0.633198 0.655862
-0.848001 -0.113164 -0.221192
-0.625096 0.475096 0.455829
0.45098 -0.55861 0.596501
0.182154 -0.531079 0.90675
-0.554028 0.83908 0.241614
-1.105955 -0.121751 -0.396283
0.26026 0.020172 0.627156
0.059896 -0.13844 0.863217
0.437498 0.755059 0.449284
0.268067 -0.469186 0.872639
0.240895 -0.695399 0.68231
-0.448317 0.616081 0.504354
0.111907 0.169078 0.794361
0.214351 0.411077 0.656647
0.850768 -0.117359 -0.279516
-0.159763 0.253969 -0.86453
0.421486 -0.651441 0.818021
-0.396886 0.116042 0.566446
0.094311 0.581334 0.595396
0.344849 0.44398 0.688671
0.386837 -0.070074 0.313004
-1.112781 0.063342 -0.689457
-0.310302 0.804717 0.4075
-1.234485 -0.050063 -0.666726
1.230581 -0.125389 -0.432804
0.0246581071051 -0.179230304022 0.183996434848
0.812937 0.384455 -0.026244
-0.348056028173 0.992387246743 -0.372731506804
-0.489515 -0.17963 -0.018791
0.162985 0.135041 0.751479
0.899082 0.086582 -0.295416
-0.942888 0.036988 -0.513751
0.1749 -0.52507 0.898571
-0.044966 -0.067275 0.819391
-0.827716875371 0.222726335863 0.520144300148
-0.479186 0.639965 0.417824
0.73926 0.492968 0.438501
0.25958 0.442531 0.692854
-0.770045443556 0.00271086481499 -0.223267737352
0.621206 0.591092 0.222239
0.318048 -0.466142 0.878757
0.185748 0.713384 0.57526
0.081134 0.014528 0.824333
0.841738 -0.050371 -0.285436
-0.502114 0.374711 0.578613
-0.0984477989926 0.258495804436 -0.0910020739225
-0.52417 0.461731 0.584959
0.514004327087 -0.440630517616 0.0844317239465
0.236417 0.091886 0.664413
-0.740889 0.541707 0.382101
0.395740327617 1.05520258987 0.160309153673
0.349527 -0.540556 0.894356
-0.773477 0.020853 -0.509938
0.269028 -0.013783 0.542184
-0.331707 0.55809 0.572668
-0.552123 0.620346 0.460881
1.178643 0.106531 -0.368492
0.357714 -0.654864 0.588542
-1.032978 -0.168272 -0.419986
-0.520954 0.669077 0.431561
-0.58014 0.414498 0.518835
-1.224242 0.075263 -0.731542
-0.650651 0.477313 0.458762
0.134807 -0.331435 0.309186
0.071564 0.17258 0.73818
0.176546 -0.346255 0.448405
0.302216010457 -0.11311693965 -0.388304035315
-0.770434 0.388154 -0.399267
-0.051753 0.862822 0.432024
0.282187 -0.438944 0.906044
0.783018 0.216872 0.091479
0.281127 -0.257911 0.849886
0.384508 0.497384 0.666784
-0.675625 0.493235 0.438049
0.723631 0.558808 0.455127
-0.335300460009 0.705159256993 -0.216320500535
0.131427 0.102207 0.835341
1.069767 0.193854 -0.34291
1.03661 0.216866 -0.383044
0.464108 -0.574434 0.795635
0.248564 0.657201 0.602794
0.307269 0.775539 -0.50205
0.182252 -0.402608 0.497878
0.305688 -0.574061 0.910502
-0.59209 0.409008 0.524456
-0.281216451389 -0.504007323904 0.000789207990667
0.440678 0.195396 -0.744182
0.307867 -0.500653 0.850225
-0.745978 0.338651 0.426883
-0.72268 0.515106 0.39694
-0.477489 0.363069 0.599593
-1.238507 -0.070576 -0.506966
0.197116 0.064377 0.77748
-0.235692 0.475988 0.615923
0.096036 -0.331694 0.391518
-0.646819054221 0.792341467238 0.11788573467
-0.123398 -0.164319 0.800015
0.813867 -0.011851 -0.292691
-0.467798 0.425259 0.625276
0.248439 -0.565378 0.930775
-0.972676 0.012465 -0.504367
0.015741 0.924386 0.530182
0.841798 0.196823 -0.341908
-0.841857 0.469864 0.138056
0.17855 0.692682 0.583044
0.18933 0.586788 0.677714
-0.825241 -0.109715 -0.21452
-0.449602 0.326106 0.617353
-0.487511 0.260856 0.595751
-0.903697 0.034228 -0.480927
0.090419 0.610984 0.601894
-0.051163 -0.437166 0.938468
-0.278241 0.091762 0.595157
-0.173655 -0.176123 0.691746
-1.096561 0.040997 -0.666757
0.733205 0.050175 -0.44405
-0.743659 0.501973 0.394956
1.039303 -0.129944 -0.324745
1.076196 0.37255 -0.273083
-0.360006 0.353486 0.646287
-1.135213 -0.115208 -0.460846
1.1724 0.124686 -0.365851
0.445014 0.295297 0.620442
-0.349676 0.544334 0.619975
-0.831845 0.052852 -0.412846
-0.456713055633 -0.656934835978 0.474364250843
-0.491639 0.426788 0.606273
0.394562 0.634033 0.583751
0.371926 0.557141 0.644408
0.124669 -0.363018 0.166038
-0.512029 -0.19145 -0.370604
-0.66539 0.551001 -0.344525
0.548506 0.706122 0.453402
0.161964 0.026673 0.809623
-0.144051 0.056271 0.661617
0.017105 0.66134 0.587207
-0.046798 -0.41312 -0.414108
-0.937803 0.094346 -0.576937
0.450304 0.667088 0.272662
0.277225 0.512781 0.701063
-0.688718 0.402687 0.464628
-0.019472 0.171428 0.767271
-0.426145 0.445544 0.654441
-0.017727 0.784071 0.574969
-0.073495 0.04893 0.769874
-0.503819134392 -0.40509060005 -0.196998759047
-0.087579 -0.204411 0.846512
-0.346048 0.793917 0.301376
1.265486 0.135882 -0.386102
-0.585488 0.294046 0.54698
0.210829 -0.445796 0.913136
-0.273709 0.421344 0.622951
0.27089 -0.010843 0.694393
0.087532 0.153093 0.809784
-0.305755 0.79385 0.378882
1.267111 0.120744 -0.368779
-1.094938 0.000681 -0.580532
-0.787073 0.332781 -0.382547
0.215129 0.466579 0.689083
-0.57058 0.122791 0.379594
0.312619 0.465616 0.702494
-0.819273 0.282653 -0.05128
-0.400896 0.642979 0.42219
0.453159 -0.486391 0.794098
-0.169199 0.0175 0.579331
-0.914597 0.079989 -0.535311
0.390164 0.111767 0.573987
0.190329 -0.421146 0.937993
-0.701749 0.529081 0.400093
0.426081 0.608276 0.510369
0.0459681936131 -0.116832413941 -0.0794030911295
-0.022812 0.935963 0.446713
0.033866 0.032622 0.823866
-0.376828 0.453879 0.665435
0.24072 -0.559811 0.912234
0.876417669789 0.161077155198 0.0854184099998
-0.325823 0.6064 0.538817
0.0566 0.045458 0.838949
0.228341 0.409915 0.668612
0.288685 -0.500082 0.851305
-1.223794 -0.065744 -0.500446
-0.497435 0.841764 0.406513
-0.553441 -0.005068 -0.641274
0.446229 0.074291 0.463703
0.119462 -0.393063 0.949081
-0.38703 0.868558 0.351932
0.53736 0.161829 0.532573
-0.534384 0.039121 0.296629
0.181643 0.579294 0.678739
1.002618 -0.080304 -0.336588
0.308609 -0.177616 0.301366
0.055227 0.611401 0.517853
0.178328 -0.25315 -0.649513
-0.471777 0.644622 0.470493
0.132587 0.604069 0.622074
0.956496 -0.128545 -0.265912
-1.133637 0.144999 -0.734509
0.518868 0.283394 0.590641
-0.485016533918 -0.07879141594 0.548569714882
-0.0919939210364 0.577944587544 -0.307450153253
-0.188225 0.068351 0.617237
-0.852965 -0.10697 -0.178494
-0.997029 0.025888 -0.534622
-0.40311 0.600787 0.543907
0.229752 -0.55476 0.892498
1.333132 0.10217 -0.442917
0.25685 -0.2387 0.411731
-0.451633 0.609508 0.541031
0.316189952937 -0.641681844532 0.530090343611
0.516958 0.606347 0.564452
1.242786 -0.018129 -0.451241
-0.818301 0.2208 -0.102126
0.901351569227 0.212507785779 0.168448819091
0.961845 0.327539 -0.280957
0.812827 -0.100096 -0.244984
0.028021 0.15977 0.772833
0.293333 0.594836 0.668976
-0.879909684609 0.44828270429 -0.00818044449635
0.918969 -0.093432 -0.2926
-0.821313 0.072029 -0.394093
-0.90551 -0.113669 -0.419889
0.091139 0.186987 0.733267
0.026909 -0.457958 0.962364
-0.053099 0.125272 0.77918
-0.652318 0.465449 0.365909
0.052301 0.644185 0.45461
0.0837722728618 -0.384443126173 0.416156610261
0.380723 -0.484634 0.864736
-0.55281 -0.177903 -0.34914
-0.719353 0.501554 -0.175653
0.102386 0.697318 0.578962
-0.485729 -0.149577 0.056916
-0.006771 0.174996 0.775158
-0.275118 0.612355 0.548797
0.043666 -0.507506 0.967499
-0.67898 0.521342 -0.03936
-0.167956 0.664694 0.342207
-0.391242 0.589922 0.580314
-0.343743 0.543983 0.616048
1.268657 0.303749 -0.319858
-0.154594 0.075541 0.656859
-0.318589 0.286786 0.606361
0.43146 0.152613 0.583322
1.190986 -0.104474 -0.351123
-0.218057 0.104773 0.637529
0.50384 -0.658483 0.670946
0.364299 0.577529 0.630677
-1.18987 0.109091 -0.767958
0.784394 0.363326 0.089121
-0.170461341649 0.293545284839 0.0156990335237
0.572471 0.710026 0.555523
0.198814 -0.577881 0.944746
0.137548 -0.355584 0.933139
-1.217744 0.020275 -0.752605
1.194196 -0.005441 -0.399805
-0.034918 -0.004202 0.801216
0.475768146849 -1.39097090527 -0.619774763294
1.000531 0.172311 -0.314291
-0.170344 -0.027218 0.585873
-0.884409 0.115777 -0.485223
0.102048 0.540453 0.616967
0.128323 0.478661 0.635625
0.389122 -0.632279 0.847852
-0.871801 0.41302 0.247103
0.1187 0.175878 0.739662
-0.761307 -0.175215 -0.228729
1.244895 0.011631 -0.410441
-0.507953 0.624433 0.43741
1.155911 0.191584 -0.373285
-0.548211 0.552473 0.523889
0.90422 -0.043587 -0.305022
0.34364 0.561802 0.667786
0.78128 0.453725 0.042129
-0.693492750084 -0.245059186542 1.16286361314
0.788001 -0.197552 -0.173019
0.114399 0.856731 0.04062
-0.250315 0.588051 0.418404
0.354231 0.318322 0.649913
-0.786254 0.597208 0.192662
0.87738 -0.117296 -0.267744
-0.79091 0.473256 0.066249
-0.103838 0.710206 -0.658457
0.872905 0.247289 -0.300631
0.273492 -0.195455 0.432218
0.795356916415 -0.0276191185835 0.13862513521
-0.717509 0.287594 0.444346
-0.506678 -0.000665 -0.675942
0.845742 0.127165 -0.229001
-0.623049 0.528371 0.428817
0.877028 -0.118882 -0.205268
-0.241829 0.049465 0.537056
-0.626493 0.461146 0.469544
0.299221 -0.127646 0.776289
0.88351 0.11432 -0.265689
0.270607971303 -0.301652588658 -0.274713136582
-1.019215 0.190229 -0.7692
0.368827 -0.170986 0.658281
0.214333 -0.427896 0.931798
-0.977862 0.091696 -0.626749
0.694387 0.225559 0.327925
-0.081818 -0.449661 0.923074
-1.197263 -0.1404 -0.408844
-0.406216 0.666409 0.483271
-0.270501 -0.363606 -0.36707
-0.302125 0.377296 0.652853
-1.116539 0.118719 -0.819275
0.363912758559 -0.100866736565 1.03513787521
0.481116 0.264122 0.603571
0.916291 0.244086 -0.221599
0.252123 0.042094 0.627676
-0.028817 -0.525121 0.956882
1.042482 0.153297 -0.332712
-0.502639 0.616427 0.464524
0.123761 0.692251 0.466751
0.99325016238 -0.237027750773 0.196562732597
-0.74114 0.643461 0.364435
-0.982281 -0.170894 -0.192335
-0.726467 -0.03247 -0.121018
0.024309 0.884467 0.381652
0.062643 -0.34595 0.447255
1.21808 0.19248 -0.386263
0.188753 0.112263 0.79291
-0.25279 0.4137 0.645338
-0.441515 0.661581 0.472771
-0.80678 -0.05264 -0.352228
0.462841 -0.720464 0.707837
-0.507932 0.54379 0.574777
0.294595 0.466514 0.705357
0.280924 -0.39313 0.901103
-0.475912 0.366117 0.594301
0.0605180041836 0.481884834139 -0.765877073738
-1.109648 0.144826 -0.817049
-0.779674 0.090947 -0.16542
-0.768296 0.184447 -0.490978
0.033315 0.807073 0.564061
-0.801182 0.135703 -0.365133
0.278932 -0.559997 0.885402
0.117321 -0.384591 0.066862
0.923967 0.179178 -0.254303
0.172187 -0.428512 0.933967
0.435362 -0.059895 0.263106
0.389964 0.629135 0.582041
-0.648186 0.535011 0.291427
0.341187 -0.250821 0.524638
-0.415428 0.465538 0.653233
0.00116409554531 0.27644571704 -0.34640977642
0.074423 0.580387 0.615556
-0.860835 0.483704 0.16634
0.122773 0.897243 0.390676
-0.013474 0.08643 0.839314
-0.551083 0.543858 -0.612875
-0.638673 0.504399 0.439203
-0.545255325088 0.861478850395 0.147964959165
0.341632 -0.553686 0.8977
0.127884 -0.006829 0.809626
-0.209559 0.434563 0.626886
0.534444 0.734872 0.535572
0.734993 0.076792 0.082998
0.312558 -0.011042 0.476299
0.119163 -0.587536 0.954966
-0.945887502028 0.0107135735969 0.248177970565
-0.488198 0.439737 0.618254
0.737859 0.37039 0.440536
0.19457 0.832008 0.386311
-0.855678 0.017468 -0.434905
-0.983671 0.037184 -0.541981
0.232157 0.03555 0.737843
1.042284 0.284462 -0.35954
-0.371216 0.626453 0.467583
-0.040227 0.068308 0.792709
-0.201653 -0.023097 0.530577
0.082642 0.61472 0.603887
0.350969 0.635336 0.580061
-0.071844 -0.310784 0.500078
0.142749 0.560146 0.648712
1.20163 0.306353 -0.389318
0.307629 -0.54117 0.874242
-0.700045 0.568504 0.11278
0.18213627405 0.344045122991 -0.0993331012726
-0.202938 0.664248 0.340812
0.548878 0.630216 0.305937
0.323064 -0.683935 0.841498
1.307627 0.168163 -0.339463
0.168932 0.385662 0.665637
-0.343108 0.828943 0.350918
0.014641 0.081923 0.844505
0.311828 0.340826 0.660201
0.209976793162 0.0721504193511 0.310891098994
0.268586 0.638137 0.647455
-0.47731 0.46152 0.628027
-0.683564367207 0.462638856644 -0.317314764228
0.528946 0.305434 -0.673942
-1.023582 -0.030219 -0.490557
1.300206 0.052636 -0.355692
-0.807761 0.02486 -0.385539
-1.043401 0.03681 -0.587085
-0.532341 0.504583 0.576792
0.262691 -0.427438 0.917972
-0.618851 0.235815 0.515355
0.96319 -0.130168 -0.292457
-0.265885827204 0.330627760699 -0.141114823778
-1.177105 -0.064689 -0.508926
0.661173 0.183504 0.339509
0.575246 -0.192995 -0.278119
-0.337637 0.430077 0.651261
0.1517 0.112843 0.829849
1.320631 -0.031428 -0.410791
0.831646 0.355385 -0.192202
-0.372219300227 0.106473975893 0.676979344253
-0.313283975603 0.074222419403 0.0237003279795
0.998291 0.230595 -0.277807
-0.261289 -0.319559 -0.509286
-0.428536 0.606375 0.542835
0.308279 -0.080237 0.710845
0.070766 0.395956 -0.856086
0.298028 -0.518914 0.847534
-1.184871 -0.062328 -0.502501
-0.27051 0.115082 0.62266
-0.239808709597 -0.563256432381 0.441419789098
-1.135149 0.053847 -0.673232
0.54001 0.530392 0.569601
0.212614 0.808114 0.128072
0.17182 0.73895 0.563822
0.020024 0.719084 0.303394
0.072922 0.599596 0.609583
-0.751291 0.48556 0.019278
-0.321571 0.502229 0.627913
0.866008418198 -0.0226977787181 0.237294364943
0.24564186008 0.404707674953 -0.308835199264
-0.073279 -0.074304 0.806444
-0.581006 0.609259 0.448274
-0.278982 0.409772 0.635471
-0.409338 -0.274844 -0.359125
0.885684 -0.10992 -0.278192
-0.037969 -0.102812 0.835741
1.010742 0.158389 -0.321453
0.775674 0.531304 -0.02323
0.300495 0.68875 0.494138
0.858438 -0.116394 -0.2161
-0.482042749039 0.29312477122 -0.417602930594
-0.567313 0.343574 0.504267
-0.350379 0.447796 0.66527
1.181427 -0.095413 -0.347343
0.490758 0.745364 0.480917
-0.116790921309 -0.616912970547 0.196314693249
-0.331994 0.451413 0.652775
0.357835 0.578881 0.639781
0.130183 0.243288 0.725849
0.602463 0.649427 0.110923
-0.146651 -0.035402 0.688806
0.581018 0.585823 0.562834
-0.84738 0.554284 0.185283
0.205015825978 0.262742478899 -0.330342512513
0.375455126547 -0.56342421858 0.0339125081822
-0.454279 0.64149 0.476028
0.737427 0.393492 0.331964
-1.182913 -0.00647 -0.587166
0.437128 -0.250745 -0.234725
-0.724603 -0.065494 -0.135506
-0.620797 0.651298 0.400459
0.730165827629 -1.06340858971 -0.253417934331
0.9644 0.256254 -0.24142
0.202589 0.649447 0.629203
-1.052902 0.011774 -0.553218
0.787438 -0.000688 -0.255172
-0.580721 -0.163988 -0.095681
-0.194126 0.561353 0.587902
-0.742862 0.159135 0.147988
-0.00638620486688 -0.331363757191 -0.224464171038
0.256462 0.34815 0.647231
0.0893356439241 0.217886915668 -0.263248762338
-0.32033 0.242515 0.663323
-0.0315144792725 -0.138025242696 0.155048190316
-0.008313 0.776318 0.183034
-0.822536 0.164333 -0.429392
-0.617969 0.182793 0.460213
0.839393 -0.225764 -0.261362
0.217173 -0.326381 -0.525617
0.161398 -0.58207 0.950743
0.156831 -0.450175 0.524681
-0.520305 -0.163436 -0.457459
0.425047 -0.316002 0.718213
0.331142 -0.563387 0.901535
0.295074 -0.045476 0.666866
-0.823644 0.456341 0.105743
-0.274327 0.273299 0.676246
0.057102 0.665585 0.586148
0.667088165767 0.299221223675 -0.383883997659
-0.939012 -0.014093 -0.451596
0.50222 0.667334 0.34938
0.431534 0.77213 0.477774
0.031378 -0.355453 0.476127
0.293061 -0.039411 0.629269
-0.183126 0.536155 0.59573
-0.62206 0.422341 0.503664
1.258738 0.049595 -0.407401
0.980674 0.287121 -0.238367
0.221038 -0.038857 0.785548
-1.019948 0.176153 -0.671565
0.848429 -0.002548 -0.300707
0.714704 0.654395 -0.149553
0.265195 0.002139 0.542554
1.173199 -0.08822 -0.347938
0.113775 0.163479 0.802352
-0.514679 0.844598 0.22635
0.738413 0.34881 0.391395
-0.833246 -0.105552 -0.280444
-0.241757 0.449444 0.627514
0.036024 0.061981 0.841447
0.293024 -0.517941 0.848159
0.48588 -0.61942 0.633502
0.0133 0.167246 0.768482
0.356188 -0.464166 0.880049
0.493637 0.090684 0.445406
-0.057251 -0.336275 0.526673
1.108517 -0.074457 -0.385615
-0.43139 0.60663 0.557499
0.293232 -0.341757 -0.146235
-0.566211 0.305566 0.556289
0.728968 -0.094156 -0.150981
-0.076469 0.696434 0.443584
-0.388149 0.070951 0.470289
-0.668366 0.248331 -0.656964
0.31962 -0.54048 0.893755
0.81881 0.421546 -0.179856
-0.017783 -0.655033 0.8836
-0.359472 0.502562 0.647267
0.262425 0.039442 0.590705
-0.822554 0.52504 0.34687
-1.176803 -0.047499 -0.561954
-0.098664 -0.11677 0.804227
-0.261507 0.245004 0.685868
-0.185455 0.597909 0.586528
-0.783292 -0.044871 -0.3356
0.00286647144531 0.744367646348 -0.131890833944
0.246262127076 -0.921134985301 0.073069844244
-0.226392 0.283202 0.689209
-0.91516 0.042677 -0.498453
-0.334488 0.494037 0.649953
-0.408645 0.797309 0.463627
0.965949 -0.2167 -0.358053
-0.804351 -0.027122 -0.381399
0.27274638355 -0.266174265727 -0.023669869546
-0.796445 -0.085035 -0.240392
0.15334086998 -0.325216699907 -0.274061273672
1.002655 -0.133464 -0.321038
0.865512 -0.121532 -0.18872
0.277888 -0.025549 0.565403
0.148912 0.537601 0.656001
0.945202 -0.089273 -0.304141
-0.514704 0.344321 0.584391
-0.417129 0.390782 0.635456
-0.63944 0.613533 0.398323
-0.446817 0.30763 0.589399
0.226095 0.64545 0.648628
-0.226611 0.427342 0.633291
-0.316155 0.536712 0.586948
0.099215 -0.577629 0.960492
0.787213 0.138963 -0.032168
1.025051 -0.191606 -0.291563
-0.652492869806 -0.187917425566 0.880837224945
-1.011555 0.074123 -0.644986
0.530665 0.332651 0.515133
-0.646269 0.521083 0.432727
0.51939 0.481039 0.586684
0.690288748367 -0.37422023599 -0.391184681341
0.377011 0.307682 0.619728
1.183769 0.240769 -0.349137
0.298955 -0.327291 0.491528
-0.670133 -0.05725 -0.495614
-1.009527 -0.096898 -0.410281
-0.026023 -0.030773 0.812882
0.447765 0.539993 0.569309
-0.867493 0.529413 0.186238
0.996228 0.274363 -0.346918
0.93951 0.318761 -0.221765
0.056868 0.776309 0.563235
0.006886 0.886702 0.549526
-0.328274 0.490752 0.647771
-0.783244 0.397728 -0.343013
0.108151 0.471331 0.648063
0.329637 -0.214408 0.517827
0.604987 0.482326 0.556847
0.430719 0.621724 0.578471
0.497465318527 0.994053751666 -0.132573683708
1.239987 0.174152 -0.391897
-0.748456 -0.029152 -0.24983
0.237201 -0.258566 0.366374
-0.859932 0.13498 -0.452223
0.093798 0.626961 0.59758
-0.608663 0.446683 0.480287
0.363003413704 -0.16680393036 -0.678099826062
-0.108791757267 -1.02038572216 -0.0524131667737
0.149199 -0.489147 0.898474
0.376443 -0.236913 0.020915
0.326869 -0.527969 0.891235
-1.256659 0.003592 -0.623827
-0.430218 0.606802 0.550795
-0.430419 0.775038 0.229682
0.012997518154 0.987137208172 -0.293424125497
0.262542 -0.43412 0.916899
1.26256436708 -0.0193225666805 0.423162283759
-0.827498 0.024952 -0.416514
-0.964348 -0.017145 -0.464485
0.453119 0.735233 0.58414
0.149057659625 -0.375488740112 -0.138903787252
-0.910581 0.189047 -0.545683
-1.102707 -0.094111 -0.486349
1.050882 0.067675 -0.337889
1.2356 -0.004514 -0.364095
-0.304181 0.341914 0.632301
-0.70552 0.366087 0.461529
-0.125695 -0.579398 0.803022
-0.739730339933 0.439045436699 0.425753874709
-0.291295684735 0.590139046545 0.206853429659
0.344598 -0.495835 0.893184
0.40016 0.340486 0.628883
-0.52272 0.630638 0.10642
-0.03599 0.07388 0.800229
-0.230625 0.64397 0.566502
-1.135774 0.065395 -0.671794
-0.341684 0.619467 0.528691
-0.409093 0.600288 0.561966
-0.357209 -0.254298 -0.533613
-0.809443 0.138393 -0.585674
0.39329 -0.263795 0.598883
-0.34288 0.754747 0.504766
0.085372 -0.13926 0.861747
0.048585 -0.394446 0.951783
-0.487549 0.65695 -0.54132
-0.793653 0.436237 0.024002
0.296115 -0.0882 0.462818
0.933419 -0.117948 -0.28894
0.035188 0.838524 -0.436443
1.22876 -0.007238 -0.371386
-0.826957808655 -0.0802639383215 0.290626941832
-1.242864 -0.122383 -0.535862
-0.272030627442 0.110384324928 -0.0398653059934
0.100545 -0.326259 0.928702
-0.548666 0.280046 -0.751903
-0.02622 -0.352942 0.516186
-0.079533 -0.511405 0.681235
-0.017933 0.519133 0.619746
0.717388 0.533092 0.397918
-0.265218 0.376847 0.650759
0.674641 0.527551 0.525172
-0.447912 0.4127 -0.781916
0.246204 -0.109048 -0.736202
0.307909 -0.480825 0.858809
0.305767 -0.527602 0.854347
0.318632 -0.183999 0.512321
0.364491 0.542002 0.666371
-0.05754 -0.011759 0.792915
0.245289 -0.579039 0.931523
-0.054942 0.81891 0.551168
0.224986 -0.583027 0.584722
-0.443523 0.641703 0.431724
0.313383 -0.33507 -0.315243
0.779342220574 0.409427905051 -0.0172238762699
-0.587045 0.581682 0.443933
-0.761999 -0.011991 -0.310576
-1.269887 -0.045301 -0.586046
-0.023596 0.113899 0.839661
1.290924 0.266248 -0.326658
-1.230929 -0.112151 -0.462731
0.264634 0.597342 0.67377
0.084733 0.238751 0.71901
-0.206777 0.698596 0.445282
0.036069 -0.340151 0.330891
-1.001204 -0.134288 -0.323012
-0.324772 0.487692 0.643583
0.151704 -0.493587 0.963412
-0.493087 -0.200145 -0.098704
-0.767571 0.649191 0.251907
0.00268 -0.029348 -0.827984
0.197331 -0.533884 0.945561
-0.007463 0.041418 0.807973
0.094725 -0.640368 0.925042
0.924238 0.010254 -0.309578
-0.848136 0.528308 0.32332
-0.753169 0.571586 0.374633
0.208396 0.051963 0.760744
0.286553 -0.210449 0.827702
0.140507 0.0417 0.829952
-0.452647 0.635875 0.477155
-0.122142 -0.382298 -0.479832
0.177698 0.121298 0.768359
-0.829465 0.415561 0.109895
-0.038913 0.164955 0.801634
0.026462 0.741085 0.572852
0.257018338571 -0.889982463376 0.382860083646
0.373224 -0.610804 0.866383
-1.077094 -0.073712 -0.487732
0.719146292976 -0.0687815919462 -0.580811379333
0.210669 -0.542751 0.888547
0.024524 0.12062 0.841316
-0.002989 0.131783 0.837267
0.011682 0.51812 0.620823
0.101528 -0.683759 0.863642
-1.268944 -0.016824 -0.669541
0.099707 0.609291 0.586434
-0.739337 -0.128947 -0.082554
0.619658904902 -0.093282103946 -0.337063223342
0.685245 0.57869 0.520361
0.470762 0.388878 0.619336
1.147642 0.312203 -0.300174
0.195444837943 -0.0256389753497 1.23566421949
0.310431 -0.550304 0.896711
0.482631 0.494919 0.555306
-0.268326 0.544692 0.581865
-0.495013466873 -0.164366185451 -0.409744510365
0.222849 0.580524 0.683138
1.200839 0.130541 -0.378193
0.15465 -0.66377 0.681171
0.802891 0.086022 -0.207922
-0.219897757335 0.0191407543493 -0.671809890901
-0.129416 -0.45795 0.865965
0.817019 -0.028029 -0.278289
-0.725542 0.32363 -0.548274
-0.808085 0.23568 0.019008
-0.770582 -0.044214 -0.447458
0.113151 0.649422 0.589712
0.770028 0.443406 0.081875
-0.351754 0.238227 0.567784
-0.703372 0.520716 -0.329508
1.248259 0.049539 -0.40607
1.273732 0.358143 -0.331048
-0.664857 -0.167928 -0.142536
-0.185288 0.636125 0.583604
0.746401 0.617766 -0.131046
0.969222 0.103868 -0.314209
-0.765752 0.060001 -0.220925
-0.697734 0.472862 0.431874
0.8412402123 0.982250274517 -0.938380160109
-0.124954 -0.252822 0.466957
-0.875601 0.453088 0.204229
1.022589 0.143181 -0.326913
0.593556 -0.174929 -0.337547
0.492801 0.370057 0.606506
-0.735568 -0.011326 -0.160314
-0.75331 -0.074007 -0.192371
-0.988661 0.168039 -0.634299
0.27867 -0.029515 0.518379
0.921302 0.291797 -0.213871
0.843597 -0.02275 -0.298488
-0.311834332575 0.267811520819 -0.202283420046
0.182189 -0.523207 0.955239
-0.005518 -0.344135 0.482512
0.538664 0.110954 0.428462
-0.598332 0.600901 0.271812
-0.370311 0.557281 0.613229
0.289043 -0.556118 0.881278
-0.640748 0.535547 0.429251
1.197928 -0.056888 -0.397674
0.123136 0.72134 0.568495
0.888481 -0.081049 -0.297665
0.231259 0.336753 0.668186
-0.75652 -0.161509 -0.092275
0.261097 0.686414 0.595928
0.764324 0.055971 -0.412102
0.264006 -0.558119 0.879625
-0.092714 0.676064 0.446221
-0.244889 0.678877 0.559358
-0.754696 -0.027145 -0.276544
-0.451286 0.744427 0.442926
0.895101 -0.099193 -0.287508
-0.285598 0.559844 0.569367
0.199518 -0.019853 -0.805251
1.247683 0.01333 -0.406412
0.438392 0.699507 0.579848
-0.177244 0.668941 0.429169
0.141247 0.677405 0.586238
-0.457984 0.660019 0.466983
-0.101087 -0.277883 0.449399
0.186058 -0.53182 0.895594
0.463254 0.503717 0.576565
-0.44439 0.394606 0.62539
0.0368120689292 0.403531344757 0.200502277438
-0.964256 -0.128138 -0.287599
0.168672 0.134808 0.809172
0.604005 0.320924 0.554004
0.00375559982833 0.790584912136 0.255132333346
-1.165238 0.062436 -0.654332
-1.164766 -0.034323 -0.606835
-0.024928 0.456198 0.629432
-1.139429 -0.027195 -0.680013
0.998784 0.341555 -0.29093
0.94393 0.242641 -0.235627
-0.997955 -0.128207 -0.351546
0.112517 -0.544808 0.588054
-0.772492 0.04192 -0.313502
-0.011025 -0.540249 0.659599
0.332616 -0.454986 0.892718
0.967553 -0.120659 -0.311316
-0.604681 0.125933 -0.683307
0.342749967761 -0.0803988537107 -0.222037911306
-0.247468 0.546758 0.581764
-0.176881 -0.301862 -0.593957
0.028109 0.855364 0.558589
0.049101 -0.679073 0.846564
0.291211 -0.660608 0.619836
0.204615 0.304977 0.594251
0.324079 0.617605 0.622887
-0.232274 0.508388 0.600179
-0.103655 -0.055126 0.770961
1.224848 -0.01121 -0.380363
-0.570894 0.60205 0.454134
-0.479806 0.352524 0.605624
-0.330247 0.632274 0.527045
0.104122 0.018097 0.828838
-0.664927 0.494046 0.444466
-0.610688 0.574481 0.342845
-0.812193 -0.104739 -0.19469
0.271719 -0.534824 0.859781
-0.539824 0.537921 0.554569
-1.060048 -0.005951 -0.538511
-0.719916 0.00219 0.014694
0.352297 0.428587 0.675336
0.378265350618 1.33908840414 0.32910311548
-0.263987 -0.25797 0.195824
0.507085 0.639633 0.569604
0.671421 0.597973 0.130597
-0.065268 -0.391495 0.589845
0.945762 0.182616 -0.269806
-0.9265 -0.044015 -0.408788
0.088705 -0.019903 0.814748
0.402845 -0.464505 0.843049
0.735167 0.330265 0.322049
0.784222 0.052432 -0.204953
-0.800842 -0.102837 -0.208028
-0.348462 0.839858 0.379424
0.278653 0.005623 0.509424
0.764985 0.146496 0.085873
0.850662 0.074076 -0.267715
0.218193 -0.5602 0.943686
0.638318 0.626022 0.122324
0.312093 -0.449661 0.889572
-0.56519341885 -0.026144239549 -0.663835842214
-0.136522 0.757943 -0.585787
0.468020233165 -0.188633192492 -0.0694975221527
-0.676905 0.540427 -0.26592
-0.804411 -0.054688 -0.317201
-1.07167 -0.129241 -0.35517
0.44593 -0.375208 0.725014
0.374946 -0.287569 -0.389589
-1.1955 -0.061543 -0.498484
0.167265 0.700863 0.490614
-0.337052 0.591494 0.527993
0.032744 -0.656288 0.900825
0.09704 0.171096 0.739001
-0.401491 -0.120804 -0.643603
-0.101667 -0.083212 0.786463
-0.262382 0.145102 0.64989
0.411887385449 1.22224903912 -0.455617107427
0.018608 0.940722 0.419724
1.077989 -0.12913 -0.315632
-0.632924 0.54509 -0.483777
-0.948572 0.113534 -0.588932
0.143606 0.42999 0.661702
-0.061715 0.873181 0.459199
-0.908247 -0.116701 -0.181739
0.287864 -0.016465 -0.769577
0.367935 0.603 0.597027
0.179828 0.017952 0.791791
0.019306 0.565168 0.610496
-0.053101 0.764014 0.428913
-0.410115 0.645311 0.494044
-0.677315214615 0.545843326622 0.768134912044
0.152219 -0.498119 0.901044
0.34729 0.260352 0.588448
-0.172109 -0.060205 0.591399
-0.774485 0.464906 0.02304
0.636114 0.666544 0.454034
-0.18812081582 0.182108348115 0.678229920769
-0.15664 0.671805 0.465784
-0.310879 -0.270049 -0.547906
-0.894338 0.084987 -0.509926
0.113998 0.554603 0.622159
0.366455 -0.014525 -0.726265
-0.682986 0.4735 0.442169
0.698267 0.667391 -0.094598
0.799315 -0.020971 -0.258197
-0.388088123699 0.813339418179 -0.464781308401
0.181401 0.093697 0.823997
0.186862 -0.068979 0.81225
0.307916 -0.397257 0.890066
0.322123 -0.218352 0.194485
0.050309 0.151885 0.753324
0.593143 0.554365 0.559377
-0.673426 0.430352 0.465971
0.878126 -0.093638 -0.350773
0.720678 0.513617 0.48532
0.050543 0.177306 -0.880839
1.341588 0.179218 -0.343362
0.345035 -0.633995 0.869079
-0.195074 0.020286 0.544527
0.493483 -0.04126 0.226798
0.160678841177 -0.12011367684 0.211867029025
1.064938 0.122677 -0.337312
-0.721109 -0.034692 -0.066373
-0.383972 0.671271 0.48806
-0.506282 0.592999 0.539396
0.000524160246277 -0.562098591697 -0.0178183304998
0.236731 0.385557 0.672629
-0.525958419473 0.583113434554 0.28325715233
0.237042 -0.336304 0.89624
0.814911 0.29793 -0.013907
-0.851963 0.149304 -0.448507
-0.856832 -0.005271 -0.41743
0.274649 -0.556444 0.875164
-1.111279 0.073871 -0.685509
-0.4255 0.65427 0.484137
-1.088088 0.012908 -0.592625
-0.468634 0.807231 0.215565
1.24209 0.244986 -0.341357
1.163657 -0.085255 -0.40339
-1.179625 -0.019576 -0.702974
0.618075 0.403777 0.55176
-0.829499 -0.043676 -0.373327
-0.519346 0.58205 0.539563
0.288564 0.662771 0.589051
-0.273381 -0.090295 0.391025
-0.420116 -0.218074 -0.512886
-0.566504 0.608957 0.020945
-1.174909 -0.058925 -0.57935
-0.769475 0.450386 -0.29387
0.17097 0.706629 0.578567
0.489613 -0.177641 -0.474933
0.439377 -0.629423 0.583744
0.053943 0.896545 0.380426
-0.069896 0.271282 0.7114
-0.734722 0.428479 0.427937
-0.473678 0.614885 0.494759
-0.729706 -0.041652 -0.168488
-0.377617 0.794184 -0.222836
-0.269013 -0.344423 -0.442364
-0.017971 -0.548564 0.958518
0.409912 -0.351525 0.784939
0.273945 -0.705469 0.828454
0.123769 0.478061 0.641705
0.164675 0.485341 0.661433
-0.162616 0.46031 0.616394
0.219218 0.044586 0.751102
0.357218 -0.732018 0.719814
-1.15222 0.033092 -0.760451
-0.849515 0.203838 -0.518666
-0.598507 0.404973 0.524575
0.267654 0.002972 0.59362
1.164289 0.142294 -0.364311
-0.399094 0.088369 0.497408
-0.153531 -0.331626 0.678301
1.157072 0.052937 -0.370325
0.784428 0.139605 0.000872
0.784038 -0.212063 -0.202532
-0.933222 -0.111634 -0.311434
0.446862 -0.666767 0.593858
-0.797003 0.399986 -0.221057
0.341248 -0.45582 0.889061
0.637094 0.573838 0.547919
0.09774 -0.187421 0.878714
0.320059 0.022658 0.486628
0.514999 0.349821 0.538186
1.185801 0.037044 -0.385334
0.821868 0.117278 -0.211201
0.809372 -0.034381 -0.25326
0.688589737505 -0.165333572687 0.080122795536
-0.505862 0.698023 0.426413
-0.465645 0.712609 0.437895
-0.553059 0.569808 0.487003
-0.849654 0.087091 -0.432026
0.389889 -0.734537 0.696888
0.082385 0.354374 0.670179
0.961513 -0.232108 -0.328114
0.981344 0.008278 -0.322861
0.36117 0.813597 0.500048
0.991599 0.147085 -0.315657
0.0235178491454 1.29758198777 -0.187900375302
0.861199 0.150092 -0.22918
-0.559546 0.627858 0.446876
0.168764 0.10948 0.826352
-1.25286973363 -0.172864957927 -0.425389208701
0.696248 0.256476 0.431306
-0.033018 0.378184 0.647524
0.273493 0.824327 -0.426863
-0.560671539858 0.292865285449 -0.307826335047
0.328184801985 0.115974821053 0.505954551755
-0.831314 -0.005061 -0.407169
0.15156 -0.452247 0.945879
1.09288 0.1174 -0.341855
-0.572267 0.790704 0.217388
-0.106155 -0.604872 0.794408
0.251696 0.695156 0.516778
-0.763412 0.525543 0.100826
-0.067271 0.153046 0.765385
-0.0366995371544 0.37467735134 0.540020951637
0.262847 -0.582511 0.924676
0.1783 0.116048 0.756059
0.177127 -0.517981 0.891472
0.175832 0.687674 0.54178
0.505464461753 -0.404946353541 0.676140278251
0.699657 0.52199 0.506604
0.514796 0.216749 0.574402
0.891398775667 0.374542762667 -0.491615660398
-0.08497 -0.556376 0.926475
-0.138253 0.862468 -0.31186
-0.306471 0.569337 0.550643
-0.961525 0.004145 -0.487428
0.118635 -0.515285 0.967522
-0.383862 0.191689 0.624425
-0.882149 0.078062 -0.491091
-0.226099 0.018418 0.525093
0.49025 -0.683708 0.644206
-0.872315 -0.146077 -0.112239
-0.206307 0.621767 0.577285
0.344771 0.580773 0.657157
0.509101 0.36116 0.59823
0.218049 0.84833 0.056948
0.159549 0.515606 0.66354
0.360365 0.650209 0.5895
-0.942747849141 -1.63694659919 -0.436719423971
-0.261813 0.678658 0.332474
-0.27098 0.741936 0.376057
-0.346626 0.498505 0.649494
0.189546 -0.666906 0.667406
-0.866876 0.028114 -0.449641
0.82483 -0.004359 -0.296494
0.122166 0.036548 0.834096
0.33523749665 0.466690799436 -1.24571984817
1.082133 -0.110435 -0.378834
0.143012 0.033153 0.825908
0.130294 0.116725 0.83199
0.033154 0.137594 0.832157
0.471547 0.587906 0.576531
-0.987521 -0.132788 -0.232542
0.834698 -0.122146 -0.254844
-0.304478 0.246184 0.574166
-0.021714 0.064479 0.812168
0.302899431633 -0.307206187327 0.329277369853
-1.106007 -0.188249 -0.324463
0.823684 0.387543 -0.104633
0.212206 0.4091 0.662839
1.139421 0.140628 -0.425177
-0.625365412506 0.373548523748 0.275639868132
0.4932 0.044895 0.356056
0.314851 -0.194272 0.25901
1.260414 0.059354 -0.394805
0.180538 -0.343899 0.158914
-0.017112 -0.062151 0.826836
0.351177 -0.310822 -0.235261
0.112636 0.581544 0.613453
-1.109673 0.01035 -0.615608
0.58023 0.135108 0.413315
0.259655 0.483354 0.707038
0.249996 0.734463 0.568639
-0.392882 -0.288699 -0.182297
0.072701 0.828792 0.560272
-0.814487 -0.093529 -0.255462
0.758183 -0.057409 -0.194387
-0.343718 0.557798 0.583441
-0.903166 0.155452 -0.517994
-1.159893 -0.172754 -0.374837
0.05775 -0.570592 0.638472
0.340661 -0.474577 0.892155
0.582335 -0.14575 -0.412408
0.059045 0.140445 0.76885
0.08667 0.901733 0.384347
1.040371 0.352966 -0.30235
-0.23709 0.402468 0.644126
0.2408 -0.590414 0.929073
-0.621585 0.448971 0.445305
-0.536901 0.445364 0.565727
0.649614 0.567545 0.268759
0.325943 -0.564296 0.554611
0.845583 -0.21205 -0.296959
0.235387 0.692707 0.592131
0.534534 -0.202694 -0.2934
0.882984 0.288291 -0.236833
0.465228 0.425308 0.611227
0.110711 0.088202 0.839421
0.842764 -0.104916 -0.28197
0.582393 0.714054 0.535179
-1.155802 0.041202 -0.650457
-0.670959 0.049146 0.157907
-0.659955 0.433478 0.474841
-0.112302 -0.295108 0.348249
1.042933 -0.119228 -0.360156
0.18877 -0.194472 0.860806
0.741724 0.381608 0.285701
0.37692 0.343754 0.652642
1.219296 0.37309 -0.30936
-0.380603 0.619535 0.49061
-0.149141 -0.076189 0.713412
-0.724054 0.266685 0.426133
0.54204 0.448419 0.581554
0.151983 0.604354 0.65283
-0.51148 0.130558 0.484191
-0.101153564165 -0.224424183981 0.116662561451
-1.07987583556 -0.614915884629 0.154502584763
0.359542 0.51131 0.680149
-0.409477 0.651724 0.492137
-0.594011 0.429853 0.493441
-0.936025 0.174354 -0.572308
0.150095 0.159773 0.789227
1.097366 0.042519 -0.354586
-0.795025 -0.09257 -0.229789
0.271199138458 -0.310816281145 0.183944597444
0.195764 0.117538 0.742691
-0.286271873199 -0.487664921124 -0.429294451589
-0.188707 0.478221 0.514143
-0.857295 -0.046325 -0.377888
0.215391 -0.650718 0.902837
0.329577 -0.383463 0.872534
0.352542 0.631582 0.573291
-0.005437 0.06361 0.828732
0.528144 0.075943 -0.653509
-1.014281 -0.069123 -0.444898
-0.81268 0.154467 -0.408989
1.164495 0.177789 -0.372323
-0.171232 0.794221 -0.50912
-0.783949 0.081331 -0.325071
-0.116786698445 -0.268852550956 -0.0462025236593
-0.559657 0.851514 0.269758
0.291123 -0.531439 0.851416
-0.0790267812763 0.628255489729 0.857796300295
-0.449848297911 -0.706819862122 0.468927573108
-0.635539 0.670718 0.39598
0.487676 0.813044 -0.070797
0.798864 -0.013571 -0.278589
1.109769 0.267967 -0.312329
0.855805897687 0.0933781176507 -0.413608717968
0.294904 0.02732 0.511938
0.475543 0.567389 0.578124
-0.083363 0.713062 0.574056
-0.813585 0.571792 0.346116
0.283218 -0.180129 -0.661478
0.934656 -0.004722 -0.311543
0.962577 -0.006027 -0.317844
0.331877 0.680395 0.579875
0.999555 0.023134 -0.327597
-0.144726 -0.001392 0.673393
-0.634119 -0.166207 -0.298852
0.283693974266 -0.150538802653 -0.974745857697
0.021859 -0.339574 0.453096
0.826882 -0.118176 -0.268224
0.235143 -0.359903 -0.047948
-0.737975 0.478867 0.407295
0.786792 0.215575 -0.430664
-0.76994 0.531913 0.375458
-0.711495 -0.037814 -0.033422
0.0363045979298 0.220485610942 0.496053171833
-0.461381 0.691679 0.444478
0.608315433891 -0.559019940752 0.0233122677587
-0.61448 0.425615 0.504158
-0.681066 0.441013 -0.556016
0.918209 0.140973 -0.276923
-0.470837 0.603982 0.549351
-0.681767 0.55356 0.075201
0.409461 0.28671 0.631833
0.530316 0.353859 0.58958
0.266368431034 -0.0419595723377 -0.943339436189
0.584805 0.166526 0.498705
-0.324908 0.357062 0.650454
-0.369028 0.822322 0.459851
-0.862458 -0.18752 -0.14742
0.474964 -0.646573 0.772222
0.420264524331 -1.15809456335 0.53859009368
0.166839 0.524038 0.678308
-0.689378 0.720748 0.292928
-0.094922 -0.364366 0.89243
0.156411 0.859374 0.383232
-0.311363 0.38506 0.645332
0.141728 -0.634431 0.92631
0.381592 0.618805 0.574373
-0.759003 0.386916 0.416302
-0.477703 0.631745 0.446208
-0.520623 0.334042 0.579232
-0.872243 0.107861 -0.465823
-0.081848 0.678696 0.591908
-0.628054 0.60434 0.40734
0.236738 0.453058 0.691829
0.275436640159 0.381696688746 0.430099053849
0.282332 -0.545975 0.861707
-0.525618 0.756095 0.415099
-0.240264799067 0.448552057653 0.00149333959383
0.931876 0.32184 -0.247886
0.214518 -0.433703 0.92815
-0.425092 0.661206 0.480157
0.208285 -0.313427 0.421473
0.057732 0.377399 0.656769
-0.173965 0.356579 0.661649
-0.808321 0.281864 -0.321362
-1.136419 0.044176 -0.677618
-0.420497 0.550704 0.61175
-0.657477 0.497113 -0.526087
0.289111 0.027977 0.521005
-0.72833 0.680232 0.257215
1.002525 0.316542 -0.240458
-0.370095853083 0.0376096237258 0.220652768752
-0.809554 0.338483 0.34964
-0.865824 0.148629 -0.647928
-0.077078 0.070687 0.766377
-0.263414 0.422524 0.621817
0.331065377471 0.64299186578 -0.231207127404
0.256698 -0.226225 0.396544
0.086633 0.210285 0.72697
-0.798123 0.611482 0.218796
-0.060731 0.124955 0.772166
0.223534 0.653188 0.617296
0.750176 0.06874 0.032992
0.4107 0.476909 0.641247
-0.687473 -0.138807 -0.082637
0.907875 0.260423 -0.213882
-0.496605952541 -0.16034978062 -0.163634420732
-0.161909 0.684259 0.315669
0.44701 -0.380122 0.652859
-0.60949 -0.067081 0.075533
0.094595 0.833479 0.369591
0.050341 0.865148 0.557725
-0.289363 0.536721 0.561553
0.111382 0.736384 0.563379
0.235152 -0.558192 0.931648
0.52294 -0.209058 -0.222195
0.340518 -0.124043 0.685873
-0.038209 0.577635 0.609877
0.018375 -0.397976 0.532058
0.124229 0.827615 0.562913
-0.329671 0.364418 0.650725
-0.39238 0.372502 -0.80677
0.050813 -0.408646 0.522814
-0.590309 0.575657 0.405835
0.44594 0.812835 -0.348733
-0.803881 0.028192 -0.521546
-1.106863 -0.126946 -0.423527
0.063997 0.145283 0.811284
0.072766 0.799441 -0.518448
0.442567 0.123779 0.557375
-1.109656 0.033744 -0.744717
0.168686 0.429079 0.661753
0.101024 0.4789 0.610859
-0.458426 0.667319 0.46019
-0.622932 -0.169525 -0.155731
0.062321 0.14061 0.773916
-1.229767 0.050291 -0.751782
-0.692014 -0.111546 -0.084153
0.456874 -0.61918 0.799676
-0.021335 0.258409 0.706011
0.83378 0.33012 -0.240573
0.739575 0.009838 -0.049028
0.702812 0.132533 -0.514153
-0.26573 0.838474 -0.267936
0.324196 0.575248 0.669053
-1.171256 -0.077499 -0.534308
0.292398 -0.087401 0.501834
0.764778 -0.157759 -0.138384
-0.062458 0.820599 0.44292
0.649327 -0.190466 -0.196491
0.274358 -0.302222 0.869914
-1.062272 0.187886 -0.769999
0.386010296774 -0.0612937179853 0.729680908195
-0.246268 0.409294 0.645073
-0.209304 0.329808 0.580377
-0.007955 0.176363 0.784054
-1.144668 -0.151206 -0.345816
0.848663 -0.189055 -0.18213
0.047078 0.540226 0.619648
0.284399 -0.305581 -0.509473
0.299582 0.761403 0.385995
0.115874 0.427316 0.652372
0.812208 -0.021785 -0.287051
-0.0208934228406 0.424452586338 -0.495763898158
-0.374815489283 -0.692539684554 0.551138651488
1.179118 0.166253 -0.374246
0.854221 0.113753 -0.242483
-0.386033 0.589546 0.56656
-0.062326 0.552159 0.613653
0.300593 -0.439534 0.899386
0.206624 0.620483 0.66544
0.778225 0.018024 -0.223294
-0.928985 0.083328 -0.557048
0.70837 0.494159 0.283116
-0.514845 0.724942 0.420863
-0.135691 -0.241614 0.446758
0.046861 0.721892 0.570788
0.185904 0.055289 0.808811
0.567895503907 -0.265354559224 -0.479635644953
0.230213 0.789262 0.573124
-1.010929 0.030713 -0.549384
-0.071589 -0.642915 0.83233
0.263895 -0.71558 0.808206
0.300132 -0.557407 0.900115
0.384953 0.695022 0.321725
0.299854 0.632591 0.620046
0.169753 -0.010774 0.797131
0.513648 0.394167 0.59724
0.135284 0.168645 0.777375
-0.470094 0.844217 0.419244
-0.723927 -0.147414 -0.314559
-0.10895 0.02646 0.731916
0.107006 0.105198 0.837262
0.180801 0.106231 0.821303
0.267554 0.621641 -0.693191
1.334541 0.115921 -0.352337
-0.12386 -0.584179 0.838099
-1.015174 0.057961 -0.606388
-0.208316 0.662764 0.361121
-0.030544 -0.658663 0.857592
0.092263 0.072364 0.842364
-1.132413 -0.116465 -0.478106
-0.143156 -0.215987 0.793779
0.913724 0.150814 -0.265201
0.527618 0.452181 0.587728
-1.15934 0.051962 -0.650845
0.426866 -0.462909 0.819356
-0.836914 0.603739 0.271084
-0.149977 -0.13336 0.748358
0.807148 0.484986 -0.275448
0.105917 0.8642 0.561413
-0.596018 0.507938 -0.601223
0.464221 -0.467771 0.764327
-0.258296 0.727029 0.530454
0.177384 0.838757 0.569682
-0.128275 -0.065806 0.744405
0.347491 0.43828 0.682678
-0.325617 0.505428 0.633756
-0.150141 -0.102159 0.729584
-0.028036 -0.358733 -0.560393
-0.881464 -0.067359 -0.361931
0.299446 -0.536333 0.854901
-0.820069 -0.060071 -0.346305
0.191629 -0.427108 0.934378
-0.0110674922382 0.290565948908 -0.126218598111
0.243393 -0.253415 0.338479
-0.628546 0.488591 0.446332
0.82809 0.375423 -0.147004
0.198081 -0.537766 0.892245
0.089109 0.169234 0.772807
0.923707 -0.124287 -0.254155
-0.305043 0.514298 0.600709
-0.754616 0.651628 0.342421
0.280972 -0.233953 0.452667
-0.671932 0.68498 0.209858
-0.835038 -0.096869 -0.288854
-0.363278 0.663502 0.499864
-0.395024198163 -0.331968134334 0.899479740788
0.677504 0.358707 -0.542011
-0.718045 -0.056309 -0.100382
0.158425 -0.429073 0.938859
0.889081 -0.067286 -0.300416
-0.0589993871385 -1.18939109269 0.258011501203
0.08155 0.155324 0.802253
-0.400175 0.104367 0.544472
-0.463702 0.718567 -0.450657
-0.015339 -0.333039 0.336516
0.156398 0.902482 0.414744
-0.573931 0.402472 0.517914
-0.364742 0.301086 0.614548
0.594088682604 0.550820605475 0.268193797352
0.914529 0.10339 -0.295995
-0.02229 0.176553 0.784529
-0.078168 -0.632055 0.805341
0.181532580524 0.0181826558324 -0.190277524241
1.146871 0.266647 -0.324713
0.151684853113 -0.574036356525 -0.392811654778
-0.469103 -0.227066 -0.283759
-0.641256 -0.091501 0.002191
0.102254 0.414797 0.651339
0.281482 0.039371 0.557281
0.376216 -0.375098 0.834979
-0.251652 0.338083 -0.841625
-0.0583922541802 0.900429269674 0.562857108712
0.999594 0.333483 -0.237273
-0.026221 0.025107 0.797745
0.677104 0.545007 -0.46517
0.117693 0.794726 0.560057
-0.983097 0.210173 -0.68917
-0.296964495115 0.42277720941 0.239556693094
1.179441 0.088325 -0.37071
-0.481768 0.33329 0.602393
-1.209951 -0.012593 -0.717661
-0.340156500042 0.118964997785 0.685903721005
-0.290636 -0.282519 0.104456
0.332835 -0.302864 -0.44992
-0.472727 0.608461 0.533035
0.733823 -0.077559 -0.160978
0.504773722418 -1.00577683943 -0.381429397581
0.315764 -0.444565 0.894426
-0.328089 0.40685 -0.815873
0.200143525768 -0.169002266005 0.38373045112
0.012479 0.05156 0.829199
-0.082628 0.159928 0.76204
0.0204528423657 -0.0991492392427 -0.275749301586
0.097989 0.938735 0.429478
0.073882 -0.314324 -0.616587
0.404439 -0.487649 0.561394
0.971913 0.113662 -0.380014
0.455317 0.311495 0.58155
0.008069 0.158908 0.817519
0.118411 0.193824 0.737354
0.30984 -0.519354 0.855522
-0.814676 -0.074874 -0.277468
0.13265 0.087722 0.836728
-0.031229 0.172055 0.796303
-0.827422 -0.075715 -0.30905
0.502581 -0.583382 0.700934
-0.608347 0.325417 0.530317
-0.857662 -0.026937 -0.397664
-0.127667 0.549251 0.606693
0.332993 -0.528929 0.896538
-0.643932 0.580324 0.091051
-0.376815 0.574822 0.597846
-0.799643 0.627177 0.307904
-0.544471 -0.065898 -0.590345
0.780868 -0.002003 -0.240901
0.735318 -0.203671 -0.193051
0.258907 -0.445339 0.907736
-0.532272 -0.120136 -0.52989
0.453259 0.089449 0.50876
1.14604 -0.008656 -0.384035
0.7067 -0.068069 -0.089516
-0.88601 -0.029739 -0.405323
0.786684 0.287787 0.105034
-0.19371 0.1735 0.697934
-0.123218 0.767745 0.164046
-1.230737 0.047692 -0.658235
-0.429756 0.7661 -0.343276
0.859154 -0.013666 -0.301482
0.218421 -0.287883 0.310012
0.341617 -0.371972 0.521142
0.22787472353 1.03511749389 0.356811270448
-0.522076 0.288947 0.579826
-0.923785 -0.201461 -0.220477
-0.817455 -0.016665 -0.393897
0.257822 -0.561967 0.894048
-0.676403529982 -0.0239635961783 0.474172502607
-0.377739 0.264408 0.640795
-0.828782 0.453467 0.347814
-0.293763 0.631671 0.53645
0.32956 0.674284 0.587158
0.478274 0.468314 0.591138
-1.060765 0.189943 -0.747815
1.004039 -0.103918 -0.338013
-0.830126 -0.112255 -0.272637
-0.143959 -0.478176 0.789062
-1.05503611259 0.552052122072 -0.117066718533
-0.816871 0.186854 -0.468747
-0.186278 0.296321 0.694852
-0.736359776008 0.506780075684 -0.149490020218
0.7688 0.018653 -0.203374
0.051349 0.582757 0.610235
0.641595484461 0.686355642252 0.545820689979
-0.544088 0.36705 0.567082
0.318307 -0.632536 0.881599
0.620355 -0.14086 -0.38623
-0.348099 -0.05208 -0.727336
-0.314514 0.761187 0.322864
0.054527 -0.530261 0.968012
0.530831 0.555161 0.567734
-0.650702 0.69004 0.388931
0.081614 -0.38379 0.949226
-0.706305 0.308558 0.460839
-0.53756 0.395812 0.557869
0.089416 0.483525 0.640736
-0.239822 0.7343 0.456905
0.190027 0.806081 0.569494
-0.864847 0.489335 0.306444
0.273646 -0.56311 0.899685
-0.349961 0.604549 0.508575
-0.460835 0.45266 0.638487
0.081522 0.165252 0.745999
-0.364287 0.618585 0.515889
0.316242 -0.551999 0.902196
0.082755 0.397974 0.653069
0.076027 -0.384282 0.491988
0.710851 0.487347 0.239551
-0.223871 0.346576 0.596391
0.322732 0.66014 0.593202
0.372545 0.539949 0.661259
-0.670024 0.260166 0.48139
0.288109 0.849736 0.51974
1.036106 -0.130609 -0.311491
0.316972 0.617423 0.639283
-0.743348 0.511535 0.062718
1.265495 0.160898 -0.363903
-0.404096 0.676445 0.47711
-1.265255 -0.08973 -0.581483
0.232845 -0.073513 0.795458
0.300945 -0.720543 0.787813
0.798949 0.124703 -0.159973
0.630640662684 -0.0429357394632 0.326808430479
0.310043 0.170723 0.653406
-0.657052 -0.106834 -0.436997
0.892806 0.097061 -0.286957
0.133489 -0.682514 0.72743
-0.288223 0.297611 0.664284
0.778967 -0.022482 -0.229766
-1.022501 -0.11586 -0.398314
1.058717 0.01226 -0.34877
0.490277 0.418606 0.57269
1.330386 -0.002614 -0.439475
-0.269933 0.757177 0.405318
-0.322657 0.639896 0.524647
0.067899 0.49876 -0.818167
-0.051919 0.132932 0.794392
0.882831 -0.093998 -0.292867
-0.015494 0.155078 0.82137
-0.325178189963 -0.891363250373 -0.0236061353497
0.105615 0.776608 0.189973
0.762498 -0.010777 -0.20584
-0.338523 0.479425 0.657114
0.0108134788664 -0.398348625805 0.293459674458
-0.258547 0.591703 0.560481
0.442028869608 -0.267320340213 -1.00882098198
-0.08476 0.325319 0.675851
0.992534 -0.132637 -0.281587
0.660343 -0.027976 -0.47027
0.311311 -0.422358 0.897002
-0.30731 0.800836 -0.093193
-0.35656 0.375703 0.643497
0.25458 -0.391111 0.910518
0.818996 0.389056 -0.064745
0.272014 0.364361 0.667928
0.177803 0.405913 0.669224
-0.078666 0.060749 -0.852079
0.124546 0.934658 0.492915
0.802117 0.14634 -0.397021
0.627834 0.605222 0.173524
0.550817 0.027386 0.268537
0.207135 -0.630535 0.623027
0.804116 -0.004995 -0.286571
-1.154176 -0.100912 -0.512093
0.143283 -0.693065 0.853596
-0.519655 0.59955 0.484214
-0.615442 0.791029 0.329965
-0.789375 0.507222 0.100313
-0.601655 0.69642 0.401761
0.225162 -0.709407 0.82631
-0.610398 0.587082 -0.424736
-0.452059 0.755607 -0.261371
0.502282 -0.626675 0.667917
-0.095707 0.453886 0.623898
0.586157090092 0.677980697542 0.27799615203
0.462627 0.280979 0.612977
0.286949 -0.149207 0.46174
0.083789 -0.064906 0.830929
-0.146014 -0.42117 0.720545
-0.186444 0.693305 0.513988
0.24792 0.113117 0.658678
0.103123 0.164851 0.745276
0.159511 0.546481 0.676897
0.336643 -0.273566 0.821528
0.149548 0.603233 0.645407
-0.673731901434 -0.21542732075 -0.118598589795
-0.631015 -0.061076 -0.524593
-0.958815 -0.100399 -0.355657
0.154565 0.604628 0.658831
0.032522 0.631319 0.594199
-0.159106 0.436288 0.623355
0.667772 0.04801 -0.514205
-0.627838 0.482003 0.421851
-0.334608 0.525849 0.627504
-0.403833 0.279733 0.589477
-0.778921 -0.050632 -0.275434
0.140171 -0.343599 -0.543005
-0.200208227636 0.110441913025 0.746495694669
0.07345 -0.487157 0.96729
-0.788945 0.623267 0.335886
1.221021 0.290412 -0.322968
0.06019 -0.447582 0.546705
0.332053717789 0.0592339081203 0.0909901131746
0.170463 -0.69028 0.714537
-0.614178 0.623937 0.143446
0.741929 -0.044711 -0.173882
0.613914 0.674698 0.055526
0.327311 -0.151348 0.543422
-1.037108 -0.136501 -0.373775
1.14031536055 0.39050154432 -0.269767239891
0.628819 0.484021 0.547505
-0.504583 0.455667 0.609581
0.200395 0.040952 0.77322
0.621329 0.597176 0.310409
0.677599 0.686861 -0.169673
-0.103000189018 0.238176603227 0.822617928696
-0.769709 0.299511 0.386311
0.068938 0.154808 0.762605
-0.031636 -0.603798 0.730722
-0.879768 0.541928 0.211389
1.368811 0.17188 -0.365205
-0.619527 0.792137 0.297562
0.821729 0.137619 -0.373565
0.236634 -0.444534 0.915127
-0.130413 0.723779 0.263061
1.057028 0.096443 -0.336774
0.318885 -0.570049 0.905817
0.798119 -0.106879 -0.217705
0.194332 -0.691568 0.861732
-0.651933 0.086961 0.226828
0.155663 -0.402152 0.945376
1.202627 0.242542 -0.413973
0.141124 -0.572852 0.957243
-1.065345 -0.127318 -0.419252
-0.731342 -0.108598 -0.102196
-0.881726 0.166156 -0.490745
1.100528 -0.190245 -0.410633
0.036726 -0.334312 0.93262
0.005828 0.855919 0.016289
-0.438306 0.636784 0.482815
0.124317 0.697426 0.581437
0.17622 -0.328703 0.42259
0.376432976629 -0.378329308986 -0.920339293497
-0.211926 0.419216 0.63298
0.323075 -0.09328 0.678632
0.218877 0.718908 0.295888
-0.243764 0.509494 0.600808
0.023495 -0.02454 0.81857
0.894985 -0.120881 -0.249782
-0.498806 -0.208919 -0.18582
-0.068398 0.703981 0.588816
-0.224856 0.472874 0.615237
-0.039684 -0.389749 -0.491059
0.275893 -0.372584 0.496349
-0.159253 -0.200772 0.457479
0.189857 0.640025 0.651976
1.140095 0.035123 -0.369759
0.857637 -0.110429 -0.286197
-0.936021 0.007301 -0.474329
-0.089006129163 0.110471362893 0.424673774409
0.278633 0.846801 0.54374
0.144153 0.695411 0.58263
0.012832 -0.32976 0.430115
0.44893 0.673762 0.314743
-0.188502 0.672518 0.325821
-0.175004 0.657667 0.401918
0.189703 0.032412 0.786413
1.116735 0.232916 -0.339551
0.357552 0.457396 0.688252
0.319785 0.45203 0.700927
0.34139 -0.59578 0.888713
0.022627 0.074234 0.843226
0.256404186579 0.624560648673 0.283424948295
0.068152 0.56132 0.620048
-0.98903 -0.044111 -0.578447
0.186163 0.755151 0.563177
1.320648 0.321523 -0.353635
0.50087 0.485722 0.532792
0.316268 0.790268 0.413467
-0.858759 -0.088115 -0.329159
-0.61227 0.59507 0.429625
0.238472 -0.426629 0.926164
0.792634 -0.034743 -0.237397
-0.325930182998 -0.438752080048 0.192101769739
0.801745 0.215692 0.008818
0.885178 0.156164 -0.241109
-0.951761 0.103071 -0.596212
0.480981 0.590406 0.573449
-0.659204 0.540872 0.423035
0.324538 -0.667869 0.855444
0.236554 -0.417759 0.925505
0.272007 -0.548664 0.866157
0.833184 -0.122725 -0.270659
-0.43976 0.862715 0.414667
0.339306 0.368006 0.657583
0.369242 0.469384 0.682747
-0.640201 0.413313 0.494678
0.003303 -0.341018 0.929967
-0.793381 0.217508 -0.4013
-0.004353 -0.326192 0.377889
0.193886 -0.361595 0.919939
0.467797 0.290666 0.55999
-0.987155 0.183717 -0.641421
0.239891 0.014713 0.740532
0.189231 -0.442814 0.519875
-0.490204 0.577718 0.563061
-0.919705 0.030848 -0.612615
-0.812349 -0.100693 -0.246415
-0.647046 0.736809 0.237198
0.145236 0.018016 0.814611
-0.28545 0.002206 0.47216
0.174085 0.494712 0.670763
0.485045 0.676507 0.578427
-0.932143 0.189792 -0.576204
-0.142873 -0.448848 0.820832
0.19634 0.07548 0.795114
-0.350356 -0.176343 -0.625176
-0.749339 0.021927 -0.186843
0.260309 -0.215374 0.378501
0.124956 -0.589747 0.616497
-0.774288 -0.097906 -0.14881
-0.648443 0.301406 0.507276
0.38182 0.331239 0.648017
0.40643 -0.487292 0.84404
0.622543 0.692541 0.532311
-0.121918 0.646414 0.390653
-1.000749 -0.133608 -0.3372
0.619433 0.163829 0.39882
0.469523 -0.529735 0.627187
0.23939 -0.153178 0.827932
0.179393 0.067807 0.820694
0.501789 0.529488 0.582323
0.625268 0.611601 0.350198
0.056658 -0.336339 0.424776
0.307615 -0.069961 0.599026
0.199682 -0.106508 0.823807
-0.763684 -0.026885 -0.317888
-0.162064 -0.06424 0.666681
0.428512 -0.607917 0.828382
0.296712 -0.273079 -0.55516
0.203596 0.61044 0.67015
0.60402 0.054123 0.247173
-0.105134 -0.031483 0.75773
0.090758 0.897581 0.553737
-0.631742016469 -0.170358351259 -0.100902507153
-0.757964 -0.116233 -0.095803
-0.318666 0.674147 0.277945
-0.710721 -0.175941 -0.18288
-0.760967 0.638158 0.224266
-0.190202 0.51268 0.471063
0.135073 0.061738 0.835256
0.877065 0.078877 -0.287416
-0.607925 0.782877 0.359718
0.165134508087 -0.132128580335 0.437508382248
-0.510663 0.169853 0.55178
-0.237055 0.348159 0.658949
0.242610321784 -0.810237128844 0.277577103874
-0.764616 0.145576 -0.528325
-0.815662 0.599957 0.328933
-0.12293 -0.498184 0.879879
-0.511383 0.150705 0.533404
0.468752237706 -0.304627734125 -1.15933714347
-0.735042 0.605628 0.172201
-1.062462 0.038171 -0.613584
0.209911799627 0.375489474809 -0.505380916434
-0.549026 0.358498 0.563215
0.379485 -0.572222 0.872387
-0.354643 0.527719 0.632509
-0.048423 0.085706 0.787548
-0.244762594183 0.420482590962 -0.449830101603
-0.208914 0.451224 0.620711
0.829525 -0.119107 -0.242389
-1.217393 0.082417 -0.715564
-1.218631 -0.104249 -0.452623
0.563705 0.68611 -0.44946
-0.045073 0.159971 0.776284
-0.457942 0.086707 0.43761
-0.246518 0.424884 0.639662
0.0226586099443 -0.147348550713 -0.15592637802
-1.265878 -0.003563 -0.638066
-0.050882 0.10786 0.787517
-0.749729 0.623169 0.19828
0.210054 -0.359221 0.471738
-0.363322 0.359503 0.643471
0.194079 0.085369 0.811187
1.042864 0.328263 -0.331185
-0.605367 0.399648 0.522001
-0.423369 0.355317 0.623494
-0.630233 0.550994 0.429988
-0.365713 -0.276487 -0.483448
-0.695666 -0.06953 -0.048373
-0.838701 0.138369 -0.43011
-0.858495 0.172422 -0.468301
-0.55154896894 -0.447587979122 -0.612744928136
1.004398 -0.121861 -0.336352
0.298588 -0.472339 0.861824
1.133353 0.181016 -0.363727
0.929579 0.310618 -0.273486
0.214909 0.124829 0.702399
1.208946 0.363466 -0.302232
-0.30134 0.616777 0.416232
-0.038131 -0.301312 0.905149
-0.158214 -0.288714 0.657358
0.101711 0.166614 0.79711
0.349784 0.077314 0.560567
-0.560275 0.2372 0.554479
0.499 0.243216 0.59109
0.07797 0.749377 0.562615
-0.041155 0.631888 0.601517
0.173351 -0.632157 0.635791
-0.381251 0.590014 0.556835
-0.26165 0.620719 0.551441
-0.424355 0.636074 0.489032
0.380558 -0.520836 0.548215
-0.224554 0.284287 0.571639
-0.077351 -0.045225 0.791658
1.301949 0.242338 -0.418459
0.298843 -0.549844 0.877485
0.330111 -0.273727 0.03015
-1.101021 0.17217 -0.759642
-0.985692 -0.204732 -0.262576
-0.221597207848 -0.887496720152 0.00787331478612
0.276334 0.054831 0.584871
-1.068263 0.014053 -0.571244
0.584477 0.154148 0.475051
-0.134784 -0.304922 0.29052
-0.612865 0.699585 0.19637
0.397472 0.302121 0.636622
0.158851 0.69836 0.581515
-0.467771 0.633677 0.472527
0.779767 0.383358 -0.428827
0.248615 -0.469872 0.879408
0.304205 -0.058766 0.632874
-0.949683611012 -0.814821519142 0.718453800716
-0.656223 0.558972 0.415535
-0.508118566966 0.0288355658807 0.447748608919
0.156681 0.620254 0.640076
0.260726 0.691781 0.593575
0.388065 0.744302 0.584197
-0.33591 0.66351 0.510058
-0.493956 0.735388 0.426395
0.374634 -0.459792 0.864629
0.165242 -0.51678 0.901711
-0.789562 0.015783 -0.358181
1.129601 0.191085 -0.36498
0.74171 0.435254 0.447978
-0.688131 0.660314 0.383129
1.087395 0.218847 -0.338905
-0.918277 0.21568 -0.615496
0.203214 0.719918 0.572475
-0.779552 -0.042555 -0.309868
-0.178576 0.016289 0.560401
0.22277 0.152848 0.697776
0.143689 0.159798 0.746139
0.361842 0.374911 0.642906
-0.020222 0.076208 0.827726
-0.992255 -0.116007 -0.366955
-0.518275667214 -0.815056730927 0.162550565813
0.982421 0.207418 -0.281828
0.219833 0.61831 0.666981
-0.084221 -0.466739 0.654189
0.428184 -0.322827 0.645584
0.247142832216 -0.243924594107 0.438073594543
-0.930736 -0.121847 -0.274442
-0.301197 0.317946 0.654127
0.148959 0.688686 0.584265
-0.328474 0.04351 0.479959
-0.472527 0.607909 0.540502
-0.582725 0.375163 0.540268
-0.797356 0.356078 0.372989
0.903021 -0.116052 -0.273118
