0.11917 0.45633 0.652552
-0.859407 -0.106477 -0.30566
1.068589 0.331346 -0.265193
-0.880046071594 0.160957330939 -0.0582497172073
-0.190511 -0.338486 -0.530766
-0.499415859376 -0.380129610828 0.116056448729
-1.156417 0.015367 -0.662383
0.604515 0.059632 -0.582026
1.372088 0.09329 -0.405926
0.170192 -0.507396 0.95846
0.31455 0.04367 0.527476
0.173003 0.051434 0.817477
-0.856832 -0.005271 -0.41743
0.188666 0.56738 0.683667
0.313448 0.035589 0.503834
0.210926 -0.536017 0.562149
-0.816454 0.113544 -0.395795
-0.811902 -0.105991 -0.237275
0.462627 0.280979 0.612977
0.369442 0.489438 0.681087
-0.441356 -0.24173 -0.373161
0.008543 0.165496 0.808576
0.664989 0.627226 0.533834
0.267354 0.62921 0.655261
0.113434 0.168263 0.759694
0.71857575226 0.461342824114 0.280397777096
0.662342 0.230112 0.470565
-0.303972 0.623917 0.536929
-0.041012 -0.65583 0.829445
0.669866203633 0.256644317636 -0.320561641361
-0.066128463749 -0.179042095615 0.145525692411
0.618560465199 0.108694586622 0.302005535981
0.34215 -0.728934 0.69512
-0.373868 0.527551 0.632362
1.50574719093 0.0904670093433 -0.402155011609
0.061573 0.737268 0.566209
0.469433 0.349409 0.616021
0.402654511392 0.51578124723 0.023007883428
0.180525 -0.504473 0.887448
0.659882834778 0.101246810852 -0.55117702152
0.156726641227 -0.167377017416 -0.51842509042
-0.872243 0.107861 -0.465823
0.140290374676 -0.114169286639 0.128483338936
0.919004062139 -0.711914995566 -0.198039961946
-0.39545 0.35731 0.631976
1.089518 0.225288 -0.396808
-1.020272 0.189085 -0.685022
0.462016 -0.598646 0.797074
0.4945 0.571565 0.574821
0.212815 0.634082 0.657979
0.171481 0.784776 0.564108
-0.217465 0.507733 0.599441
-0.480060882899 0.709389966537 -0.110338188544
-0.438165 0.523872 0.62358
-0.056725 0.869265 0.517126
-1.109673 0.01035 -0.615608
0.264634 0.597342 0.67377
-0.334320244733 0.156010559195 0.695012099017
0.529216537572 -0.506035809218 -0.699931869974
0.741477 0.00839 -0.100844
-0.077351 -0.045225 0.791658
-0.400896 0.642979 0.42219
-1.240534 -0.121145 -0.478661
0.132272673632 -0.807312096936 0.701964800329
0.50087 0.485722 0.532792
0.107257 -0.416725 -0.14369
-0.712303 0.513067 -0.253134
0.070705 0.92613 0.400573
0.608104655333 0.244190032844 -0.580368009271
0.162538 0.880289 0.39667
-0.619299 0.598627 0.418491
0.735281890785 -0.194052210418 0.526442536943
-0.388854 0.59015 0.573992
-1.105551 -0.123684 -0.410779
0.298955 -0.327291 0.491528
0.450304 0.667088 0.272662
1.179056 0.186164 -0.378977
0.146526616747 -0.636250999566 -0.0816935850963
0.277225 0.512781 0.701063
0.383104 0.516925 0.661281
0.194464 0.086109 0.781575
0.365651 -0.337677 0.54014
0.718908 0.568695 0.479271
0.382179 0.427978 -0.745449
-0.392814 0.558982 0.611146
1.027663 -0.224447 -0.361199
0.212564 0.458423 0.682008
-0.250499 0.527305 0.591942
-0.209811 0.708619 0.473989
-0.057404 0.733213 0.584093
-0.445435 0.715076 0.446157
-0.185288 0.636125 0.583604
0.850662 0.074076 -0.267715
-0.474285897457 0.183534277871 0.865128697218
-0.403786 0.434437 0.662174
0.584176 0.627785 0.567923
-0.867783 0.099511 -0.628491
0.154477 0.440191 0.656669
-0.671645 0.171837 0.311578
-0.052841 -0.198972 -0.728282
0.137096 0.532742 0.644863
0.399207 -0.164578 -0.597011
0.095984 -0.041168 0.819897
0.6707070423 0.27183062156 0.134654490187
-0.758755 0.135493 0.079125
-0.068392 -0.108853 0.823337
0.032301 -0.623499 0.9386
0.351189 0.209803 0.647995
-0.417052 0.588889 0.583779
-0.675625 0.493235 0.438049
1.01027103998 0.402300770915 -0.101688043044
-0.279724 0.560586 0.527693
0.20323 0.071595 0.757823
-0.793381 0.217508 -0.4013
-1.095125 -0.16452 -0.293623
0.969222 0.103868 -0.314209
0.193201156757 0.046369775688 -0.208660283607
-0.803686 0.031863 -0.374198
-0.015339 -0.333039 0.336516
0.0699017072116 -0.0195751019342 1.18169882298
-0.820069 -0.060071 -0.346305
-0.128015 -0.005521 0.710645
0.207569 0.71025 0.579119
0.543287 0.128758 0.486417
-0.640556 0.473906 0.394192
1.265584 0.086542 -0.364495
-0.567313 0.343574 0.504267
0.25866 0.165556 0.678918
-0.128636 0.692452 0.315282
-0.103364 0.846039 -0.015044
-0.019209 0.882904 0.4013
-0.171397 -0.043049 0.588159
1.052769 0.228098 -0.314664
0.344598 -0.495835 0.893184
-0.468634 0.807231 0.215565
0.403263 0.075223 0.52197
-0.475266543976 -0.111038113438 -0.339571172884
1.04903684264 -0.0888137122772 0.263838526578
0.280471 0.272865 0.675208
0.458186 0.428277 0.608038
-0.456715 0.120617 0.529299
-0.523529 0.622862 0.46532
0.111016 -0.403811 -0.038873
0.45098 -0.55861 0.596501
0.168822 -0.604544 0.939586
0.251729 -0.721496 0.784938
-0.573640841882 -0.799891402352 0.00901057199067
0.166071 0.714613 0.573413
0.050309 0.151885 0.753324
0.653463 -0.147889 -0.122304
-0.355708 0.258739 0.584587
-0.253954644226 -0.155451616545 -0.544873373044
0.333548 0.703461 0.570587
-0.127041 -0.419249 -0.317381
0.465748 0.355742 0.591871
0.469523 -0.529735 0.627187
-0.500913 0.261416 0.516886
0.038037 0.403849 0.646025
0.973808 -0.041068 -0.320557
1.183769 0.240769 -0.349137
0.721606 0.315601 0.444188
-0.780078 0.148299 -0.537615
-1.57564330188 -0.970490087438 0.122411478021
1.268657 0.303749 -0.319858
-0.627388 0.570252 0.277613
-0.867029 0.192165 -0.495938
0.271719 -0.534824 0.859781
0.423312 0.716843 -0.521571
0.136297 0.683663 0.585858
0.355065746075 -0.562959199612 0.0949408501421
0.772579 -0.005466 -0.224644
0.85535 0.067297 -0.278649
0.733192 0.007257 -0.018679
-0.987248619178 0.0432149251198 0.0632618679247
-0.539004 0.300929 0.511242
-0.408645 0.797309 0.463627
0.286553 -0.210449 0.827702
0.841424 0.040532 -0.288321
0.318091448174 -0.760635851345 -0.0997490982263
-0.460359 0.578699 0.577901
-0.520954 0.669077 0.431561
0.187241 -0.414374 0.939529
0.012832 -0.32976 0.430115
0.68152347183 0.644654199814 -0.427933756891
-0.177278027895 0.00537139345779 -0.0898922215231
-0.0814900495341 1.42436531882 0.50953756524
-0.592192 0.601506 0.304929
-0.433057 0.655721 0.344776
-0.493059 0.80552 0.210599
-0.805031680078 -0.0108945192367 0.0842545159488
0.800614833118 1.15216102364 -0.255082284033
0.486891830013 0.474565739736 0.780964070435
-1.033894 -0.131583 -0.313824
0.402626 0.06798 0.501414
-0.068398 0.703981 0.588816
0.231551 -0.479673 0.535059
0.183685 0.409363 -0.836441
0.345307 -0.513905 0.539788
0.258907 -0.445339 0.907736
-0.506678 -0.000665 -0.675942
0.110322 0.432389 0.605687
-0.706492 0.214349 -0.602347
0.089136 0.667214 0.589948
0.108207538162 0.664258491333 -0.515320966575
0.582366 0.118554 0.36945
0.242623 -0.68685 0.863209
0.958208 0.209127 -0.261743
-0.736238365395 -0.353796900914 -0.571634029121
0.787213 0.138963 -0.032168
-0.417585 0.323465 0.629405
0.461053 0.560284 0.572993
-0.437826806524 0.451522275916 0.078481949335
-0.844002249277 -0.391878419579 -0.191160455334
0.916291 0.244086 -0.221599
-0.816871 0.186854 -0.468747
-0.324282 0.466785 0.646464
0.463319 -0.547472 0.794959
0.177394 -0.366214 0.059435
-1.058564 0.185956 -0.727194
-0.212558424517 -0.823382111809 0.472512162178
0.502581 -0.583382 0.700934
-0.236615 0.7238 0.428146
0.54204 0.448419 0.581554
-0.473967 0.834437 0.223242
1.12492 0.21025 -0.359424
0.864696 -0.118382 -0.231151
-0.35252 0.634858 0.417237
0.308357 0.422137 0.683242
0.467926 0.56408 0.576261
-0.10895 0.02646 0.731916
-0.181541736967 0.539012326608 -0.35657485478
0.411648 0.647796 0.57331
0.298588 -0.472339 0.861824
0.388098 -0.690693 0.804565
0.299593 -0.567484 0.911799
-0.348855 0.64454 0.515477
0.207387 -0.495298 0.87998
-0.054789 -0.311275 0.464313
-0.769322 0.494105 0.063657
0.298833 0.845122 0.493274
-0.304855 0.596202 0.550715
0.0455082004108 0.337957956564 -0.669181860504
-0.707108 -0.082661 -0.090988
-0.711495 -0.037814 -0.033422
0.32356 0.444306 0.697716
-0.179443 -0.012059 0.560169
0.267825509967 0.355279644986 0.394728532304
0.289552 -0.561754 0.903981
0.278709 -0.563784 0.908156
-0.333861 0.596353 0.532341
-0.348901 0.608163 0.523719
-0.340937 0.376312 0.636681
-0.765561 0.260687 0.315158
-0.194474 0.681432 0.558881
0.482060962273 0.131447121847 0.191758234594
-0.613787 0.393654 0.516955
-0.179528886628 -0.524502426761 0.430272771274
0.028943 0.070805 -0.862644
0.692222 0.628588 -0.352398
-0.316155 0.536712 0.586948
0.453259 0.089449 0.50876
0.35394 0.640382 0.584462
-1.26169 -0.085314 -0.53243
0.057174 -0.355096 -0.556357
1.137059 0.134384 -0.353492
0.046719 0.12365 0.838038
0.07302 0.452286 0.639514
0.369310799296 -0.0745333735574 0.0056074968241
-0.442958 0.457647 0.645496
-0.193795493486 0.658444757033 -0.177585194073
-0.0818965925592 0.846519293594 -0.267508966683
-0.650702 0.69004 0.388931
0.17561 0.814936 -0.473751
0.017728 0.786969 0.569081
-0.548138 0.377909 0.542166
-0.670221 -0.154987 -0.098914
0.130568 0.670099 0.587275
-0.162238831471 0.456317060583 -0.86269894218
0.910567 -0.106608 -0.283486
-0.984237 -0.099459 -0.382445
-0.797715 0.592725 0.351288
-0.676471 0.716963 0.353306
-1.26210585197 0.0136738896901 -0.498642010414
-0.797433 0.276893 -0.369529
0.106911 -0.008029 0.813086
0.391473 -0.436612 0.554756
0.437498 0.755059 0.449284
-0.038913 0.164955 0.801634
0.208327860589 -0.154891525428 0.846935661879
-0.142383 -0.465285 0.741695
0.78128 0.453725 0.042129
0.036393 0.466857 0.632067
0.34443 -0.516114 0.89523
-0.296206725661 0.560153057518 -0.0305134237105
0.756516 0.304548 0.215411
0.379726 -0.654134 0.839908
-0.746275 0.438209 -0.419499
0.146695 -0.42969 0.953278
0.697808805685 -0.106218922428 0.188467018788
-0.0302550335636 -0.256976382563 0.353064237221
-0.711211 0.652681 0.204191
-0.828875985437 -0.406351426259 0.383816111818
0.181643 0.579294 0.678739
-0.804961 0.182632 -0.446075
0.093798 0.626961 0.59758
-0.952144 -0.048232 -0.419587
-0.454923733163 0.356447618001 -0.952852578878
0.036881 0.517717 0.622592
0.0938353255562 -0.0297141757131 -0.314156742182
-0.818301 0.2208 -0.102126
0.719228073199 -0.142484903279 -0.381468430938
0.427518 0.35534 0.620204
0.166313 -0.49524 0.547081
-0.174471 -0.153802 0.47937
-0.612787 0.258509 0.526989
-0.15898 -0.029317 0.648634
0.245007 -0.381593 0.493873
-0.003111 0.171196 0.766616
0.691581 0.545327 0.174318
0.183623 0.061793 0.815159
-0.623049 0.528371 0.428817
0.357714 -0.654864 0.588542
-0.770094 -0.031866 -0.345931
0.726417050685 -0.467048768429 -0.696289780495
-0.337637 0.430077 0.651261
0.808399 -0.110762 -0.209108
0.25639 -0.029109 0.751378
-0.347166 0.443447 0.661569
0.101646 0.035054 0.837309
0.526729 -0.020419 -0.60633
0.438300545127 -0.154371712666 0.0499752070369
0.694648 -0.19837 -0.236576
0.19641 0.734209 0.566564
0.916397 0.193555 -0.241858
-0.164698 0.386615 0.535694
0.13923 0.449756 0.655657
0.234761 -0.200134 0.848279
0.31834 -0.35208 0.866884
-0.223000872093 0.688422734516 0.427208760811
0.202845 -0.527967 0.884193
0.041863 0.673653 0.58264
-0.879768 0.541928 0.211389
0.695764 0.664993 -0.225232
-0.733221 0.5446 0.104683
0.334381 0.806832 0.568452
-0.109451 0.073006 0.7268
0.27199 -0.458929 0.882129
-0.121705 0.681254 0.555287
0.547324 -0.108071 0.057714
-0.230363 0.414627 0.638977
0.793239 -0.203593 -0.277704
0.16505 0.123176 0.821174
0.638318 0.626022 0.122324
-0.83165 -0.069378 -0.338461
-0.808142 0.394961 0.018379
-0.780756 -0.042971 -0.323679
0.628819 0.484021 0.547505
0.201217 0.535382 0.694157
-0.825144 -0.107685 -0.133252
-0.631851 0.532075 0.42945
-1.128953 0.027087 -0.673654
-0.791441 0.124669 -0.237195
0.0899472406984 0.830866471131 -0.115965516272
-0.237703 -0.035698 0.48445
-1.17223 -0.068254 -0.516925
-0.168457559088 0.10781321511 -0.426800014725
-0.551589 0.258951 0.563833
0.246208 0.024196 0.718895
0.837551 -0.135972 -0.16081
-0.162927 0.024186 0.602145
-1.164766 -0.034323 -0.606835
-0.111573 -0.458287 0.672938
0.307929 -0.455557 0.881255
0.080259 0.162314 0.778686
-0.826533 0.182931 -0.456781
-0.40168 0.238499 0.555767
0.790797 -0.107613 -0.189598
-0.170109895245 0.199895453905 0.203226182793
0.095453 -0.671989 0.738354
1.284416 0.350439 -0.349967
-0.794447 -0.046199 -0.356592
-1.020623 0.200082 -0.745305
0.443566 0.421562 0.619515
-0.810099 -0.181972 -0.225942
-0.440458 0.228851 0.612044
0.0820471740608 -0.22072001116 0.45345400968
-0.651933 0.086961 0.226828
-0.263939 0.418853 0.637271
0.700239 0.046924 -0.479263
-0.484279 0.482945 0.618228
0.048169 0.077646 0.845101
0.389318 -0.214074 0.66645
-0.847276 -0.108867 -0.298833
0.193039 0.099388 0.807536
-0.049312 0.676588 0.394216
0.7067 0.462368 0.495568
0.653337 0.435626 0.532914
0.164254 0.634736 0.62518
0.666598 0.662906 0.504337
-0.086768 0.873404 -0.102859
0.124197 0.027603 0.830299
0.194043 -0.559198 0.951013
0.601564404226 -0.0281831473648 0.011041205511
-0.032884 -0.585215 0.947517
-0.621009 0.583914 -0.178221
-0.335854 0.456288 0.657877
0.149692 -0.410486 0.502108
0.361693 0.476061 0.686539
0.155303 -0.498664 0.896011
-0.339618 0.460512 0.661508
0.139603 -0.32956 0.404485
-0.092084 0.061282 0.751305
-0.610398 0.587082 -0.424736
-0.264708 0.048364 0.520572
-0.042248 0.154047 0.809724
-0.357568541026 0.345639043997 0.141823302035
-0.363156 0.676954 0.18962
-0.330816 0.523874 0.622727
0.790413 -0.012381 -0.256244
0.120875 0.4927 0.630991
-0.652318 0.465449 0.365909
0.003858 0.695291 0.584718
-0.836082 -0.114943 -0.282039
0.229909242201 -0.277787777186 -0.0826634816459
-0.349378362951 -0.482512360242 0.156454236583
0.133711 0.167292 0.76879
-0.012396 -0.451768 0.954857
0.562874 0.572248 0.563194
0.82495 0.295254 -0.058995
-0.572267 0.790704 0.217388
0.012479 0.05156 0.829199
-0.674263345822 0.431000231019 0.334623957476
-0.350182 0.710375 0.499331
-0.838727 0.037393 -0.429803
0.195190809807 -0.0730978453791 -0.629879506789
0.378419 -0.241971 -0.528379
-0.995112 -0.047928 -0.452073
0.505308230488 0.100051906547 0.397468646322
0.0796623260756 0.00451302863347 -0.405098749157
-0.148028 -0.234109 0.424923
-1.126274 -0.133195 -0.346898
-0.33591 0.66351 0.510058
0.324196 0.575248 0.669053
-0.351805 0.602762 0.52013
-0.264942 0.44231 0.609803
-0.378971138621 0.321169520386 -0.554068830639
0.673660529698 0.00427250204824 -0.022084700194
0.189546 -0.666906 0.667406
0.16514 0.006545 0.798281
-0.536786 0.710962 0.416314
1.24209 0.244986 -0.341357
0.13265 0.087722 0.836728
-0.0456948263826 -0.653653335751 -0.0145913464623
-0.479463 0.663233 0.199832
0.257776 -0.715303 0.71159
0.200694 0.05834 0.768846
-0.3913 -0.215269 -0.553441
0.274358 -0.302222 0.869914
-0.003802 0.069857 0.834463
-0.475947 0.276153 0.601424
-0.02622 -0.352942 0.516186
-0.183596084411 -0.530830505367 0.584629606643
0.187714862322 0.919959347463 1.02522639157
-0.862458 -0.18752 -0.14742
0.097235 0.607219 0.598578
-0.811868029228 -0.820839604793 -0.334714015942
1.234603 0.014592 -0.408675
0.554192 -0.1819 -0.358708
-0.834885 0.045169 -0.422178
0.072766 0.799441 -0.518448
-0.785733 -0.039864 -0.359755
-1.176803 -0.047499 -0.561954
-0.799271 0.341387 -0.331005
-0.616333 0.161831 0.394037
-0.315806 -0.303042 0.009672
-0.004388 -0.295417 0.913442
0.930262 -0.062004 -0.305248
0.386837 -0.070074 0.313004
0.822613 -0.148963 -0.152303
-0.330247 0.632274 0.527045
-0.620797 0.651298 0.400459
-0.150141 -0.102159 0.729584
-0.396051 0.628472 0.501238
-0.500069 0.679168 0.434797
-0.484071 0.630522 0.469406
0.162471 0.432965 0.646814
0.807148 0.484986 -0.275448
-0.926744 -0.023364 -0.43337
0.181401 0.093697 0.823997
0.407631 -0.617259 0.568526
1.237971 0.331424 -0.311561
0.409661 -0.305813 0.750252
-0.670024 0.260166 0.48139
1.156495 0.354735 -0.288456
0.474263 -0.720747 0.665036
-0.20383436461 -0.425115591935 -0.437693201705
-0.624495 0.446773 -0.631479
0.995517 -0.029536 -0.329341
-0.206777 0.698596 0.445282
0.264499 -0.482548 0.865244
0.273965 0.015117 0.524414
0.889661 0.242629 -0.211389
0.938994 0.146502 -0.289735
1.15094 0.334689 -0.292027
-0.811101 0.018462 -0.39556
0.381272 0.47981 0.672428
-0.076837 0.385243 0.642903
-0.859932 0.13498 -0.452223
-0.506339 0.300098 0.586607
0.269114899433 0.0987850914321 -0.229801151023
0.85578 -0.064292 -0.292267
0.255795 0.716854 0.572602
-0.668144 0.19787 0.394881
0.125427 0.162286 0.802215
1.242786 -0.018129 -0.451241
0.197866 -0.612359 0.929904
1.159728 0.091216 -0.362494
0.302602 -0.491181 0.851236
0.332256 -0.1053 0.643719
0.821585 -0.0406 -0.260117
1.300778 0.110774 -0.347319
-0.532341 0.504583 0.576792
-0.639644 0.44043 0.485468
0.069323 -0.329228 0.931905
-0.670133 -0.05725 -0.495614
0.470372 0.470082 0.587612
-0.504298 0.432626 -0.746721
-0.542618 -0.002606 0.232762
0.169283 0.146412 0.749503
-0.639771 0.382143 0.500323
-1.153146 -0.161808 -0.355888
0.101065 0.588102 0.598415
-0.939012 -0.014093 -0.451596
-0.096918 0.688931 0.576834
0.135972 0.683805 0.519928
-0.821277 0.191402 -0.510591
1.300206 0.052636 -0.355692
-0.188225 0.068351 0.617237
0.12208 0.171943 0.785025
-0.343108 0.828943 0.350918
0.371926 0.557141 0.644408
-0.744972 0.522507 0.38667
0.09704 0.171096 0.739001
0.051401 0.144074 0.782289
-0.193805523169 -0.811670785949 -0.0671962262085
-0.771066 0.056395 -0.296464
0.087997 0.405055 0.567486
-0.187918 0.444488 0.620845
0.456874 -0.61918 0.799676
0.367264262697 -0.0904964538348 -0.306458341449
-0.504717806898 -0.174507069415 0.81656771067
-0.606332 0.564282 0.435611
0.810961 0.007144 -0.287323
0.127884 -0.006829 0.809626
-0.944413 0.211816 -0.673815
0.373407 0.390135 0.65619
-0.772979 0.317897 -0.431316
0.092002 -0.332858 0.36193
0.68115 -0.107171 -0.099889
0.01915 0.149256 0.825064
-0.760622 0.251172 0.281274
0.155821 -0.469948 0.947477
0.094393 0.729644 0.565533
-0.787416 0.102787 -0.311293
-0.815662 0.599957 0.328933
0.640412 0.662357 0.544018
0.150552137835 0.227372771052 1.48795605649
0.199682 -0.106508 0.823807
-0.984847 0.066096 -0.593744
-0.126589 -0.125344 0.779028
0.043391 -0.414578 -0.033354
1.03661 0.216866 -0.383044
0.29008 -0.171026 0.470182
-0.843939 0.006364 -0.420793
0.172187 -0.428512 0.933967
0.056483 0.107154 0.841946
-0.0954975583138 -0.168862543799 0.786213222617
0.028021 0.15977 0.772833
0.831056 0.320289 -0.092843
0.123761 0.692251 0.466751
0.044171 0.294586 0.689908
1.126033 -0.10632 -0.392696
0.288109 0.849736 0.51974
0.855175 0.227023 -0.193167
-0.771058 -0.036968 -0.327299
-0.760292 0.319198 0.407215
0.61518 -0.189328 -0.262399
-0.85122 0.581945 0.296097
0.25898 -0.254609 0.426514
0.761169 0.058933 -0.096233
-0.514845 0.724942 0.420863
0.332665 -0.546018 0.900628
0.089416 0.483525 0.640736
-0.321115537646 0.157494527337 0.168412921156
0.658004046822 -0.253032045596 -0.196094535201
-0.126958 0.351277 0.662763
-0.134784 -0.304922 0.29052
-0.293162 -0.182011 -0.652048
0.379549 -0.262272 -0.065249
-0.607263 0.417082 0.471021
0.379919 -0.718554 0.765654
0.167208808597 -0.586194303059 -0.211270334799
-0.078666 0.060749 -0.852079
1.063377 0.20468 -0.336233
1.078239 0.246528 -0.313833
-0.126538245207 -0.437245847026 0.426119803144
-0.578169 0.600929 0.370057
0.208388 -0.33303 0.446821
0.982421 0.207418 -0.281828
0.806655319269 -0.398331238116 -0.544918730579
0.797351 -0.003791 -0.27872
-0.91516 0.042677 -0.498453
0.799971 0.462668 -0.040659
0.325898 0.134258 0.62393
0.060486 -0.060886 0.831624
-0.121918 0.646414 0.390653
0.978476 0.054872 -0.320401
0.38784 -0.535627 0.86625
-0.325673 0.266642 0.659563
0.046576 -0.645164 0.918668
0.129166 0.765577 0.374722
0.807063 -0.056213 -0.240119
-1.0662149158 -0.489346001198 0.0730444314894
-0.999885 -0.132326 -0.308081
0.069702 0.15059 0.77647
0.489619 0.487303 0.588162
0.679309 0.535256 0.261054
-0.154875 0.260024 0.718965
-0.27834026212 -0.342523241993 1.40430030362
0.044489 0.147109 0.769956
-0.136215 0.661045 0.576156
0.046963 0.575359 0.53037
0.079307 0.038479 0.838718
0.151704 -0.493587 0.963412
0.324042 -0.320928 -0.387779
-0.346381882671 -0.825529684268 -0.0652258872613
0.433013 -0.014439 -0.68174
-0.88601 -0.029739 -0.405323
1.250957 0.038665 -0.369355
0.217861779037 0.19551858054 -0.791968508136
0.635168 0.122056 0.296757
0.537888939741 -0.0313943418937 0.23639113661
1.213054 -0.050409 -0.357222
1.204937 -0.048315 -0.361669
-0.183408 0.690811 0.486136
0.15772 -0.506213 0.905551
0.316972 0.617423 0.639283
0.147042 -0.286185 0.905476
-0.285057231785 0.814157580974 0.0456983073044
-0.838631 0.031324 -0.544728
0.956496 -0.128545 -0.265912
-0.012233 0.866624 0.553004
0.334994721462 -0.0030328838175 0.336878473156
-0.614178 0.623937 0.143446
0.936209682582 -0.591473282674 0.713159475358
-1.038522 0.094019 -0.769539
0.107006 0.105198 0.837262
-0.499336 -0.065647 -0.625095
-0.149141 -0.076189 0.713412
-0.843117 -0.053014 -0.366564
0.804825 0.010217 -0.279042
-0.991267 0.075457 -0.622659
-0.239113823154 1.11794144392 0.177060691142
0.253085 -0.657728 0.888509
1.196927 -0.058086 -0.409567
-0.171701 -0.152319 0.588163
-0.36121 0.57535 0.570104
-0.344188 0.378581 0.629524
-0.888162828894 0.217083459679 0.259449815229
-0.75652 -0.161509 -0.092275
-0.819871685887 1.39674130583 0.775970824398
-0.479367 -0.112191 0.131417
0.572471 0.710026 0.555523
0.118465 -0.397141 -0.408002
-0.86236 0.402591 0.222611
0.439532338982 -0.897916503057 0.218855916931
-0.57627 0.326874 0.483251
-1.064551 0.160278 -0.808818
0.141364 0.623669 0.615948
0.317606480298 -0.365027593397 0.725192129852
0.150373 -0.443237 0.933591
-0.128275 -0.065806 0.744405
0.399932 0.643032 0.479088
-0.733478 0.592912 0.378299
-0.456786 0.103078 0.475078
-0.738903 0.488631 -0.310901
1.191502 0.150135 -0.376163
0.591097 0.515357 -0.556104
0.363271 0.560795 0.656296
0.130752 0.690277 0.584432
0.964124 -0.197047 -0.254946
0.89835 -0.120234 -0.26195
0.055888 0.561399 0.616814
0.18835749912 -1.26406421675 0.0850052333194
0.386141 -0.511146 0.864824
0.502779 -0.672423 0.707487
-0.248141 -0.153437 0.359253
0.0492256167203 -0.0796132064076 0.298220884122
-0.753169 0.571586 0.374633
-0.224106334872 -0.616567428529 -0.241903540148
0.808176 0.036343 -0.255256
0.444979 0.333309 0.62526
-0.582725 0.375163 0.540268
0.86237 0.205659 -0.333793
-0.539083 0.501905 0.570181
-0.472711696083 -0.607118236317 -0.560493853117
-0.289598 0.397058 0.645086
-0.647046 0.736809 0.237198
-0.241829 0.049465 0.537056
0.239324 0.469979 0.705548
-0.75331 -0.074007 -0.192371
0.228341 0.409915 0.668612
-0.647684 0.506946 0.43948
-0.63944 0.613533 0.398323
1.027253 0.019848 -0.336731
-1.165238 0.062436 -0.654332
0.533325960597 -0.185244179228 0.260675691825
0.461266 -0.720948 0.639759
-1.223794 -0.065744 -0.500446
0.823486 -0.106926 -0.259644
-0.127318 0.031988 0.699573
-0.029831 0.12774 0.833289
-0.167956 0.664694 0.342207
0.887883 0.224258 -0.32924
0.244599738863 -0.642027293157 0.222698054979
0.03562 0.653314 0.588262
-0.527275 0.412964 0.571317
0.37822376936 0.519688826781 -0.196543409606
0.298843 -0.549844 0.877485
-1.144439 -0.108652 -0.412609
-1.08407335356 0.415309970434 -0.230442668729
0.356894 -0.671119 0.838479
-0.804351 -0.027122 -0.381399
-0.48299739413 0.658367714655 -0.370117227506
0.169032 0.526824 0.683495
0.873689937135 0.827852107459 0.225848968135
-0.0840636744907 0.773735344207 -0.101086259271
-0.073482 -0.579405 0.930171
-0.548153 0.73966 0.410482
-0.765752 0.060001 -0.220925
0.215587 -0.149943 0.836173
-0.737398 -0.004935 -0.132743
-0.809486 0.179853 -0.53444
-0.718119 0.161527 -0.578743
-0.503259102713 -0.0538790222118 -0.321814867292
-0.27154 0.586504 0.560445
-0.52424 0.550535 0.559523
-0.965885 -0.039905 -0.43936
-0.351165424615 -0.296632744692 -0.844811117731
-0.828782 0.453467 0.347814
0.0907792896969 -0.00156061794037 -0.324161792641
-0.756152 -0.009631 -0.289499
0.787438 -0.000688 -0.255172
0.541542308114 -0.503422820515 0.120183216362
-0.65957 0.377867 0.489177
0.738375 0.507567 0.110364
0.495711 0.316631 0.548833
-0.454279 0.64149 0.476028
0.282205 0.308278 -0.827468
0.14785 -0.700318 0.760182
0.371496255272 -0.228789222891 0.0194609310288
0.006952 -0.617582 0.722842
-0.850077 0.515046 0.160572
0.838215 0.144061 -0.213711
-0.10607 0.696572 0.555073
0.549007 0.62229 0.260546
-0.821812 -0.112189 -0.252429
-0.124634417403 -0.161204813688 -0.107325312424
1.08603382692 -0.933457892085 0.768848262946
0.177669099549 -0.367445813347 0.874024470868
-0.494505 0.658006 0.454047
-0.260194377893 0.398858495551 -0.24351163341
-0.452047 -0.224416 -0.096831
0.110686 -0.02304 0.812781
-0.401389463561 0.647893187086 1.15166409628
0.388928 0.493335 0.660617
0.839393 -0.225764 -0.261362
0.105923 0.873904 0.375183
-0.441256 0.679323 0.459024
-0.203548066782 0.41679151836 -0.650464219218
0.407678 0.383001 0.634721
0.25913 0.416798 0.678517
0.492801 0.370057 0.606506
1.244876 0.024917 -0.388589
-0.038325 0.125824 0.827871
-0.597253 0.608008 0.113413
-0.468264 0.476382 0.62878
-1.191294 -0.092701 -0.447344
0.331403 -0.463453 0.528264
0.131427 0.102207 0.835341
-0.038209 0.577635 0.609877
0.223521 -0.546616 0.884519
0.869667 -0.025899 -0.301652
0.706423 -0.184804 -0.281318
0.454422417365 1.6271086349 0.672664833487
-0.580638 0.577715 0.442117
-0.849437 0.39182 0.19457
-0.754619 0.069737 -0.545259
-0.265019575509 0.383461949347 -0.512547078532
-0.264554142666 0.041913408364 0.746236131517
0.010933 0.744257 0.388494
-0.813618504832 -0.0577100838506 -0.714054559288
1.260782 -0.077425 -0.379598
-1.135187 -0.109098 -0.437033
0.792634 -0.034743 -0.237397
0.136899130721 -0.808939878042 -0.179262329836
0.152048 -0.483805 0.89633
0.367318 -0.536655 0.882872
0.054017 -0.416782 0.957299
-0.998635 0.007941 -0.514435
0.229251 -0.556244 0.916123
1.045424 0.034888 -0.340569
-0.491822289306 0.25963788405 -0.703514791428
-0.807761 0.02486 -0.385539
-0.183861462291 -0.408619096058 0.243931579906
0.189703 0.032412 0.786413
0.209608 0.710081 0.46288
-0.236612 0.302475 0.588261
-0.047086 -0.566029 0.9473
0.813867 -0.011851 -0.292691
1.03579 0.304538 -0.260645
0.784222 0.052432 -0.204953
-1.135397 -0.141488 -0.343271
0.395177399545 -0.0715545509934 0.138235949875
0.491355865076 0.851852457639 0.702036656618
0.785379 0.549973 -0.1724
1.083231 -0.161847 -0.311929
1.236494 -0.087803 -0.446583
-0.253605 0.364918 0.652159
0.095065 0.793206 0.559704
1.248259 0.049539 -0.40607
0.283042 -0.565679 0.913724
0.236768763114 -0.3684968273 -0.573059373916
0.276898 0.649599 0.604032
0.210018 0.406711 0.668195
-0.0526269226041 0.0981423504157 -0.0421898779548
0.137497 -0.04355 0.814195
-1.04119 -0.040438 -0.616052
0.991859900172 -0.56105141316 -0.0942240288752
-1.129848 0.081915 -0.802515
-0.527107 0.605448 0.46026
-0.884224 -0.007893 -0.427351
-0.397105 0.360783 0.62587
-0.821565 0.281538 -0.163872
0.087256 -0.402356 0.95403
0.277286539223 0.0400540427289 0.717343996778
-0.768361 0.654866 0.282951
-0.821727 0.550147 0.34409
-0.226099 0.018418 0.525093
0.176837 -0.521783 0.920654
-0.448317 0.616081 0.504354
-0.423898 0.433257 0.655985
0.226119618896 -0.137568225312 0.539657870553
1.156293 -0.075475 -0.402266
0.0645071945673 0.0160691660974 0.640005417279
0.063421 0.788221 0.374835
0.90422 -0.043587 -0.305022
0.504093 0.643695 0.264521
0.468188014666 0.770002661193 -0.276869463738
0.106429 0.636584 0.59176
1.253621 0.162754 -0.435864
0.294459 -0.563622 0.909523
-0.743659 0.501973 0.394956
0.730411 0.595442 -0.332533
-0.629845 0.501568 0.438125
-0.331896 0.385372 0.644787
-0.138823 -0.518112 0.806796
0.726273 -0.150067 -0.32091
-0.472585873009 0.181531385644 0.302955654026
-1.238507 -0.070576 -0.506966
-0.377523 -0.284289 -0.088199
0.799789 0.013433 -0.268081
0.0956432306388 0.225101305235 0.121197778978
-0.205814 0.485655 0.532632
0.862907 -0.046404 -0.298108
-0.566723 0.190657 0.529198
0.402895 -0.258161 0.710313
0.323403 -0.729276 0.74266
0.324168 -0.480955 0.877994
-0.442533 -0.205601 -0.011052
0.082576 0.542585 0.62775
0.269102 -0.008302 0.56564
0.272007 -0.548664 0.866157
-0.350502294518 0.236027579589 0.574817895874
0.506998615476 -0.289738651441 -0.309201961852
-0.802286 0.159137 -0.360519
0.702143 -0.091941 -0.113204
-0.337195 0.609815 0.487611
0.325814 0.563287 0.673869
0.156411 0.859374 0.383232
0.423821821724 0.117871615373 -0.232221422196
1.00395 0.131362 -0.321961
0.260367 0.009863 0.692182
-0.72278 -0.143501 -0.08065
0.653349 -0.12505 -0.092458
0.055227 0.611401 0.517853
-0.665504 0.53326 -0.109998
0.110711 0.088202 0.839421
-0.419666 0.406576 0.639932
0.281127 -0.257911 0.849886
0.965327 -0.12805 -0.303088
0.076266 0.867983 0.558791
-0.483523 0.698281 -0.089867
-0.123478 -0.56058 0.863836
-0.026221 0.025107 0.797745
0.299634219105 -0.681799484464 0.522338316002
0.474332843282 0.725810868151 -0.760498996733
0.923707 -0.124287 -0.254155
1.164495 0.177789 -0.372323
0.667892 -0.092231 -0.05343
-0.079625 0.663653 0.374761
0.082755 0.397974 0.653069
0.744003272109 -0.393595585743 -0.572658855698
0.629917 0.629755 0.387345
-0.90551 -0.113669 -0.419889
-0.24914 0.320877 0.604008
0.20169 0.496796 0.698702
0.089492 0.686868 0.582171
-0.249579 -0.286705 -0.570023
0.222849 0.580524 0.683138
-0.265279 0.131312 -0.83319
-0.796762 -0.10329 -0.138057
-0.752473 0.562392 0.137399
-0.350672104517 -0.250520539447 0.562875195436
-1.081009 0.03928 -0.641551
-0.140765 0.674654 0.552818
0.232413 0.429145 0.677335
0.764985 0.146496 0.085873
0.352949 -0.65302 0.853699
-0.654226714416 -0.729386113593 0.225613795633
0.061779 0.146216 0.802144
0.113411 0.631503 0.588938
0.651583 0.647748 0.069294
-0.0763550384241 0.666555019111 -0.0107509590381
0.788355 0.529027 -0.289081
-1.088171 0.148556 -0.706594
-0.240446642016 0.117270442835 0.164861870052
-1.037108 -0.136501 -0.373775
0.055607 -0.582619 0.960521
-0.075985887022 0.415405045962 0.370964401787
0.030396 0.151749 0.819989
0.654416 0.698491 -0.242682
0.194679399736 0.191323783372 0.0627852459357
-0.409477 0.651724 0.492137
0.263895 -0.71558 0.808206
-0.155660722967 0.596361708774 -0.641989750976
0.07015 0.149102 0.799392
0.532083 0.478242 0.582008
0.0818134345069 0.302585355934 0.426196265603
0.374997 -0.612024 0.565223
0.384684 0.028281 0.443502
0.773572 0.359108 0.131755
0.349674 -0.135136 0.650637
-0.704966 0.617511 0.383547
0.627834 0.605222 0.173524
0.203562 0.523335 0.696996
0.324538 -0.667869 0.855444
0.0632946449932 -0.286685520469 -0.510594157126
0.037979 -0.480512 0.58234
-0.026932 0.160004 0.814102
0.1843 -0.59045 0.943062
0.05417 0.140549 0.7691
1.371362 0.099515 -0.418322
0.708522990629 -0.227348228431 -0.176114491993
-0.516297 0.478663 -0.711321
0.331565 0.0343 0.486902
0.082645 0.611376 0.56514
-0.365713 -0.276487 -0.483448
-0.818887 0.140606 -0.40979
0.430719 0.621724 0.578471
0.438279 -0.543117 0.821638
0.270996 0.485583 0.706425
-0.774376 0.447327 -0.225142
0.209069 -0.597851 0.934385
1.050573 -0.031186 -0.354075
-0.719916 0.00219 0.014694
-0.547657 0.517734 0.551604
-0.235896 0.467353 0.583216
0.259512 0.448231 0.698847
-0.973756 0.100605 -0.621979
-0.567357 0.529575 0.504403
-0.217381265958 -0.118206531446 0.0522018609627
0.359992 -0.564005 0.551915
-0.044073 0.123532 0.820838
-0.079801 -0.256023 0.869451
-0.322177 -0.347034 -0.272218
0.517089127818 -0.332809787536 0.127485466181
-0.265218 0.376847 0.650759
0.830708 -0.091753 -0.337593
-0.148083 0.650408 0.410758
-0.289763760112 0.273084971817 -0.773649333887
-0.319697 0.184294 0.648409
-0.188734 0.029421 0.558656
1.240179 0.19398 -0.376707
-0.459266 0.677227 0.452299
-1.1955 -0.061543 -0.498484
-0.201379 -0.043085 0.522188
0.963357 0.196051 -0.274758
0.150609 -0.477425 0.926039
0.201188608671 -0.633658192351 1.00832114352
-0.962921667068 -0.382234644859 0.774990785086
0.490975962693 -0.29612169005 -0.499355833992
0.331154 0.26617 0.658434
0.903486 -0.086206 -0.295214
0.224113 -0.555022 0.906007
0.70792009662 0.0265888634964 0.441721197409
-0.799643 0.627177 0.307904
1.371482 0.217997 -0.376664
-0.977778 0.19751 -0.73627
0.707373 0.206733 0.272215
-0.034576 -0.636113 0.909773
-0.622932 -0.169525 -0.155731
-0.832294 0.086074 -0.408905
0.576811 0.7494 -0.317303
0.236021 -0.294686 0.428651
0.061744 -0.632193 0.932617
0.170425 -0.506752 0.935061
-0.27098 0.741936 0.376057
0.300918 0.245976 0.573667
-0.332628 0.287721 0.652939
0.73926 0.492968 0.438501
-0.241757 0.449444 0.627514
-0.094922 -0.364366 0.89243
-0.0305919327614 0.816042473315 0.159163036463
-0.165355 -0.169422 0.494542
-0.443055890377 0.00588873045543 0.0554323094083
-0.721109 -0.034692 -0.066373
0.32044354061 -0.326766175978 -0.56747899857
-0.114896 0.808888 0.074229
1.131681 0.069806 -0.357148
-0.279753 0.484652 0.60521
-0.526129218063 -0.131019588837 -0.358815620734
-0.639917 0.343219 -0.676781
0.067323 0.140973 0.820839
-0.376433139161 -1.1550902373 0.45441805653
0.992607 0.248096 -0.263542
-0.043582 0.154308 0.762766
0.905539 0.303327 -0.242641
-0.009947 0.144417 0.829724
0.825149 -0.113257 -0.201622
-0.030544 -0.658663 0.857592
0.819664 0.393176 -0.320604
0.0190127361521 -0.769985046491 -0.53664859074
-0.716646 0.006101 -0.522012
0.929114 -0.046812 -0.307873
-0.354412 0.805233 -0.306876
0.655017 -0.089852 -0.419541
0.252123 0.042094 0.627676
-0.09804 0.721689 0.526221
0.03498 0.054627 0.838626
0.238857 0.676346 0.587979
0.750403 0.37045 0.234165
-1.085393 0.13453 -0.69615
-0.137243 -0.490779 0.837116
-0.56096 0.41788 0.536116
0.310973 -0.514469 0.53992
0.044483 -0.333085 0.372687
-0.445626 0.633273 0.458575
-0.138307 -0.507285 0.762764
-0.322657 0.639896 0.524647
-0.475361 0.54328 0.593975
-0.535851 0.640431 0.451007
0.394754 0.36581 0.648297
0.259489 0.433023 0.685957
-0.722543113814 0.267821066482 0.333701485547
0.727948 0.223238 -0.504526
0.625483076781 -0.99233059353 -0.39378025407
-1.143384 -0.094719 -0.515141
0.798949 0.124703 -0.159973
-0.759221 0.048626 -0.054777
0.096976 0.149864 0.815476
1.057791 0.215692 -0.326596
0.419424 -0.734848 0.675206
-0.140373 0.678498 0.499027
-0.523408552763 1.27465856263 0.527343910224
0.81731 -0.09015 -0.247372
0.337403 0.712588 -0.573483
0.140683 0.684265 -0.672009
0.506168 0.573629 0.570479
-0.673426 0.430352 0.465971
0.089282 0.460274 0.642378
0.331788 0.723603 0.573558
0.778924 -0.10127 -0.197556
0.580832 0.611094 -0.504978
0.316242 -0.551999 0.902196
-0.598397 0.623593 0.415526
-0.578952 0.479462 -0.652568
-0.59414 0.431833 0.496042
0.296712 -0.273079 -0.55516
-0.044233 0.856566 0.541831
1.214337 0.246929 -0.345632
-0.172105583465 -0.871213147231 -0.726577034511
0.004698 0.146852 0.828295
-0.008015 -0.098643 0.842811
0.422803870372 -0.395420091735 -0.457365248312
0.07503 -0.593724 0.956195
0.593556 -0.174929 -0.337547
-0.135024 -0.412328 0.677816
0.898318 0.226263 -0.21969
-0.444632 0.41887 0.636209
0.491706 0.593396 0.569261
0.872335 -0.120233 -0.256642
-1.224242 0.075263 -0.731542
0.168672 0.134808 0.809172
0.208026103614 0.296766756655 0.313062397822
0.226326 -0.499402 0.874035
0.794474757228 0.216355445216 -1.6298507098
0.25781 -0.080285 0.783423
0.37692 0.343754 0.652642
0.473531 -0.222305 -0.151756
-0.619527 0.792137 0.297562
1.337625 0.228938 -0.416376
0.090758 0.897581 0.553737
-0.923785 -0.201461 -0.220477
-0.410953 0.600046 0.568472
0.721131 -0.088034 -0.368317
-0.302717 0.450016 0.635139
0.42827 -0.247652 -0.152459
0.157678 -0.327432 0.917846
-0.912476 0.213215 -0.636637
0.203596 0.61044 0.67015
0.176685 0.029045 0.79814
-0.153531 -0.331626 0.678301
-0.128073 -0.043041 0.730752
0.173481276978 -0.758436641095 0.515475736634
-0.456557672114 -0.255773501406 -0.11259607997
1.042864 0.328263 -0.331185
-0.43139 0.60663 0.557499
-0.302950119359 0.479927043107 -0.119277254294
-1.022225 0.127626 -0.657531
-0.247796 0.310676 0.671712
0.477794 0.759837 0.534251
-0.727896481757 0.490597741985 -0.221558389384
0.237788 0.681662 0.590492
0.387422 0.375126 0.64176
-0.598236740612 -0.00551413792809 0.505033148973
0.543858 0.065466 0.332471
-0.266175 0.509287 0.590791
-0.213190998539 -0.454227920753 -0.0364614481569
0.73423578288 -0.072593319538 -0.298399023776
1.092383 0.20813 -0.348005
0.116822 0.058734 0.838714
-0.424001 0.358787 0.617608
0.397536 -0.440533 0.84145
0.293616611767 0.0802693135633 0.268773587358
-0.587184 0.333388 0.540573
0.113676 0.155914 0.810351
-0.270501 -0.363606 -0.36707
0.386438 0.727006 0.183523
-0.711362 -0.15796 -0.095121
-0.256568 0.381116 0.622647
-0.521906 0.465804 0.591183
0.390164 0.111767 0.573987
0.428741 -0.585522 0.575462
0.145084 0.92116 0.438116
0.305836 0.432179 0.6903
0.003648 0.951802 0.4761
1.229775 0.374625 -0.322944
0.992534 -0.132637 -0.281587
-0.007955 0.176363 0.784054
-0.362221 0.598703 0.527397
0.824053 0.392746 -0.230355
0.129383 0.688594 0.493764
0.953406 0.009311 -0.315617
0.151812 0.087197 0.833524
0.190329 -0.421146 0.937993
-0.715317 0.401198 -0.528571
-0.816026 -0.084817 -0.265463
-0.49777 0.49795 0.604546
-1.207539 0.08501 -0.699658
0.583964 0.29187 -0.632543
-0.816126 -0.035047 -0.37851
1.321482 0.28638 -0.331253
-0.012927 -0.244818 0.894296
0.889417511823 0.309015370881 0.0345485554966
-0.232053077137 -0.382206701197 0.655575154458
-0.772936 0.077163 -0.195057
0.881982 0.207469 -0.218444
-0.321320640378 0.532712723843 -0.443992521878
-0.089057 0.709082 0.470384
0.036873 -0.199829 -0.734056
-1.174819 -0.122903 -0.395242
0.271558378764 0.294635220225 0.586222863935
0.997004 0.352786 -0.249238
0.503705 0.598252 0.565688
0.062195 0.601903 0.607307
0.809538 -0.112538 -0.183164
0.888481 -0.081049 -0.297665
-1.174569 -0.035255 -0.610532
0.233324 -0.340658 0.051279
0.300945 -0.720543 0.787813
0.549904 0.686972 0.421293
0.269907461353 0.122353086857 -0.710150921541
-0.276370572183 -0.084025153832 0.0122259265743
0.165571 0.890216 0.549329
0.38505 0.723373 0.579861
0.027506 -0.667397 0.787828
-0.858759 -0.088115 -0.329159
-0.220344 -0.165339 0.385774
1.076196 0.37255 -0.273083
0.120435 0.72277 0.299302
0.253161948554 0.407106403496 0.322816408797
-0.165552 -0.228802 0.397403
-0.318666 0.674147 0.277945
-0.0590967642645 -0.738044100208 0.587251884072
1.241729 0.18312 -0.386125
-1.246656 -0.02775 -0.693251
0.211175 0.013538 0.770049
-0.697734 0.472862 0.431874
-0.050051 0.271952 -0.876784
1.190156 0.203836 -0.378898
-0.049677 0.112033 0.795308
0.149930686991 -0.291377339161 -0.0785987627479
-0.053101 0.764014 0.428913
-0.092714 0.676064 0.446221
0.21337 -0.439373 0.922018
-0.990427 0.151156 -0.631386
0.758870066069 0.243948480975 -0.760306291756
-0.688013 0.492442 0.429174
0.479775375264 -0.177100899885 -0.305479464645
1.317641 0.114865 -0.347877
-0.005827 0.057293 0.821802
-0.28703 0.070352 0.550826
-0.57926 0.442523 0.514192
0.395816544778 -0.0893568975607 0.364746371772
0.739779 0.428205 0.210831
-0.430419 0.775038 0.229682
0.28088 0.578936 0.679338
-1.39180494218 0.10082690717 0.316523659263
-0.722191 0.668463 0.229594
-0.716012 0.683406 0.348306
0.388332 0.764611 0.124558
0.162685 -0.512302 0.961996
-0.0769348204884 -0.248084611745 0.694223786186
1.092519 -0.20331 -0.360519
0.157231 0.676166 0.585014
-0.621836262571 0.385240660067 -0.0561374213919
-0.117236 -0.577382 0.773223
1.039303 -0.129944 -0.324745
-0.357209 -0.254298 -0.533613
0.353832 -0.420119 0.530265
0.221391989621 0.154207659351 -0.330475485601
-1.036615 -0.021469 -0.507774
-0.859825 0.567371 0.21088
0.327207 0.086402 -0.790664
-0.921745 0.093173 -0.553036
-0.208872 0.827235 -0.052382
-0.786254 0.597208 0.192662
0.107645 0.523746 0.621703
0.036069 -0.340151 0.330891
-0.798849 0.292193 0.246226
0.244926 -0.04694 0.774176
-0.343743 0.543983 0.616048
0.274908 -0.694726 0.663911
-0.420116 -0.218074 -0.512886
-0.123962 0.278929 0.712168
-0.399285964498 -0.624118592635 0.0888139497397
-0.806043 0.159345 -0.126077
0.11964 0.046817 0.836867
-0.713905 -0.097767 -0.103522
0.341195 0.362527 0.660489
0.33827 0.306009 0.626333
-0.000621644513791 0.631774199272 0.255723261947
0.339366655052 0.387054173795 -0.185382708166
0.449293 0.407045 0.620945
-0.407234 0.015533 -0.741758
-0.757964 -0.116233 -0.095803
-0.045369 0.240639 0.723528
0.095361 0.574509 0.607522
0.424103 0.78372 0.504967
1.20163 0.306353 -0.389318
0.355541 0.498588 0.684886
0.52294 -0.209058 -0.222195
-0.556805 0.53192 0.521489
0.21145 0.691254 0.540612
0.268521 -0.56183 0.889709
-0.234102 0.691132 0.558055
0.313854 -0.518611 0.860986
0.315759 0.039828 0.512947
0.247384 -0.562052 0.927137
-0.431071 -0.17713 0.071577
0.462819329243 0.669373871967 0.218186203001
0.12596 0.012397 0.819232
0.219833 0.61831 0.666981
1.181427 -0.095413 -0.347343
-0.221941 -0.129385 0.420643
-0.077295 0.65988 0.396324
-0.498673099532 0.057605269863 -0.440764407723
0.614751897971 -0.20733303088 0.0616758734413
0.92595 0.286428 -0.302487
0.082278 -0.644935 0.70436
0.041323 0.091407 0.84555
0.614262 0.565168 0.55515
0.173052 0.07277 0.825468
0.449062 0.376258 0.611018
0.772378176712 0.292623019748 -0.175353010279
0.322943 -0.103839 -0.697683
-0.718045 -0.056309 -0.100382
1.044044 -0.13237 -0.348537
0.411363 -0.674277 0.808116
0.138785 0.853232 -0.393156
-0.084221 -0.466739 0.654189
-0.84012 -0.106104 -0.155972
0.150393 0.075631 0.83327
-0.572901 0.677853 0.185976
-0.424852 0.886019 0.327147
0.778669 -0.07037 -0.213443
0.1459 0.671326 0.586095
0.127311 0.628495 0.598719
0.144629 -0.413154 0.950866
-1.107374 -0.129103 -0.434563
-0.811940469878 -0.352941675173 0.674987153124
0.588606554067 -0.422449072002 -0.190537750532
0.388065 0.744302 0.584197
-0.198511 0.508246 0.599919
-1.021004 0.202326 -0.722743
-0.94291 0.141116 -0.575789
-0.530925 0.484852 0.583012
-0.849346 0.049067 -0.443503
0.528240993113 -0.0507765218074 -0.589278288588
-0.128314 -0.500579 0.724898
-0.878096 -0.116031 -0.264714
-0.341459 0.527145 0.630805
-0.833127 -0.114413 -0.231151
0.828528 -0.097366 -0.261362
0.44685 0.600994 0.576866
0.128323 0.478661 0.635625
0.159329 0.725373 0.567561
-0.147843983631 0.227531030875 -0.596797050502
-0.657059 0.508922 0.438154
0.314665 -0.097966 0.570302
-0.051919 0.132932 0.794392
-0.617673 -0.023257 0.131366
0.456283 0.580478 0.574919
-0.219519552583 0.864440403963 -0.0572483416189
-0.170344 -0.027218 0.585873
-0.783949 0.081331 -0.325071
0.294904 0.02732 0.511938
0.142749 0.560146 0.648712
-0.335529 0.329871 0.631202
0.844837 0.147607 -0.358838
0.699657 0.52199 0.506604
0.327311 -0.151348 0.543422
0.319785 0.45203 0.700927
-0.610385 0.02015 0.196002
0.090419 0.610984 0.601894
1.082013 -0.121194 -0.348492
0.196919775008 -0.758112973941 0.126983091098
0.166225 -0.357882 0.926945
-1.032634 -0.060776 -0.467374
0.354682 0.063106 0.53544
-0.96543 0.138726 -0.60372
-0.718854295737 -0.111929954416 0.609697722218
-1.095919 -0.120364 -0.451652
-0.86234 -0.163197 -0.310053
0.11735 -0.102528 0.841488
-0.806764 0.099394 -0.378343
0.324079 0.617605 0.622887
-0.286844 0.605873 0.548901
-0.034385 0.172922 0.787615
-0.299414806974 -0.350568589839 0.235655048568
0.694387 0.225559 0.327925
0.68348 0.554621 0.341024
-0.730382 0.560816 0.380915
0.149282 0.585419 0.658585
1.100528 -0.190245 -0.410633
0.370327 0.801437 0.473115
-0.452113 0.246422 0.538629
0.51699 0.552275 0.572415
1.114225 0.086117 -0.348769
-0.763866 0.655554 0.314191
0.035835 -0.058323 0.831381
-0.803881 0.028192 -0.521546
-1.17823 -0.05751 -0.576005
-0.511383 0.150705 0.533404
-0.105601337259 -0.449231452556 0.450235158861
0.655797 0.665491 0.526203
-0.378561 0.701815 0.481333
0.876513054866 0.210795010041 0.0396952468121
0.222003 -0.555331 0.940892
0.311229 -0.412275 0.893863
-1.104565 -0.12772 -0.443926
0.834452 0.26619 -0.122305
0.154992 0.819098 0.565929
0.671444 0.312189 0.503227
-0.081818 -0.449661 0.923074
-0.31125 0.33431 0.649925
0.236731 0.385557 0.672629
0.124059 0.460163 0.653176
-1.136419 0.044176 -0.677618
0.785512 -0.216746 -0.239268
-0.126316 0.054736 0.697214
0.203642874398 0.647638185209 0.189608568306
-0.206307 0.621767 0.577285
-0.243994056403 -0.277974556135 0.116311440128
1.08843071625 0.34473222701 0.742420345548
-0.0632557286396 -0.126884597667 0.00487873507533
-0.0233732637195 0.576094996107 -1.02205737786
0.20384549674 0.00937132877817 0.345551636192
-0.675748 0.526155 0.419633
0.048585 -0.394446 0.951783
0.096076 -0.261935 -0.671097
-1.115818 -0.034922 -0.557622
-0.847791639916 -0.56014825531 -0.266061659872
-0.451633 0.609508 0.541031
-0.470094 0.844217 0.419244
-0.472932 0.741953 0.433719
-0.262382 0.145102 0.64989
-0.565313571652 -0.395532469876 0.471016904533
0.217669283687 -0.319740771128 -0.50450671534
0.563715997609 -0.683724727318 0.0884537326198
1.097478 0.197933 -0.35377
-0.461381 0.691679 0.444478
-0.980899 0.207749 -0.711641
-0.991483772314 0.545826582111 -0.618847205187
0.468292608189 0.567253866013 -0.0782147096029
-0.609948858509 0.589272195346 0.267210627654
0.661679 0.605184 0.384796
0.227534 -0.468969 0.886399
-0.501516 0.6257 0.466731
0.341632 -0.553686 0.8977
-0.741213557898 0.290246373422 0.124440505481
0.733823 -0.077559 -0.160978
0.516553 0.426397 0.595342
-0.5921 0.623626 -0.343109
0.384039 0.378378 0.636956
0.107545 -0.419376 -0.240112
0.356653627258 -0.514977166842 0.513559923532
0.811328 -0.004992 -0.290982
-0.845087 0.0285 -0.434465
1.064938 0.122677 -0.337312
0.602387 0.445189 0.558827
0.25969 -0.204517 0.83933
-0.850593 -0.117429 -0.279683
1.038813 -0.099102 -0.358194
-1.19894653277 0.0260185642531 0.684852593565
-0.017933 0.519133 0.619746
0.173351 -0.632157 0.635791
0.305767 -0.527602 0.854347
-0.59154430625 -0.270800835225 -0.35640045594
0.69306315454 0.363512667235 -0.0955711249703
0.009024 -0.373436 0.18533
0.134807 -0.331435 0.309186
0.078341 0.719818 0.568691
0.556022 0.534855 0.565044
0.763689 -0.042842 -0.202211
0.309884992867 -0.580053161974 0.0557758457011
-0.815166 0.011873 -0.403208
-0.319308 0.518056 0.609211
1.297333 0.087362 -0.446965
0.821729 0.137619 -0.373565
0.403235023163 -1.20102780122 0.0191405183335
0.608379 -0.082874 0.037723
-0.279657 0.349408 0.65232
0.153964 0.41056 0.6635
-0.634107576253 1.00282713076 -0.150488965242
-0.365891450568 0.269748280932 0.0499493805443
-0.930012 0.114347 -0.563093
0.253120525488 0.227587958215 -0.0902626127208
0.293232 -0.341757 -0.146235
0.177361 0.11779 0.76127
0.298304 -0.527712 0.84908
0.368238 0.659236 0.58324
-0.232988681095 -0.146068599467 0.414853501723
0.328278 0.77069 0.582009
0.430483742599 0.577338771394 -0.673225651601
-0.026264 0.153169 0.820558
1.158381 0.209374 -0.369915
0.297314 -0.464559 0.525865
0.472121 0.612038 0.5691
0.179329 -0.569496 0.951637
-0.310302 0.804717 0.4075
0.169753 -0.010774 0.797131
0.304711809037 0.393515721381 -0.437946845223
0.812620707645 0.96841433763 -0.066005378489
0.178749 0.153042 0.745553
0.355686058832 0.269636575113 -0.973024945234
-0.328287 0.471174 0.651752
-0.263738 0.588857 0.44187
-1.1158 0.114398 -0.693356
0.251323 0.865026 0.457807
0.050975 -0.331933 0.401951
0.283088 0.742894 0.572353
-0.302532 0.57279 0.555564
0.09782 0.302695 0.696397
-0.851963 0.149304 -0.448507
0.748606 0.426837 0.164385
0.446434447002 -0.193139593879 0.415434987038
1.127994 0.200785 -0.364427
0.192773069244 -0.193207635853 -0.1659916247
0.066128 0.49822 0.631815
-0.005437 0.06361 0.828732
-0.258296 0.727029 0.530454
0.669718 0.376116 0.516575
-1.122429 -0.109412 -0.483509
0.852473 -0.121785 -0.258771
0.8407 0.276876 -0.147083
-0.615442 0.791029 0.329965
-0.148903 -0.315926 0.806545
0.739575 0.009838 -0.049028
-0.846381 -0.118119 -0.118069
-0.739072 -0.001063 -0.103233
0.282013 -0.007906 0.50471
-1.112221 -0.123048 -0.367262
-0.816436 0.282395 -0.270578
-0.372746 -0.292222 -0.424442
-0.008313 0.776318 0.183034
-0.573931 0.402472 0.517914
0.817019 -0.028029 -0.278289
0.316268 0.790268 0.413467
-0.022982 -0.634287 0.762679
-0.16728 -0.2116 0.618532
0.019858 -0.665034 0.8787
0.137129060506 -0.642624749815 0.21388400984
0.182189 -0.523207 0.955239
1.199508 0.347677 -0.300839
-0.824326 -0.114625 -0.242901
-0.052857 0.141416 0.76674
-0.420497 0.550704 0.61175
0.1258 0.492474 0.624114
-0.540836245018 -0.381803902034 0.48998867425
0.395137 -0.279354 -0.235995
0.538664 0.110954 0.428462
0.325251 -0.514491 0.880113
-0.506538 0.451631 0.604966
0.967553 -0.120659 -0.311316
-0.61448 0.425615 0.504158
0.204615 0.304977 0.594251
0.318782 -0.486184 0.867671
-0.694085 -0.105062 -0.409082
0.1517 0.112843 0.829849
0.543753 0.418943 0.494955
0.239953 0.207341 0.701787
0.382328 0.605769 0.578003
0.806406 -0.021018 -0.278496
-0.5549 0.648314 0.167768
-0.342745 0.114206 -0.807118
-0.228635917058 0.437620185343 -0.639099143932
0.131324471971 -0.814946249361 0.0495670880807
-0.071844 -0.310784 0.500078
0.209415 0.705244 0.48974
0.481851 -0.700889 0.722078
-0.402584 0.69038 0.471535
0.152219 -0.498119 0.901044
0.404256166774 -0.364698533796 0.0446898047238
0.729338860243 0.470101411944 -0.446729580264
-0.553749 0.39905 -0.729239
-0.412872 0.856237 0.274797
-0.890109 -0.111445 -0.204804
1.04807 0.243107 -0.3011
0.230188 -0.248273 0.867408
1.36732935045 -0.756859829397 -0.0324856564782
0.260726 0.691781 0.593575
0.53736 0.161829 0.532573
-1.037023 -0.159101 -0.241657
0.319104928356 -0.289397590806 -0.295534691284
1.280582 0.146172 -0.34967
0.242717228926 0.235983221872 -0.572413867095
0.111701 -0.674169 0.884938
0.483772 0.527891 0.580835
-0.237152 0.70912 0.398629
-0.031851 0.16417 0.762841
-1.174909 -0.058925 -0.57935
-0.060514 0.68427 0.418094
1.063568 0.161926 -0.339325
-0.307132186359 -0.0790213475754 -0.670134446019
0.512296 -0.195427 -0.380126
1.30660278418 0.0611911852557 0.0787643860926
0.298965 0.014802 0.49635
0.180795 0.645052 0.621434
-1.094938 0.000681 -0.580532
-0.481693 0.775841 0.429037
0.691058 -0.079094 -0.07127
0.307867 -0.500653 0.850225
-0.511632 0.439864 0.591873
0.481388 0.488281 0.585257
-0.037678 0.488128 0.623687
0.309477 0.832624 0.46658
0.131027 -0.533185 0.965843
0.719925 -0.034982 -0.067067
0.530468598752 0.521359237053 -0.199499661293
0.848488 -0.121123 -0.247568
-0.32033 0.242515 0.663323
0.225387 0.49333 0.704181
0.073426 0.618416 0.603895
-0.022812 0.935963 0.446713
0.182423 0.67776 0.565075
-0.372983 0.593462 0.543632
0.053943 0.896545 0.380426
-1.168226 -0.081271 -0.546189
0.322732 0.66014 0.593202
0.506993 0.813147 -0.133338
0.996228 0.274363 -0.346918
-0.401892 0.041057 0.41795
0.147441 0.399359 0.662244
0.278932 -0.559997 0.885402
0.560671 0.700908 0.570612
-0.661686 0.28207 0.494992
-0.597868368578 -0.0416536560323 -0.35411271864
0.952525 0.088815 -0.311212
-0.391151 0.346112 0.639619
-0.057831 0.146121 0.765969
-0.742862 0.159135 0.147988
1.266679 0.127073 -0.394957
-0.115656351915 -0.40862185397 0.416046335293
-0.0780002557069 -0.851678854634 1.01844074375
-0.441514 0.836799 0.237395
-0.623312 0.444512 0.485719
-1.083339 0.104304 -0.687078
0.170431 -0.435006 0.925111
-0.235322 0.378912 0.649478
0.117321 -0.384591 0.066862
0.924865 0.106256 -0.365342
-0.569399 0.641278 0.422988
-0.120401 0.399888 0.636541
0.412701 -0.711045 0.616238
-0.583098644902 0.0289696582925 0.420306121069
0.63146 0.690467 0.509363
-0.600691 0.430103 0.499661
1.032725 -0.072764 -0.352505
0.044948 -0.631705 0.714108
0.742228293881 0.576422456939 0.165649519441
-0.585992837818 0.530635412354 -0.0998591295632
1.09288 0.1174 -0.341855
0.437794 -0.567903 0.822909
-0.015805 0.167988 0.759324
0.217173 -0.326381 -0.525617
-0.3851 0.326066 0.638681
0.102048 0.540453 0.616967
-0.017112 -0.062151 0.826836
-0.840827 -0.118918 -0.278569
0.301345 -0.375647 0.885109
-0.026716 0.837757 0.559669
0.248813780909 0.241182374724 1.12977217053
-0.723969 0.631423 0.377027
1.017006 -0.016866 -0.33747
0.340518 -0.124043 0.685873
0.046861 0.721892 0.570788
-0.309722941972 0.0527220864327 -0.211524344219
-1.032582 -0.140345 -0.260968
0.462716 0.450286 0.595327
0.294097341398 -0.272039963339 -0.267082747499
-0.0537456202502 0.170683809931 -0.342786393524
-0.225536 0.701536 0.546462
0.305852 0.380948 0.652293
-0.470323 0.885553 0.368637
0.176939 -0.036509 0.802573
-0.050982 0.677381 0.372252
0.360941 0.036519 0.469338
0.203895 0.648865 0.643329
0.935966 0.260477 -0.224877
-0.218057 0.104773 0.637529
0.480204801074 -1.01085133396 0.125525905557
0.237654724877 -0.162667541719 0.788956021285
0.30984 -0.519354 0.855522
-0.585617 0.601663 0.33777
0.302813 0.443684 0.701058
-0.739337 -0.128947 -0.082554
0.054527 -0.530261 0.968012
1.036106 -0.130609 -0.311491
-0.724832 -0.047946 -0.139649
0.162316 -0.508921 0.913504
-0.830213 0.152003 -0.428349
0.399655 0.638611 0.582913
-0.269717 0.56409 0.572087
0.535846 0.422787 -0.638842
-0.67965 0.194389 -0.638381
0.400331268565 -0.042099623041 0.254455989411
1.326662 -0.025251 -0.42712
0.373572423097 -0.279303413219 -0.255863761298
0.717653 0.427509 -0.485335
-0.010965 0.422958 0.63702
0.143012 0.033153 0.825908
-0.143959 -0.478176 0.789062
0.16456 0.139652 0.750483
-0.135511820326 0.472537895667 0.345282028237
1.189298 0.213673 -0.371757
0.266722 0.024837 0.56271
-0.301754 0.744932 0.522481
-0.369028 0.822322 0.459851
0.426866715883 0.147427650796 -0.798696206254
-0.664101 0.545341 0.029059
0.216849 0.684749 0.587192
0.340828 -0.226589 0.794052
-0.51199 0.594908 0.515382
-1.164361 -0.056029 -0.577744
0.149548 0.603233 0.645407
0.188753 0.112263 0.79291
-1.019155 0.067115 -0.636407
-0.488874 0.640778 0.468841
0.0474551133705 0.580742460039 0.669350386599
-0.845458 0.555679 0.320875
0.467691 -0.643616 0.607882
-0.017971 -0.548564 0.958518
-0.074043 -0.351993 0.564737
0.986606 0.267429 -0.249919
0.083263 0.641548 0.532541
-0.357312077067 -0.0865856113499 -0.331248850265
0.481544 -0.713939 0.693528
-0.018508 -0.495786 0.631264
0.363599 -0.283348 0.802055
0.187657 0.621929 0.662878
0.858132 -0.0787 -0.291377
-0.270604463758 0.0822812190089 0.915305434283
1.374576 0.140126 -0.408918
1.178643 0.106531 -0.368492
0.363912800151 0.827714852719 0.639286219452
0.453139 0.699494 0.172411
-1.072224 -0.13079 -0.371466
0.222747 -0.293825 0.88582
-0.582053345304 0.528226686169 0.600643212166
0.854221 0.113753 -0.242483
-0.512245 0.645103 0.461391
-0.413026867996 0.307013918232 0.445228772358
-0.496309 0.280595 0.53588
0.210604 0.08598 0.739489
0.971791 0.024055 -0.319848
-0.002913 -0.422826 0.567727
-0.893257 0.135673 -0.499192
-0.34288 0.754747 0.504766
-1.054149 0.16466 -0.694645
0.312619 0.465616 0.702494
-0.030397 -0.348852 0.92307
0.671421 0.597973 0.130597
-0.872269 -0.115271 -0.232928
0.238964 0.066232 0.6645
-0.599779 0.589119 0.44325
0.181024 0.41131 0.671101
0.151942 0.473564 0.6504
0.16442 0.659185 0.588909
-0.548211 0.552473 0.523889
0.177608 -0.310381 0.343675
0.197077 0.487396 0.690589
0.082037 -0.56545 0.964531
0.020683 -0.433679 0.957899
-0.165596 -0.260663 0.73627
0.228342 -0.619329 0.919075
-1.154591 0.031027 -0.652922
-1.020179 0.160712 -0.662845
-0.153711 -0.356409 0.782154
-0.500673 0.461177 0.613429
-0.559657 0.851514 0.269758
0.395316 0.401925 0.649484
-0.972696 0.075727 -0.600398
-0.260224964264 0.280262594898 -0.317241535515
0.296098 -0.193634 0.476982
-0.806717466772 -0.254376769742 0.151479795233
-0.376828 0.453879 0.665435
1.008557 0.004987 -0.331887
-0.773516 0.282281 0.36442
-0.145274 0.160915 0.717089
-0.701749 0.529081 0.400093
-0.721929 -0.051948 -0.122367
-0.656630367578 -0.271670827057 -0.513902088925
0.662804929339 -0.218735567848 0.392776296064
-0.841857 0.469864 0.138056
0.818735 0.02747 -0.279279
0.084541 0.163698 0.787305
0.404671934697 -0.26095124626 1.10687040381
-0.081848 0.678696 0.591908
-0.470342 0.77751 0.213325
-0.0782494071241 0.596910430937 -0.426628609292
-0.667291 0.187071 0.358142
-0.936025 0.174354 -0.572308
0.141728 -0.634431 0.92631
-0.098821 0.656176 0.594428
-1.064301 -0.041292 -0.508991
0.035422 0.154449 0.81303
0.287908 0.42068 -0.796896
0.284627148401 0.565293902895 -0.299511357154
0.239086 -0.433397 0.924825
-0.804399 0.16379 -0.280805
0.644163 0.393325 0.536395
0.397376 0.607921 0.556869
-0.368566296766 0.681753638271 0.0508501065125
0.739346 0.403899 0.368834
-0.548076 0.344921 -0.748771
0.291851 -0.291105 0.47796
0.499181 0.709312 -0.477763
-0.257577 0.233673 -0.845739
-0.378433 0.243715 0.640502
-0.060632 0.177463 0.758033
0.8148 0.304164 -0.375579
-0.181792747594 0.115150889439 -0.309239443537
-0.162834 -0.187686 0.55959
1.11695016283 0.0160136778976 -0.11487555062
-0.777231 0.030918 -0.329488
1.003271 0.216401 -0.291282
0.327682 0.433215 0.687
0.857185 0.000303 -0.352741
-0.359472 0.502562 0.647267
-1.03227 0.076183 -0.671555
0.322194 0.490483 0.696817
0.49025 -0.683708 0.644206
1.35889 0.155711 -0.428371
-0.002948 -0.646902 0.906291
-0.71310416734 -0.273791687329 0.347639917988
0.432045 -0.322438 0.683076
-0.010805 0.166015 0.811143
0.165579 0.426512 0.665788
-0.764498 -0.147508 -0.0795
-0.070525 0.777631 0.454286
0.884312 0.026191 -0.303364
0.282814 0.526762 -0.75113
-0.046429 -0.434121 -0.236515
0.14972 -0.456675 0.93612
0.276103 -0.040625 0.731331
0.847019 -0.064478 -0.284747
0.290332 -0.064223 0.537469
-0.0278473966194 -0.435474951318 0.334947367179
0.836533 0.046983 -0.279152
-0.668953 0.542261 0.415356
1.095608 0.15581 -0.346525
-0.455965 0.301446 0.610006
-0.889656 -0.077677 -0.351439
-1.072281 -0.129464 -0.338205
0.508303 0.483891 0.589512
-0.03404 0.16775 0.770482
-0.050882 0.10786 0.787517
-1.05617 0.025267 -0.577667
0.047477 -0.526169 0.609298
0.681306685282 0.476997046962 0.132522811177
-0.705721 0.451696 0.43621
-0.259159 0.453242 0.610953
0.239902 -0.346202 0.473095
1.034245 0.363871 -0.260725
-0.24439 0.570412 0.571426
0.031613 -0.138973 0.863227
-0.073495 0.04893 0.769874
0.145705 0.009573 0.808726
-0.887974 0.150893 -0.493655
0.407713 0.085868 -0.743131
-0.402655 0.258952 0.573062
-0.34910922583 0.37428419248 0.615544425254
0.314582908453 -0.39949669616 -0.126927246512
-1.048816 -0.01335 -0.523332
-0.892142 0.214303 -0.580767
-0.46114500313 0.229541153563 0.355579158263
0.698565391835 0.0936530726682 -0.262364267306
-0.970575 0.031344 -0.526212
0.189805 0.095943 0.760532
-0.463319 0.634601 -0.603989
-1.006998 0.080895 -0.651446
0.240640287859 -0.344617409906 -0.192275324933
-0.846632811126 0.315412028164 -0.963206745578
-0.086175 0.420787 0.631823
-0.72833 0.680232 0.257215
-0.589121 0.821043 0.266883
0.747459 -0.194 -0.273701
0.655277106651 0.148205903581 -0.366789949775
0.844137 0.211273 -0.184218
0.101663 -0.498404 0.562032
0.407833 0.576318 0.583388
0.836056 -0.102433 -0.272976
0.437316597463 -1.18784215302 -1.11000185055
0.212903 0.696657 0.587434
0.813174 0.443187 -0.131373
0.110825 -0.384304 0.484732
0.21029295052 0.373305018914 0.902287733012
0.302853944913 -0.163854110628 0.207863692941
0.356235 0.561688 0.66152
0.069757 -0.491709 0.571666
0.034515 -0.482986 0.96559
0.366610588715 0.200845443522 0.746036006873
1.196841 0.348003 -0.36195
-0.266501 0.492912 0.59096
-0.31896 0.347187 0.649444
-0.120485 0.373806 0.648166
-0.25279 0.4137 0.645338
-0.103245 -0.544885 0.725955
0.117301 -0.043965 0.817634
-0.210005 0.469063 0.61423
-1.132413 -0.116465 -0.478106
0.280972 -0.233953 0.452667
1.112159 0.354826 -0.275173
0.2894 -0.459183 0.876059
-0.804411 -0.054688 -0.317201
-0.590382 0.550055 0.444623
0.239908 0.799725 0.389391
-0.746277 0.00923 -0.213158
-1.015174 0.057961 -0.606388
1.214984 0.158101 -0.386407
-0.516427 0.103461 0.408787
-0.643505 0.188941 -0.674339
-0.012805 0.621907 0.599853
-1.013171 -0.114011 -0.497568
-0.148223 -0.403693 0.802528
-0.450498392944 0.212520518557 0.92453598596
0.396614 0.487022 0.652353
0.189231 -0.442814 0.519875
-0.191421 0.853953 -0.141625
0.11843 0.682701 0.586406
0.140453 0.724598 0.567412
0.84479 0.284474 -0.251514
-0.256811255146 0.387963268366 -0.0110176418412
-0.307329996827 -0.22525159751 0.530905296343
-0.315782 0.587562 0.545823
-0.735656 0.395346 0.434663
-0.523735581811 0.0373580661318 0.66636616939
-0.424355 0.636074 0.489032
0.30495 0.483717 0.701956
0.34222 0.448757 0.693343
0.826170319106 0.067271961563 0.54648540341
-0.660243 0.47678 0.45614
0.018375 -0.397976 0.532058
0.279661 0.454211 0.706148
-0.613685 0.489561 0.448573
0.174091 0.529649 0.687645
1.10723472209 -0.549770703132 0.472669109434
