-0.9748349963827551 0.0875222572688457 -0.09438299999999999
-0.2156141627115975 0.95144331535209 -0.155849
-0.08453006484891377 0.5282016329145892 0.778379
0.6589879337453911 -0.7086974171781495 0.555374
0.04898114776827937 0.5145558365476987 -0.620608
-0.1697207141789455 0.3322550999451908 0.763306
-0.2587886353026709 -0.3621610647656388 0.688564
0.04992457554115003 0.2639619013835823 -0.693868
0.8990724803198646 -0.370372784399025 0.527985
0.2734708814631606 0.4308794610848398 0.616333
-0.5164666723590203 -0.2183985169418518 0.743866
0.4552930407025166 0.6669786788292835 -0.168045
0.1491583706898128 0.8867058764089479 -0.200294
-0.6264420064332674 -0.9933553831378085 -0.384583
-0.8671738184405068 -0.7549791125324666 -0.472687
-0.4567124829143541 -0.09580522485859407 0.7997339999999999
0.840334771039704 -0.3395874811924732 0.6650700000000001
0.3132078720442034 -0.001210052288907917 0.7131729999999999
0.09356849431474336 -0.4046466138591448 -0.142853
-0.4531887352267577 -0.9360079148306235 -0.361221
0.2582519071158164 0.7342614242761523 0.234406
0.2536651431368639 1.27316291602228 -0.404587
-0.1551020455412938 -0.5336806232353827 -0.039605
0.7244172884714805 -0.106996450486116 0.652054
0.3462026901483054 -0.4885553509461097 0.411415
0.2699342772715886 0.7352738829387762 -0.161301
0.6231708602141528 -0.6718884083126847 0.615791
-0.7066725948141247 0.04643316146540151 0.608059
0.3867427334948951 0.6982400638712281 -0.249664
-0.723886341296081 -0.3265999220299567 0.403679
0.3070670184633041 1.146845677307133 -0.502775
-0.091843149823005 0.6422069981793946 0.70916
0.735816221323926 -0.08590291963361436 0.623932
-0.8667276958971297 -0.1804764056209358 0.166016
-0.09492998332786785 0.3814264457144663 0.821777
-0.3696660524205569 0.2633976153741754 0.676824
0.1645448579354753 0.000638054068446107 0.77182
0.4020306124371152 -0.2796145530608843 0.286133
0.4621108241627593 -0.2226105738225734 0.302521
-0.4495675751240764 -0.7256798815504382 -0.313522
0.3942993377405644 0.7903524863574179 -0.324547
-0.6953105260153767 -0.2455571580960738 0.733974
-0.5115662318531718 -0.03596070500625379 0.765305
-0.005515339852947247 0.6434091511536858 0.625362
-0.214536216220641 0.3779243734422674 0.732613
-0.1437391897855847 -0.449265579747418 -0.367421
-0.3364294766907989 0.581105053207727 0.445511
-0.2576017752951128 0.4862246370689233 0.7607350000000001
0.3882994993988321 0.7431424615123376 -0.296074
0.1252802664548233 1.009593786685521 -0.252136
0.8870032143867499 -0.25539736620524 0.632431
0.1194246658009682 -0.1300924111557898 0.814073
0.3894159830170811 0.07197826786496345 0.263078
-0.05817080336407427 0.2383572130563248 0.76712
-0.005681801896974983 0.320022830435898 0.798264
0.09402256489614702 0.8450418594580684 0.383301
0.4052637112943306 0.1000353384257056 -0.04701
0.1373429512898761 -0.01603703030447711 0.752632
-0.2232796400863969 0.004870319074668055 0.65332
-0.4695540899435636 0.4441544593159815 0.746658
0.6386146220878423 -0.2694370280874595 0.731995
0.1924992167209899 0.02584842377796686 0.758657
0.2088218582083124 0.6740680681477409 0.59903
-0.2946457103275802 -0.3596293405195907 0.701012
-0.9258049579150558 -0.2922472250080428 -0.217461
-0.483928530061516 0.6538771987013313 -0.5107120000000001
0.004452941508198302 0.5413727209353317 0.750214
0.2904187847655612 0.6826180906863621 0.231551
0.6242437948029748 -0.1622780310916472 0.714348
-0.3936546344915353 -0.09715382757429478 0.819906
-0.7811654872803082 -0.9485683130887931 -0.466522
-0.8190844808123954 -0.5976519364582438 -0.279419
0.475486184104842 0.8408782291666352 -0.338028
-0.2163338202741423 0.4595268318897114 0.76535
-0.3766196680825074 0.2436115997513706 0.622498
-0.8499621166540631 0.3598844294463778 0.094162
0.1351452307810884 -0.03602159388653349 0.755697
-0.4029617677959282 -0.2967662553303197 0.761902
0.402281903072283 1.295496695086692 -0.449738
0.09876439131508326 0.6598649437363384 0.658905
0.7052313330891857 -0.4071655000000001 0.647583
0.4080914922811218 0.728227198767505 -0.295433
-0.4324724253380672 -0.6546422135580701 -0.367645
0.1172024795481439 -0.2017853506495626 0.797882
-0.3510812315751227 0.3956634693280328 0.815636
0.2991094881445873 0.6991368304923458 -0.189526
0.1990605227891449 0.05594493925202121 0.744781
0.2418654016739634 -0.2154448357076409 0.7478050000000001
0.2765434264898657 -0.06506473482036368 0.78125
-0.5746761231231855 -1.011970243146065 -0.441861
0.2841964418047455 0.7582026765361106 -0.283455
0.3112175338599937 -0.3860034191482035 0.71077
-0.02571432471364547 0.228075483113642 0.761955
0.5623597532940919 0.8667056648372663 -0.306442
0.2474812562664959 0.8921821097745444 -0.30899
-0.5876587657808044 -0.7834188398455718 -0.355591
0.490097635203504 0.7511560048418259 -0.212433
0.6468507252754122 -0.4012276789102083 0.713898
0.224872927043358 0.3742933348858253 0.667175
0.6627865620243065 -0.3826600000000001 0.702484
0.275999280146222 -0.3486152239343074 0.265686
0.575595673413304 -0.6646350490313351 0.415581
-0.3133240540418745 -0.3335871808339831 0.712646
-0.4582999368065379 -0.4123747756545294 0.668797
-0.22844859088565 0.7511434336685378 -0.524878
-0.5067324078690391 -0.06317227627089085 0.7597660000000001
0.2186542516179789 0.01408027309328874 0.753151
0.7200682048368419 -0.657469284307676 0.514435
0.1490804027453485 -0.1293451680322256 0.820828
-0.9660522265636293 -0.0003855391732461481 -0.260788
-0.3474232535932451 -0.005182726954386924 0.774956
0.6706362162842087 -0.3871920000000001 0.676605
0.257910152089862 0.7183194872074572 0.299713
-0.1904348916301283 -0.1295869078372553 0.712723
0.1430816689166549 -0.1871432798046052 0.817329
-0.2185053094146577 0.9039777023702547 0.083008
-0.2173886537223018 0.3702678067639761 0.775146
-0.5250567106471391 -0.4533788996958354 -0.497035
-0.4053278732633852 -0.1199884702160218 0.821009
-0.5361944288122165 -0.1934859934381323 0.731766
0.6243305786300093 -0.01205771709394788 0.562992
0.2590683172144608 0.7073254880468167 0.357559
0.2526558403381025 -0.4003992477053963 0.376007
-0.3039870495217021 0.6771989853854553 0.60375
-0.4699994376795891 -0.6561589055898503 -0.287286
0.207640552396847 0.3204059864630064 -0.580037
-0.3618197757034146 -0.2867642347014892 0.780645
-0.06002269278239687 0.8161196464937908 0.675266
-0.9252212726655353 -0.8857342525002446 -0.407284
-0.5019994697794963 -0.1445745870307247 0.770172
0.009228789081931754 0.4805547315822426 -0.651431
0.4857956760528632 0.03429479302083037 0.564056
-0.2045663397466604 0.4724667060403875 0.761459
0.6771061608044128 -0.3357177273688547 0.722206
0.146292957159227 0.2651048345892782 0.624512
-0.6933306293101875 -0.5725278764089479 -0.200294
0.281191672190818 -0.08785173710025077 0.771362
0.2410173279773845 0.8910862575613216 -0.296761
0.2814895459182543 -0.2115478046700911 0.746542
0.7108111977573371 -0.1333408908954035 0.390686
0.2722105441714538 0.15214649286093 0.575058
0.3552838197154379 -0.3046283731457203 0.267975
0.1426717401848518 -0.1490612971955703 0.821059
-0.4597437152379988 -0.6977914732526916 -0.296419
-0.3820718107899655 -0.6500537884280629 -0.204093
0.2859314388446734 -0.09055822043975238 0.762625
-0.1376751141556918 0.6365397073444965 0.616089
0.7244108832823006 -0.3290855445992074 0.6542559999999999
0.5255201212629782 0.9705915504272354 -0.47171
0.169401816193613 0.6136645525417818 0.64447
-0.2010839168868143 0.3956084393670802 0.764893
-0.1858775278914758 0.8803826777066627 0.140869
-0.8254150932627964 0.3456071211346334 -0.376587
0.3065112964015361 1.149037138461264 -0.447266
0.3320429414220615 -0.010578755162373 0.711914
-0.1140912073127126 0.3676042322375079 0.817296
0.2600006663454328 -0.125197635887947 0.792725
-0.443533569026958 0.525051323582951 0.633972
-0.5170750467028183 -0.6516442522153313 -0.318065
0.4161318380750613 0.02038748619303101 0.048173
-0.2878335408237415 -0.04830831682917078 0.764828
-0.253414904303541 0.411048510351062 0.686409
-0.6348191862596886 -0.200125084221311 0.589355
-0.7460292271251955 -0.6129605253121799 -0.2323
0.3564662448217352 0.5035116472145315 0.177261
0.2200328483713276 -0.3405459272867617 -0.060336
-0.5788900324911075 0.2041210517302036 -0.697021
-0.5389692611031096 -0.04900014394844199 0.696808
-0.3116661279023976 0.1328264314747874 0.798808
0.1220066801815795 -0.09085223106269753 0.766157
-0.1483817348440737 0.4435872963348511 0.792427
-0.3678122473175003 0.2123565000000001 0.76178
0.5681301898754684 -0.7009056458219353 0.566376
-0.5586084732854293 0.7978117427311545 -0.015915
-0.3219138179731513 -0.4010610883879772 0.672905
0.2960784570413064 -0.1951850693778581 0.74707
0.389852682121502 0.4596766529014403 -0.045559
-0.6767779958651178 -0.8077118742830234 -0.470444
0.1704666906674079 0.3570849692340778 0.658119
0.1613336083698718 0.4796940066650373 0.66095
-0.0805233526903041 0.5187534619446051 0.790044
-0.5564287400183018 -0.1446708485032323 0.75444
0.009126153482713775 0.8341509615097318 0.663361
0.670734056711054 -0.3272225354096698 0.730169
-0.7647335908856501 -0.1777294336685376 -0.524878
0.4695127882876419 0.8820060041175254 -0.367798
-0.8396639815366961 -0.839350677307133 -0.502775
0.3281903180616385 0.1803063054349475 0.378183
0.5048375478866564 0.9106282825081745 -0.388245
0.5852132310375223 -0.7188029505814674 0.528351
-0.03660169357217291 0.8446240070899292 0.516663
-0.3298620927140736 0.219624095928229 0.7993440000000001
-0.6306543873403296 -0.6505534408896732 -0.29512
0.5196292449899376 0.6848602534212271 -0.288803
-0.7678677893331537 -0.7753180246206169 -0.392242
0.4040868915983446 0.8992710269209098 -0.359314
0.1487026240076146 -0.08585350000000001 0.771828
-0.327525203698585 -0.263422293565295 0.793917
-0.3519197576218405 -0.2036489003883523 0.816508
0.3170744570413064 -0.1588189306221419 0.74707
0.5719988581406735 -0.2376009158289708 0.736389
0.2242730876318927 -0.4345456174512147 0.600891
-0.404619486220301 0.5339724921340234 0.813187
0.2178734916578959 0.8096139571739094 -0.056198
0.3932346606983816 0.1282164116267052 0.129658
0.6644655052747914 -0.6095799849871353 0.654205
0.3743089677961563 -0.3094718500483946 0.287445
0.7677886781315546 -0.4432830000000001 0.685944
0.04760121397374735 0.4001977211044879 0.803843
0.4036734248759238 0.7521768815504382 -0.313522
0.2774777529984988 0.943607566163447 -0.347471
0.3356029618103502 1.199629381026124 -0.440739
-0.2780794359406066 -0.0388837115892255 0.772057
-0.05319005038884302 -0.3818178697306248 0.440979
0.3114105910346562 0.5394549656870775 0.380608
-0.5829554781261144 -0.2362705066650372 0.66095
-0.3355780818697826 0.03094371229502824 0.773621
0.01887366268458324 0.6205801426946149 0.674316
0.7123765886401529 -0.4993055543526614 0.403757
0.386935112250415 0.2168532736500853 -0.037891
0.02789837306626079 0.8750433995992746 0.495361
-0.4877765844471708 -0.2327838270049106 0.771533
-0.1229946680568895 0.4237269858653984 0.816813
0.657670143185936 -0.2801338973808604 0.730901
-0.826019439380366 -0.9683056370463541 -0.414429
0.2793527703370186 0.09868719145883606 0.526544
-0.5252410363809341 -0.9462441612319108 -0.335907
-0.4885930569838911 0.04596000107850506 0.779888
-0.158039656183677 0.5874132858791543 0.674721
-0.7624806925831091 -0.07465329934425084 0.6937410000000001
0.03874130358376791 0.2378179061585362 0.751236
-0.5396393704406857 -0.1018588073677501 0.757965
0.193734859344219 0.3981206195813973 0.624237
-0.06419650946923884 0.2088763839307018 0.696226
0.6335825308114346 -0.4477908658465217 0.368114
0.7965917559791633 -0.2072686057535801 0.676132
-0.2840807341012751 -0.006752264914873019 0.717987
0.03074922780894017 0.3417352248585941 0.7997339999999999
-0.3492986831423497 -0.3277890662194521 0.726967
-0.4263702199358437 -0.3445428837631977 -0.589587
-0.2483277675126669 -0.3183603102620911 0.715836
0.1271743359474845 -0.3467255887201237 0.496721
0.2362986231179734 0.8689672209988993 -0.268616
-0.2155371620079583 -0.1557153155169881 0.764732
0.3679864720605929 1.309707266106972 -0.48674
-0.5405782597724289 -0.3594050113930138 0.595703
0.2457497464781407 -0.4416589531526895 0.447418
0.07649395754712299 0.5527794209436336 0.696838
-0.1986574078690391 0.4704292762708909 0.7597660000000001
-0.4205535032184138 -0.7231280348753738 -0.303401
-0.6064390292684358 -0.59460321038568 -0.201538
0.2946144994866211 1.176055281757302 -0.448574
-0.8655826394781092 -1.016039109725659 -0.515413
-0.9315678759062487 -0.8375828917686414 -0.502162
-0.3047790987959982 -0.3502188841997232 0.691101
0.3061122442393208 1.194965959841437 -0.435287
-0.7427901956138685 -0.2552383581672452 0.325256
-0.1031890206067727 -0.460528626474202 -0.288727
-0.6058774733608864 -0.160144567022514 0.733093
0.6779945434673033 -0.2965990034601652 0.729586
-0.4110047140743108 0.6123369530729743 0.625344
-0.04517065229506005 0.5941261352139281 0.702637
0.4084539245952686 0.8283429499499121 -0.33094
0.4112234639110993 0.02433793275849054 0.224982
0.6667984824237312 -0.04161915003227452 0.479218
0.2311487891969907 0.6767614469972157 -0.434731
-0.1930514134152712 -0.009744856508233587 0.753624
-0.2698054025716784 0.5053393345892783 0.624512
0.1182993701707102 -0.3167674803609318 0.599792
-0.504608454905656 0.1654365181745752 0.794945
0.1548569183354157 -0.06356794953951564 0.803798
-0.8418397035984641 -0.8399651384612637 -0.447266
0.08414469697754248 -0.160745109647409 0.7909389999999999
0.03636832090309156 0.6337017795901237 0.622635
-0.311231832707967 -0.6202613471829759 -0.02147
-0.4417077563618473 -0.02970827611597439 0.760254
-0.156856657565849 0.2859942995905163 0.736847
-0.2249391447019205 0.206265972765186 0.784186
0.6576711769823621 -0.4059241067929258 0.677063
0.171508632697059 0.6915936657679748 0.617584
0.1983226564351545 -0.4074410827622856 0.599762
0.2440454788371291 -0.1664128312966172 0.786133
-0.4579557798807605 -0.6614206783733061 -0.270318
-0.3814661644968593 -0.6748507782769871 -0.221294
-0.4235774276345444 0.4222043743976397 0.654639
-0.009538150408281095 0.6555374388826233 0.689743
0.4918181381189488 0.02755800330594686 0.48753
0.1331078559258193 0.7992895693500768 0.597511
-0.2098089579150557 0.9478942250080429 -0.217461
-0.5944508363344267 -0.5685590511330381 0.417145
0.03809029371786112 0.510182323994557 0.767868
-0.3334427986714416 -0.09078786871689686 0.807836
0.07742748591784362 0.4369043395120288 0.771057
-0.4284556680568896 -0.1053469858653983 0.816813
-0.4853053889305615 -0.6661955908147069 -0.313904
0.1449618855989968 0.8754293510184493 -0.144945
0.2182118585129333 0.8874440257584314 -0.255615
-0.2831435566581662 -0.04397702596770087 0.769638
-0.2824222500854042 -0.3277696863358437 0.721352
-0.6447085542126829 -0.5847619719706405 -0.187881
0.7890338737917023 -0.3836272416998826 0.690948
0.499766721461554 1.235687353503535 -0.469897
0.5140424498068851 0.8454876403126991 -0.291336
0.4382329613389233 -0.3720762454096173 0.735313
0.1586204099216701 0.7096406091017349 -0.463574
0.2784400842993741 0.1553683728702771 0.54538
0.8652449828910868 -0.2883997286385739 0.651184
0.8884267658813678 -0.337603702689371 0.612762
-0.7075672258078006 -0.8756883848696709 -0.414734
-0.7896908175427917 -0.9590626182547191 -0.464844
0.004129200964628207 0.3503319858653984 0.816813
-0.2907524891440754 -0.1364760836246569 0.806857
-0.2853404847275839 0.4721457829954933 0.770691
0.1869572383901199 -0.2225865642655456 0.755454
-0.04939043506425117 -0.4676107429392143 -0.034828
-0.6742086402413134 -0.6531756197998814 -0.286621
0.572500454588005 0.8627538747027031 -0.316483
-0.5508172753916738 -0.2548255066650372 0.701172
0.1107355208955017 0.8705255483936137 0.491158
-0.1595280114843626 0.2105053788786526 0.653809
-0.4184193694499695 -0.07809160675828015 0.805401
0.1008198746322713 -0.1256948547241815 0.803819
0.4922441199436756 0.6370378254694743 -0.266869
-0.7387028236980099 -0.6254188223395478 -0.241699
-0.1823872736500853 0.4466319753840838 0.758238
0.5310159254611999 1.101966562527006 -0.499797
-0.4473432152911423 -0.7632251773054809 -0.30188
0.379830215414275 0.9229312313473552 -0.363281
-0.04534764307634478 0.4661835781882717 0.809835
-0.7560764168868145 -0.5656667684525899 -0.28418
0.3572835077506622 0.1978131881305757 0.239584
-0.4597514364974031 0.1659451531337215 0.792339
-0.4209692714012839 -0.4286021664922754 0.571167
-0.4758720529296778 -0.000504573576307936 0.708527
-0.725185447454147 -0.1483920399001529 0.382095
0.2561475262350703 -0.005267470327776452 0.751259
0.1492377329387967 -0.02044266414360869 0.78952
0.803225671532691 -0.4105143269617488 0.6742860000000001
-0.4089058046681833 -0.01805962919512842 0.763916
0.1863711130978483 0.3521622369486386 -0.5901999999999999
-0.03357681424726887 0.6971832517674277 0.684624
0.1239113710366415 -0.2457072097290182 0.72261
-0.8393285406182877 -0.8180576765935121 -0.44104
0.3208340666756853 0.7611289042812275 -0.317997
0.7702212153917057 -0.319501721874114 0.706741
0.241446066897985 0.9119108551549838 -0.312561
-0.3114764089653438 -0.5394169656870775 0.380608
0.1188648592025884 0.413155975373404 0.714844
-0.4089765053343566 -0.02379808634106952 0.758301
0.3466431684201217 0.9340215798003059 -0.444733
-0.1675506226147628 0.5999458087914319 0.650026
-0.8684399427313827 -0.1243301041329607 0.195358
0.2399656074854426 0.975904624233917 -0.346077
-0.4722628328972733 -0.1550192211044879 0.803843
-0.0941904455673678 0.944217362689768 -0.260216
0.1613405327250409 -0.09315000000000001 0.814616
-0.1553358747304844 0.3222583727286465 0.756592
-0.7147942361244728 -1.050833933924972 -0.487467
-0.721432128160995 -0.8492891001873849 -0.491119
0.3073884516751662 0.9086024159613182 -0.343765
0.7061901342699338 -0.4766108076405873 0.6765139999999999
0.7759667591382676 -0.1947441481879592 0.681366
-0.5453228924047108 -0.1293409561753751 0.724884
-0.5439168976543958 -0.8844897018326542 -0.392426
-0.2248405187942411 -0.1155552021517705 0.767578
0.2919671008856251 0.7347318528724905 0.046444
0.2631735702120056 0.8748059948164888 -0.317352
0.4571334915250373 1.006744433162721 -0.486023
-0.483795932532631 -0.01520513564168159 0.770859
0.264987142362724 -0.04854080607527485 0.798418
0.1461034219141996 -0.02153945008493412 0.78093
0.2314417646633956 -0.005107104609599575 0.80571
-0.1888128046681832 0.3631526291951285 0.763916
0.19705846661518 0.01123727623910709 0.75592
0.1506431118307351 -0.2013584764988865 0.810822
-0.2951448195128458 -0.313635822986995 0.71875
0.8345778017142773 -0.2368728445617276 0.664284
0.1539285891319853 0.4668081371139929 0.701904
0.7922657875089882 -0.2840054029358645 0.693756
0.1460244051182366 -0.01736231119019341 0.756307
0.1372959489701314 -0.04648244071034845 0.764103
-0.475725339675973 -0.6342704587667474 -0.295734
-0.7658929762535751 -0.8777935480313356 -0.42394
0.2778566601973345 0.3132398526831843 0.611088
-0.3963270721153748 -0.07850862531884345 0.812419
-0.344076719211543 0.004047640623997267 0.774826
-0.08345887632592836 0.6224429858608846 0.7195279999999999
-0.4385835648489139 -0.08503701768299822 0.802961
-0.3905377153309998 -0.7300191652251624 -0.219879
0.1805985442032375 -0.4061581456670188 0.526703
-0.6407522711576246 -0.03445148871015579 0.779091
0.1681581820904164 -0.35148748491098 0.632607
-0.08816846573596282 0.2604337377199167 0.768524
0.4632481669748246 -0.3244686382864529 0.74139
-0.2357145750486193 0.5208083799312841 0.753464
-0.338197526258082 -0.09921329847310752 0.817617
-0.517884476459029 -0.6336982256782462 -0.305614
-0.5200057742557672 -0.4512744212401808 0.642761
-0.3739703182855903 -0.02371159179334666 0.757324
-0.4455099910244327 0.584768060266128 0.784935
-0.4450146781804398 0.1697159672775652 0.647119
0.4983226693574386 -0.2058038181095698 0.320183
-0.7568244789839719 -0.1339484500120832 0.649857
0.5413439613389234 -0.1934827545903828 0.735313
0.419810769717097 -0.2955264172853902 0.743988
0.3094091161973873 -0.4623796904211426 0.411575
-0.3175104199279979 0.8654298207521777 0.1073
-0.4662190324911075 0.3992729482697965 -0.697021
-0.4220856163549098 0.611746267329271 0.7778890000000001
0.6795029248170569 -0.6727764103252024 0.45431
0.1812816969775425 0.007501109647409004 0.7909389999999999
0.05403088371908188 -0.2490197642207041 0.665235
-0.8487233580308268 0.01321402232013727 0.262482
0.3194324850334145 1.216085293665858 -0.419617
-0.3090951152546027 -0.2532644439923297 0.793142
0.05908999511710706 0.3962308737618262 0.798467
0.07254827809410234 0.3084573036606214 0.7526929999999999
0.234676429942911 -0.1354905 0.804688
0.7578951514227072 -0.4099770909257634 0.660884
-0.3437507260962738 0.486972277262561 0.798782
0.397219755066766 1.071170797545703 -0.418252
0.3876579706639254 -0.4134866988510357 0.357773
-0.9828608610667983 0.009275051861410073 -0.111618
-0.7078023251492173 -0.7624635888738306 -0.371452
0.1256832412989564 1.041401759589731 -0.268616
-0.2805767721910599 -0.1974972248585941 0.7997339999999999
-0.1838785053343565 0.3660830863410696 0.758301
0.1812578231464253 -0.2636942410410573 0.726187
0.7108741623573932 -0.296561833009028 0.7222730000000001
-0.5467581380665035 0.7910011254170567 -0.254387
0.07534056604533949 0.5845956882615265 0.673828
0.2508337322410678 -0.007071231506342989 0.779984
0.1859019551220454 0.8407236314977716 -0.10054
0.2759809516485944 0.810747030176575 -0.305923
-0.1800340499653476 0.617951878367624 0.741089
-0.3662172432661489 -0.7612748719447808 -0.177711
-0.2247011222873858 -0.4690017603194996 0.5913580000000001
-0.5613537991893345 -0.203495301217744 0.7389829999999999
-0.5204143067746559 -0.7207200203194402 -0.328552
-0.2627941969739826 -0.0675949010932011 0.763062
0.5135980682020939 1.032217948795252 -0.431885
-0.0005212097290181972 0.3007632382679412 0.778427
0.6213872946497103 -0.5684136344889292 0.683732
-0.3038047534596883 -0.5391592685731167 0.46624
-0.196058894264918 0.5193640338573876 0.7116170000000001
-0.1874099891220175 -0.2977476230052648 0.641357
-0.1156503912581242 0.6083276464257092 0.726433
0.321285937998194 -0.2093864316297039 0.74646
-0.2481236437313545 0.925447242498175 -0.286964
-0.2182069964105362 -0.07748560435004834 0.762493
-0.540394861171433 0.07765064430194824 0.803665
0.2699463818643424 0.8550728487084306 -0.315777
-0.2265465676372235 -0.5897121654280102 -0.111633
-0.1500117170467148 0.4935280843444438 0.762726
0.3742703647910284 0.05961928758539902 0.452557
0.4619426366281396 0.8495001168222654 -0.344055
0.05108052278914482 -0.2003639392520212 0.744781
0.3854378069953036 1.299393864873792 -0.501248
-0.3459899423171705 0.1031678409988355 0.795417
-0.3051212860262527 -0.2107355698682253 0.811452
-0.884916585821269 -0.7593064871028223 -0.36944
0.2075832908277784 0.1417168065160586 0.70162
-0.7117946116943168 -0.4722144320083165 0.407288
-0.4000391635146594 0.5982198437752559 0.79483
0.8569918107054809 -0.1708886421876575 0.627487
-0.6354833345973521 -0.9600334228859065 -0.420593
-0.05621262961055008 -0.4118351305125233 -0.386559
0.2284181483136979 0.8893918382501278 -0.269745
-0.3815052739592201 -0.4790845178528528 0.627991
-0.4829247925150138 0.8370417231293378 0.034447
0.03927399511710706 0.3619085549590413 0.80691
-0.1175157341012751 0.281746777847837 0.753754
0.08659067212464432 0.595887443581422 0.67849
0.3480281189282955 1.135248384446431 -0.43829
-0.5961356218826441 -0.6009571853024084 -0.383911
0.1444177340082741 -0.3872471471837015 0.134772
-0.4355691480370451 0.559080105390348 0.626338
-0.4969112369645305 0.1354724907255353 0.614004
0.07537329567818937 0.8452723776485354 0.293335
-0.02026600114919251 0.1929862563433493 0.7536929999999999
0.3214719583997684 1.016705765157067 -0.379364
0.3884392061858338 1.124840440765587 -0.439657
-0.4794954161705876 -0.345372422803841 0.672714
0.1329070740092736 -0.2158741951306211 0.760147
0.02223120948656847 0.3940835843444438 0.812735
-0.08577153732371867 0.5311273395120288 0.771057
-0.4210147859481897 0.2430730000000001 0.5897520000000001
-0.8452134350348178 -0.8946646127201208 -0.464745
-0.3834569001624927 0.4098591664056961 0.6228089999999999
0.2880915957892045 0.371623281140498 0.600014
0.2313111247504132 -0.1580733795763815 0.798828
0.222268317783845 0.9726260193144844 -0.323025
0.6988598408505275 -0.5959512482773865 0.649414
-0.7551778834517127 -1.055016462890694 -0.450256
-0.9654124585188298 -0.06871942841459447 0.006268
-0.7591112241262198 -0.02130120878241785 0.734665
-0.1047849167717555 0.3742332002844433 0.820384
-0.1369027943064414 0.2377914045630922 0.767609
-0.4991742312520039 -0.08508513035760677 0.753441
0.2666325465301021 -0.06459888245839045 0.795428
-0.4222738443180684 -0.3808757530663245 0.686737
0.6770577946532703 -0.3908995000000001 0.364197
0.6618511378487179 -0.4962182021987481 0.7087329999999999
0.1439028558700698 0.952617057721222 -0.227539
0.6618072153917057 -0.5072802781258863 0.706741
-0.3227437721910599 -0.2705326112613509 0.782614
-0.7944245209934592 -0.6342836331392392 -0.253662
-0.6784492470015014 -0.712106566163447 -0.347471
0.7868721947823271 -0.3509193795737755 0.697777
0.2138698621837644 0.7865774675100334 -0.392444
-0.2700488785821055 -0.5303603782312054 -0.372589
-0.5323155290169583 -0.3560175419152767 0.68071
0.6982019575112679 -0.3107287356464374 0.703476
0.8469313191804437 -0.403279924658138 0.634117
-0.3828644055583222 -0.5857066028366699 0.2355
0.6057566948895678 -0.18816462742627 0.724915
0.1756910751133965 0.0080418685328026 0.75592
-0.2937336036636974 0.5897884745641762 0.563492
-0.5758860762943728 -0.07348394351334042 0.666157
-0.9207920969277172 -0.9961346950866924 -0.449738
-0.2669632587026958 0.8854920721727765 0.087799
0.143275788457752 0.8209529451033168 0.574619
0.3182376793431739 0.5337778295051896 0.496445
0.3881192107375341 0.589834192390941 -0.127913
-0.676696296736033 -0.9824363672405143 -0.405121
-0.4534284615073814 -0.6824231329285734 -0.274431
0.4615127438141734 0.7688315206266672 -0.271233
0.7935857748991431 -0.4312551177107659 0.673767
-0.007063222808126578 0.1251321392311454 0.751911
-0.1520618737362084 0.2228271087947636 0.675903
0.7650878351308812 -0.4267829973004332 0.684998
-0.3191809661981063 0.007724349735955569 0.772697
-0.5980669011392248 -0.5807422590984099 0.476074
-0.3276820995200432 0.533495954900444 0.790718
0.1432449319129651 -0.08270250000000001 0.764282
0.175060885488196 0.3700163480835525 0.697632
-0.2379534948309841 -0.08756354288584269 0.766556
0.393704835503141 0.6677847782769871 -0.221294
0.5124667032639671 1.077254367240514 -0.405121
-0.8235534255380534 -0.8311283757793004 -0.43433
0.1827144721099207 -0.1348092510274907 0.819851
-0.336874393739207 -0.6712075657252694 -0.168127
-0.4377438906780602 0.6227553406427234 0.753738
0.2273493086763729 -0.2896354463068623 0.725912
0.3406609634819493 1.081978096906102 -0.405114
-0.370644125278032 0.2581495434915246 0.737831
0.4318978506972383 -0.08367297891258609 0.725777
0.2117219707315644 0.8224932103856801 -0.201538
-0.07868620927825286 0.6014974876750684 0.7234
0.09811540176010022 0.6549268608535262 -0.5294489999999999
-0.8357723218404087 -0.6157681249873952 -0.35438
0.2182297987696546 -0.3997549008054261 0.40934
-0.0909719434106135 0.6383299719495366 0.6353760000000001
-0.9347194319739268 -0.7104575470007619 -0.419228
0.1985640039799659 0.8314109434476094 -0.178223
0.2223763781173561 0.8167471853024085 -0.383911
-0.3434763915679572 0.4596934386038759 0.801598
0.2646385961839646 -0.2276865057656701 0.744956
-0.2931208621180333 0.01160177405317498 0.769722
-0.3737684478873683 -0.699827942007082 -0.207185
0.5526517638755275 1.144446933924972 -0.487467
-0.6476633115052386 -0.5486817617253815 0.43705
-0.5431937761902219 0.1083107812833382 0.558295
-0.313601004882893 -0.2492888737618262 0.798467
0.1377944113194783 -0.3522150785956195 0.56192
-0.7507200060505835 -0.3569571927380255 0.651794
0.439909280146222 -0.06471477606569269 0.265686
0.03652498319977882 0.8132931266476164 0.658859
-0.3706003961597708 -0.2474567154538768 0.801607
-0.01945460499628593 0.7672076357052493 -0.5036929999999999
-0.2203942653796225 0.2829999346656754 0.674255
-0.3530960697875563 0.4915456671750665 0.510231
-0.02729712445386607 0.2437359935453731 0.768204
-0.09817744762686312 0.6551536725528404 0.709057
0.2970200183956652 -0.4112662372736652 0.691597
-0.7158041923911967 -0.9595052294923601 -0.460861
0.3236845011254826 1.196990001571921 -0.514089
-0.1963448474956704 0.383552748333136 0.7501370000000001
-0.9758868755235649 -0.06269165084645879 -0.202942
0.2790379284333481 0.1069518692853271 0.510136
-0.3872455963690128 0.01376495208155999 0.775932
0.1508899088237132 0.4059869884321066 0.716141
-0.7547945501912073 -0.746938510207268 -0.38064
-0.2997634803077883 -0.001935578146761901 0.771482
0.621066614160904 -0.242365069388538 0.355087
-0.3899254362848294 0.6345353331912145 0.769402
-0.1590585527643372 -0.460921494766207 0.518158
0.8486638117529004 -0.2035031594989073 0.647446
-0.3597732761821481 0.8908164064470095 -0.284737
-0.2629541830370167 -0.3070440050828791 0.728302
-0.5620467456228894 -0.2881135196475847 0.697048
0.4638883352632972 1.225048165714576 -0.518351
0.1308311179755292 0.4051641435446542 0.7186360000000001
0.3340884806470547 0.7667682227041901 -0.319214
0.3164310776794065 0.8354587036345059 -0.396294
0.4461410047047091 -0.4899631125116183 0.377092
0.2029814433726638 0.09575617291511858 0.71463
0.5234987416759169 0.7663004182810627 -0.227783
-0.2110385861417817 0.410586446444933 0.768858
-0.2122027781310982 0.2923660067696721 0.7753910000000001
0.1759878292938254 0.1464738618506639 0.735016
-0.0519068094618908 -0.1642672312467918 0.7622679999999999
-0.1995931277863847 0.4414045618323942 0.7619629999999999
-0.6968492512213109 -0.7957623083316387 -0.378803
0.2630024364888868 0.9847075825131587 -0.442322
-0.1142645036449576 0.7656960741852942 0.419113
-0.860515045769504 -0.7738877799502385 -0.396259
-0.8697023881651937 0.3713172762338951 -0.08557099999999999
0.6646822143867499 -0.6404686337947603 0.632431
0.5568509636190662 0.9279941612319107 -0.335907
0.2476825064465532 0.359052685311436 -0.511058
0.3316602358749031 0.8822903793856101 -0.418509
0.3461737296276379 1.30329448796068 -0.433807
-0.3610745782193573 -0.2904715147974294 0.774621
-0.2060955194663522 -0.5048619109280224 -0.333316
0.1355033647910284 -0.3539372875853991 0.452557
0.4984275933252232 1.071827915533564 -0.456589
0.07447269810302504 0.4588544968911776 0.767303
0.3054006813820076 -0.5196445031802083 0.524178
0.1063140540314503 0.8612033431410947 0.459473
-0.4965305285529071 0.1638118970373358 0.575975
0.007999243806355119 0.6479490966947377 0.68541
-0.3702703725976957 -0.6264790978766679 -0.160198
-0.6175909311371732 0.07825112897664442 0.81134
0.3242020768504711 -0.05513353097563434 0.735934
0.5568181327976225 -0.2829987034188837 0.336548
0.863333719448525 -0.4482661340277398 0.536987
0.5519189706639255 -0.1289783011489644 0.357773
0.2285623597586867 0.9104696197998815 -0.286621
-0.7535575666993953 -0.6461879919513255 -0.263512
-0.73719087677218 -0.5622520534456628 -0.246154
0.7951176388695655 -0.3270398514837101 0.695694
-0.5640741401492663 -0.6129530699742566 -0.23843
-0.5617414828540908 -0.02862878902236657 0.649414
0.1481024193296917 -0.180369084997103 -0.5364989999999999
-0.360239916307006 -0.4371858379580945 -0.510213
-0.5430879542885961 -0.1716139298064924 0.7390139999999999
0.5074294589650813 -0.6721323958152924 0.501892
-0.2031143175745755 0.4565456822161552 0.762451
-0.4425859434106136 0.0293166592970134 0.691059
0.6640152926566445 -0.6680977761159745 0.608551
-0.03323928368540408 -0.3523561281503151 0.517473
0.928602167953907 -0.2505458650852252 0.583427
-0.5644661317397789 -0.634606019325164 -0.283188
-0.318029610564576 0.1004425561908107 0.790507
-0.2017030523232977 -0.03930193466567534 0.674255
-0.6728853642126166 0.5196483615142593 0.253754
-0.2315926385704123 0.8138517833371102 0.221771
-0.3386957110172353 -0.1337121797875175 0.822489
-0.06959608232124617 0.8823240494118555 0.195602
-0.7490024846037531 -0.8811043583290258 -0.421848
-0.4025941753942937 -0.6195775666142125 0.089194
-0.1901066866767622 0.3396555598172704 0.7730939999999999
-0.3394661085591781 -0.04407254747218853 0.768509
-0.5812353992391599 -0.5301672426398055 0.5836789999999999
0.3487797032506814 0.7720121666789759 -0.319824
-0.7736354744426956 0.1886500517275976 -0.5359120000000001
-0.7023862432746651 0.1478953401108464 -0.611683
0.1312534548579803 -0.2126643475170301 0.7897420000000001
-0.5237487335079253 0.1721685831644214 0.681906
-0.6971157629766028 -0.3008839202326188 0.7182770000000001
-0.9941000338732797 -0.818511766474462 -0.403976
-0.03237794374701811 0.9423337563855574 0.010559
-0.2005546267788228 0.3563651967260651 0.773071
-0.1454585328790034 0.5462764306591379 0.7537160000000001
-0.5617206204606146 -0.172696654296898 0.74868
0.4514723679582064 0.7063970795170447 -0.198723
-0.004619069008459998 0.8639175377936803 0.50679
0.1567280526791542 -0.3598370497883733 0.404848
-0.1279571787790017 0.5679216651615948 0.749802
0.4151387171036739 1.263125350212526 -0.519497
-0.2137448427598759 -0.4821089275159256 0.564651
-0.4886140849057541 -0.005728420350539396 0.769989
0.527962667641468 -0.4769598351453766 0.718567
0.2359308468549006 0.8198542138254395 -0.23925
0.7901217412443476 -0.4561770000000001 0.428894
0.7787971761297167 -0.2357397221521631 0.387909
0.1035717380734229 0.8462155125713842 0.594757
-0.4694092467059082 -0.9203706648372664 -0.306442
-0.6678150508232052 0.1765624019150167 0.71492
0.5117889097292465 0.02816839440133646 0.526459
0.09548067549606659 -0.1222566188998159 0.797261
-0.05757496662751188 0.5112592325570668 0.793727
0.6447490362034484 -0.6423859111645619 0.6363220000000001
-0.2848049850374169 0.7190452956663 -0.538864
-0.2892972263762308 -0.1776314945723868 0.813192
0.7148000449564604 -0.5823640048828931 0.648621
0.2549576935669609 -0.02333632096144708 0.804733
0.6163555254353127 -0.4635069144202271 0.718964
-0.1442154451469899 0.03970752176925098 0.750064
-0.8409477074543433 -0.7466341558194911 -0.377716
0.7252812225651656 -0.4827740727414624 0.691978
-0.368114515326956 -0.03726304354987999 0.768185
-0.4649913044655912 -0.8376305644121327 -0.288761
0.01820027956666943 0.8914298089214289 -0.331592
-0.2323575219692371 0.02299096642847968 0.762405
-0.1053654359406066 0.2602657115892256 0.772057
-0.7361663836808765 -0.343115579359522 0.489059
-0.4546033328972733 -0.1244320698682253 0.811452
-0.118763031729811 0.3644263949830527 0.8131
-0.9376676872228791 -0.192394074885629 -0.291309
0.4253823830922962 0.7239439001605849 -0.297852
-0.4850426085591781 -0.2962184418602392 0.717773
-0.5344477070320575 -0.4283605825682097 0.6516420000000001
-0.1578585124786387 0.3184990359797522 0.762756
0.3511829136444351 -0.395335350817765 0.34787
0.1541590055436261 0.9784372300458525 -0.24118
0.1969222973291271 -0.3839565758827668 0.408707
-0.4365209134259511 -0.6747164006201223 -0.257599
0.2326546705768761 0.4251257100573492 0.654724
0.1494116965445769 -0.0783693503397296 0.779236
-0.7188814875450714 -0.9726172610487566 -0.43042
-0.4280472671928524 0.1944603851809691 0.605139
0.822144314465753 -0.2535862761914315 0.40049
-0.3150136783884997 0.4309583039519564 -0.719845
0.2603513484548585 1.070183763342884 -0.404541
0.4508865301262933 -0.07829362137282493 0.284363
-0.360305508954906 -0.6671354477568601 -0.192613
0.01656950548075666 0.7125752253489614 0.668034
-0.6516215743243187 0.006490325962260687 -0.644989
-0.5676107563352756 -0.2043226688952952 0.7379
-0.3758999223760874 0.9003742358834195 -0.084869
-0.1599778664237239 0.200510207267643 0.767487
0.277122246141736 -0.1848041897749049 0.749512
-0.3341546717455204 -0.2541168690497416 0.799627
-0.5560946039621525 -0.202198107877341 0.737022
0.5663701698525755 0.7970839100760753 -0.295792
-0.6900086606414225 0.6551959421065047 -0.17617
-0.5318651396852151 -0.09931744470951041 0.731094
-0.00861324630993828 0.7511334197730816 0.684937
0.1149584260569 -0.3756081653112992 -0.24781
0.2237785101060063 0.8078397491456681 -0.019297
-0.5166241663214671 -0.05428930448669501 0.76239
0.4331502029408484 1.164118158802319 -0.456238
0.1116212982679094 0.6272637598068188 0.6666029999999999
0.7606631378487179 -0.3250707978012521 0.7087329999999999
0.7001638209097002 -0.3132666885628431 0.690782
0.3605116160968239 1.268100435798465 -0.520884
-0.2423514747988077 0.3006629323592166 0.780743
-0.8671483801827616 -0.9457930521775959 -0.413116
0.1356279188756221 0.4102524464174073 0.722916
-0.07810930173684648 -0.371495279151946 0.590912
0.5396130649597147 0.8175712449381907 -0.265717
0.3206400445619558 0.4230568481224562 0.484599
0.04387138474539739 0.3580914673774305 0.80189
-0.8534985095143086 -0.780334782663091 -0.409676
0.104993030503765 0.6173392632731498 0.673065
0.7787858548850084 -0.1608693311232028 0.665283
-0.3871665271486772 0.316437903988496 0.769745
-0.3295765413293024 -0.1194673145651756 0.820679
-0.4647280272850958 -0.1162725549590413 0.80691
0.5445876925409011 0.983047552657539 -0.364323
-0.4261689246825461 0.8046697698428358 0.168976
0.1205718047277484 0.5945484917487335 0.675461
0.04071380952927401 0.5561523866743844 0.717041
0.02526234999881105 -0.1237783262834717 0.765462
0.2081054721099207 -0.09083074897250935 0.819851
0.1733937252393702 -0.0759352581717728 0.818461
0.7930238534629788 -0.5048603941880646 0.454895
-0.8156040622572861 -0.4135836746891892 0.134125
0.2413232114599269 -0.06363393670571872 0.814264
-0.5636848202741424 -0.1421027481701456 0.749725
0.431144404909921 -0.6168839852969682 0.513031
-0.4835246410780669 -0.5623272450587172 0.5473479999999999
-0.1323453398026656 -0.3972508526831843 0.611088
0.1363418123367799 0.3455569461633238 0.723946
-0.2204908389535801 -0.5914013356710877 -0.169336
0.3495002805597358 -0.07191375681096046 0.7354349999999999
0.2593443239471369 1.256325545731043 -0.400116
0.195121457159227 0.3496782774466551 0.606934
0.1413599737186505 -0.360399343362696 0.492374
0.1637574680372096 0.3222102547592834 -0.61617
0.6292994192250569 -0.04490943272861462 0.442764
-0.6327091379533526 -0.1513043733483124 0.5979
0.2633604170339127 0.2538976230052648 0.626167
0.5474195775588799 0.7373585213898715 -0.256226
-0.3287432588827877 -0.7955960270307566 -0.221054
-0.2476604063364644 0.1823135932020904 0.790799
-0.425854494456374 -0.02617562102999856 0.759033
-0.4776594112796208 -0.1712643690497416 0.799627
-0.1788514352587695 0.4953962271251954 0.752441
0.2178127388665032 0.007800730252515715 0.760262
0.2788384809559337 0.122468416121004 0.498837
0.05969885947542553 0.9074174577653514 -0.186886
0.2713228571120076 -0.0321150262272521 0.777138
-0.4997828228038548 -0.6309752418464696 -0.304701
0.3719924684621014 0.2487418554093228 -0.215485
0.5935551761297166 -0.556588277847837 0.387909
0.2632932103275802 0.3053252175752875 -0.5115229999999999
0.1269419764084915 -0.3518880472472829 0.398809
-0.04963067880557342 0.6601311426946149 0.602905
0.3963839726472654 -0.1654928200689441 0.11554
0.3196597147775075 0.07840086712761883 -0.429899
-0.4896204032694074 -0.03798941488497644 0.766705
0.04898193785421301 0.8146632050166781 -0.43855
