0.03752926907632707 0.1771846008111219 0.755157
-0.1901066866767622 0.3396555598172704 0.7730939999999999
0.5962026901483055 -0.0555426490538904 0.411415
-0.4450146781804398 0.1697159672775652 0.647119
-0.8934445149665857 -0.8846792936658584 -0.419617
-0.3972017883113518 0.1076803217875208 -0.767334
0.2213914388446734 -0.2023447795602477 0.762625
-0.5956218926694741 -0.3483893802038655 -0.55088
-0.5404052955602687 -0.9310054285896611 -0.344574
-0.197272492157989 -0.08643597935336982 0.757385
-0.9660522265636293 -0.0003855391732461481 -0.260788
-0.7634330838829986 0.06188911053565384 0.66384
-0.7408306163549099 0.05966373267072918 0.7778890000000001
0.1409612332619155 -0.2590219820927943 0.716461
-0.5590184002901393 -0.5545862716683976 -0.409009
-0.6380404931256934 -0.7013105513800016 -0.337139
0.02900360384022929 0.4446777154538769 0.801607
-0.6750226349543769 0.3897245000000001 -0.566101
0.6305232913791072 -0.3315776239758308 0.734421
-0.5829633201147121 0.08524191061227918 0.601831
0.631033034941803 -0.4714267222264106 0.697845
-0.1313006204606144 0.5728126542968981 0.74868
0.2342501838854041 1.042655220171872 -0.379028
0.339302265414268 0.4312227628207324 0.27382
0.556894588589173 0.8791817218966145 -0.422882
-0.6177753737362085 -0.5838123349759646 0.080429
-0.2203942653796225 0.2829999346656754 0.674255
-0.2951448195128458 -0.313635822986995 0.71875
-0.2557202648235242 0.5291255088006878 0.758629
-0.8108413990298904 0.4681395000000001 0.006714
0.6751905004884595 -0.06393374836612932 0.43985
0.5360717044397314 0.9335074285896611 -0.344574
-0.8164599808123955 -0.5931061691137793 -0.306152
-0.9358665986647918 -0.7018404979940908 -0.343597
0.2425845416002317 -0.03973124881759285 0.815323
-0.8741118119284783 -1.030934069756215 -0.468227
0.07828123964490112 0.3617230843444438 0.762726
-0.9179513839031762 -0.9462624357984646 -0.520884
-0.4830573154415311 0.5246481866874422 0.771271
-0.4718653369460187 0.6005212620788878 0.732437
-0.4452798883860969 -0.8354593902733185 -0.257074
-0.7369575958103085 -0.5061839989672628 0.569221
0.07832301344373689 -0.3832745613135475 0.267078
0.4106664042954672 -0.603492922798629 0.556541
-0.2877351666882592 -0.7093099278283647 -0.165497
-0.02571432471364547 0.228075483113642 0.761955
-0.4888757411172125 -0.6205616222029012 -0.269318
0.7339981514227073 -0.4513679090742369 0.660884
0.1615034842391245 0.546760240301563 0.669991
-0.1365117901981308 0.5595146435446543 0.7186360000000001
-0.360239916307006 -0.4371858379580945 -0.510213
-0.2907524891440754 -0.1364760836246569 0.806857
-0.6432995084749629 -0.8992614331627211 -0.486023
-0.3814661644968593 -0.6748507782769871 -0.221294
0.3064116748507829 0.9942065888738306 -0.371452
0.6050878712276 -0.6806150639901025 0.424072
-0.4164306429090964 -0.5804410313471271 0.471397
-0.2449431788055735 0.3218399693413186 0.671875
0.2452273589219332 0.6999082450587172 0.5473479999999999
-0.6543684859548395 -0.5934834645457032 -0.211884
0.4619426366281396 0.8495001168222654 -0.344055
-0.1100599408092597 0.8703785906403387 0.197056
0.05019573006581549 0.378231554797005 0.803022
0.3142514410477071 0.7012014622463643 -0.039469
-0.8856252741511325 -0.3865479712968772 -0.08609
-0.6221701956786457 -0.6791323898704845 -0.325989
0.780452363876212 -0.1308208528791679 0.408371
0.2937299020566473 0.726041114064343 -0.253479
0.2424159331046212 -0.2953792872985779 -0.174477
-0.6343983768820268 -0.6391242209988993 -0.268616
-0.5202126042428077 -0.07216266128626365 0.758858
0.2457497464781407 -0.4416589531526895 0.447418
-0.2182069964105362 -0.07748560435004834 0.762493
0.928060135647592 -0.1725746925791065 0.464617
-0.2817184063364644 0.1233234067979096 0.790799
-0.2303454818783127 0.8616199220928263 0.146179
-0.2837093541567052 -0.6507330159819656 -0.151048
-0.3108671277942028 0.9132983402574335 -0.035526
0.8005962703889524 -0.3436505833361836 0.6918299999999999
-0.6371103750536034 -0.2879555396221037 0.702606
-0.2261964934222404 0.2797241808987603 0.778564
-0.4559155118554129 -0.6086048304923457 -0.189526
-0.5351590117783037 -0.3939485985283732 0.667183
-0.4324305054655631 -0.8058756062090462 -0.243713
-0.8877607583627314 -0.3111867384501276 -0.33139
-0.03472588664094842 0.020049 0.742762
-0.2282423366442596 0.3117046764939026 0.776787
0.1134415388238114 0.5399925089316384 0.676109
0.3035473987701522 1.163871517175274 -0.454926
-0.3543951204817184 0.82929964537117 -0.406796
0.265604234394518 0.7553980286767381 -0.062308
0.2310911742104556 0.04234565491325965 0.728558
-0.7568244789839719 -0.1339484500120832 0.649857
0.4187033018616313 0.7138893921211937 -0.291072
-0.4020115670225141 0.1869515406866247 0.764481
0.3239876784464127 1.184657120095475 -0.462036
0.6170055355137932 -0.3882250639388669 0.733582
-0.2990497677959281 -0.1167853918142225 0.800529
-0.487342247149298 -0.0959335327373728 0.767517
0.2710954261093453 0.8085470517209203 -0.29541
0.4997160824761626 -0.2603203557920067 0.742065
-0.5028910434471532 -0.3456428379217968 0.672363
-0.5097467916635781 -0.6018733421565444 -0.129658
-0.2110083224045807 -0.3057691352246079 0.707855
0.1357527197773671 -0.1169253920799397 0.815252
0.1368387169727231 1.169079610239294 -0.388885
0.3566696964188382 0.2255120357175949 -0.309349
0.2810819214973816 1.111204169122552 -0.427195
-0.1932063216643881 -0.2686951654662156 0.719482
-0.7992736528113009 -0.9541465758203399 -0.435242
0.01125262097424908 -0.3170718887542853 0.491053
-0.5292440250078148 -0.04129554091578855 0.760437
0.3932346606983816 0.1282164116267052 0.129658
-0.2560774828540908 0.5007967890223667 0.649414
0.1166648426260633 -0.205950565114631 0.760529
0.6005605366496999 -0.666524637501889 0.6213070000000001
0.8022178737917023 -0.3607918838528945 0.688568
-0.3369869029543623 -0.4626764374022381 0.635956
-0.3175104199279979 0.8654298207521777 0.1073
0.1351878777152203 -0.06719772722983008 0.758748
0.04583898084087479 -0.09292855621642851 0.755893
-0.7459504537830353 -0.5241240858812766 -0.049082
0.2498882791982253 0.765431195787283 -0.192627
-0.7075672258078006 -0.8756883848696709 -0.414734
0.320139526555583 0.1028679255053155 0.459666
0.271025429017926 1.0491058132022 -0.391853
-0.5466769001624927 0.127153833594304 0.6228089999999999
0.1044451211080616 0.3642542563618473 0.731995
0.8175756952214587 -0.4075213568429862 0.663013
0.6758869427180968 -0.2309094750398611 0.367844
-0.5452429573141436 -0.8331205045372051 -0.366638
-0.9062847049281909 -0.3413371550581945 -0.208313
-0.7591112241262198 -0.02130120878241785 0.734665
-0.3303279154277889 -0.3023087326792455 0.748108
-0.8627559348708737 -0.2805911137279383 -0.395935
-0.0463124379187345 -0.3134154954976275 0.642537
-0.1119023910438982 0.4382933732235276 0.816376
-0.6058774733608864 -0.160144567022514 0.733093
0.1039447147350439 -0.1388704729006507 0.809713
0.09355283245909554 -0.08851174098886769 0.750824
0.2487958598507339 0.7949790699742566 -0.23843
-0.7000466638095545 -0.177882389387237 0.4643
0.2039040988607754 0.80831225909841 0.476074
0.19705846661518 0.01123727623910709 0.75592
-0.1031890206067727 -0.460528626474202 -0.288727
-0.3081970435543939 -0.4848789381787283 -0.446438
0.03068289590403514 0.2942183346291358 0.7622989999999999
-0.5380128554420606 -0.03204360075085858 0.75926
-0.5728662405637203 -0.2371834345973382 0.7243579999999999
0.2752789990718976 -0.4388987873507674 0.411079
0.07538035504660213 0.6162346048332957 0.6216660000000001
0.3035200150498608 0.07435808718042906 0.543396
0.6859381739781744 -0.528198231818782 0.403267
0.3972184943147434 0.1212906138591447 -0.142853
0.3329551963711626 0.7838793167589261 -0.322769
-0.5807552293600129 -0.6697775640128586 -0.321808
0.8511211460138477 -0.1373869317077669 0.432922
-0.2109618348991112 0.4860433834967823 0.718094
-0.5794050424528772 -0.5832709716899853 0.184982
0.1592996775954194 0.335623135224608 0.707855
0.2663642083364222 0.7423903421565444 -0.129658
0.0003157524229485675 0.2749608992391598 0.753418
0.7151305498367473 -0.6541335536380867 0.487053
0.07657249527202353 0.3035254522734723 0.752094
-0.4094541618741458 0.02832258826344798 0.776085
0.08557866069838153 -0.4046594116267053 0.129658
-0.2364171185368396 -0.4522724610848398 0.616333
-0.08798476297660272 0.7541619202326189 0.7182770000000001
0.1133269078045176 -0.1216020378179016 0.808666
0.4658336948895678 -0.43051837257373 0.724915
-0.1977336849244939 0.6330332113429602 0.751961
0.2206693092279574 -0.37761554474605 0.666512
0.4022639164035671 0.7431595412626175 -0.305878
0.06552182124992038 -0.4044868765906918 -0.235367
-0.01645788908547788 0.268858099918619 0.753418
-0.3870266323357348 -0.6997677910877722 -0.236847
0.5032213813770238 -0.290535 0.326263
-0.5280013373154169 -0.3266351426946148 0.674316
0.5194654162937202 0.6912444937956409 -0.202484
0.1121572383381862 0.9930140352383502 -0.336639
-0.5617206204606146 -0.172696654296898 0.74868
-0.4465620036290658 -0.009674079015299222 0.772339
-0.6659799458904868 0.1780928968957052 0.745796
-0.2537768801941396 0.7001335497174302 0.587815
0.2490404904856915 1.129318782663091 -0.409676
-0.7195783664351021 -0.1852102906930119 0.53743
-0.6346360383445666 -0.3578878627270193 0.679291
0.2199856451685777 0.02146031436779552 0.751031
0.7947875286077027 -0.0844776192293564 0.507393
-0.4047456983995722 -0.763204113773008 -0.360336
0.1519551878527822 0.5390701058346917 0.679276
0.1906774627657224 1.080957053368554 -0.328472
0.7487833677914006 -0.3309991631227611 0.689041
-0.533178782439395 -0.08374074070274469 0.7581329999999999
-0.07249332345912 -0.2098441194407206 0.7464190000000001
-0.2470147768004175 -0.07554814363860911 0.766754
0.1979418088023674 0.8439672697877846 -0.206688
0.3196597147775075 0.07840086712761883 -0.429899
-0.4086570761342443 -0.3499048187370538 0.699112
0.7671865290406684 -0.1016139528191466 0.434143
0.005667112250414867 -0.4435222736500853 -0.037891
-0.9757588568631363 -0.8562619160222795 -0.404587
-0.7248393036606214 -0.6486465012630419 -0.269104
-0.9399295939605253 -0.01533581227721472 -0.334442
0.470910667011378 0.8023352010898556 -0.302612
0.3617114735355103 0.624964649844109 -0.132798
0.09566312801841029 -0.3924926018611475 0.197959
0.609734687330818 -0.7259525424058997 0.525829
0.1978547266471601 0.01072443907053301 0.775116
-0.7064653951201695 -0.1827559581373554 0.501821
-0.5160288227170197 -0.3665661391158309 0.679169
-0.2245745047279765 -0.2180764522734723 0.752094
0.7955052900987082 -0.5591864198592184 0.5333329999999999
-0.06909467235902023 0.5564725169418518 0.743866
0.03845310775020584 0.758802736332277 0.663368
-0.3347603916301283 -0.3795660066650373 0.66095
0.2166405253921507 -0.1726696030423795 0.798967
-0.3657893059352964 -0.4350176627452891 0.654755
0.6613754577786373 -0.4641281042482754 0.648359
0.3441835710053416 1.108271432111742 -0.420838
0.5577654269572212 -0.1684739418047454 0.728561
0.3017528367541065 0.07053324458614957 0.573456
-0.3765629311371732 0.4957238710233557 0.81134
0.0642529892159724 0.5391614418602393 0.717773
-0.8368462792987887 -0.1401042738704772 -0.4692
-0.5618702365574384 -0.8166317969782271 -0.363403
-0.5649222156009753 -0.7209059797452684 -0.334198
-0.2355088033640743 -0.06880121305632475 0.76712
0.128014935894583 -0.1457676269029094 0.818621
-0.0909719434106135 0.6383299719495366 0.6353760000000001
0.2446168796399491 -0.4180471360746473 0.410233
0.2836248119144941 0.8132585845230702 -0.3144
0.4423022213239259 -0.5942840803663858 0.623932
-0.02729712445386607 0.2437359935453731 0.768204
0.4510198927012578 -0.3016966306171581 0.316528
-0.4662190324911075 0.3992729482697965 -0.697021
-0.3590119381559722 -0.6408669174099193 -0.175472
-0.4819050979433528 -0.617398114064343 -0.253479
0.7552505667522831 -0.3934056459398559 0.6523949999999999
0.484272704969258 1.107644929725568 -0.451172
-0.07268461547950834 0.08946655306088425 0.745741
-0.9363126619377136 -0.08496710224618167 -0.340996
0.1331078559258193 0.7992895693500768 0.597511
0.3165415219108816 0.4789919986548239 0.439667
0.06869876026495958 0.6486537431959039 0.673431
-0.4437851514839244 0.4023075699851921 0.504364
-0.3332917550100626 -0.7924422534212272 -0.288803
-0.2634168106367011 -0.04334929959051623 0.736847
0.7742252492279894 -0.3731745318344458 0.692627
0.7753347109469905 -0.4291748877680832 0.686218
0.2086269002671274 -0.0146756089117303 0.814879
-0.5468540811720537 -0.1723990529163919 0.743958
-0.344076719211543 0.004047640623997267 0.774826
0.1167095489907791 0.3881828685804784 0.72522
0.07744638986908797 -0.01070891788395208 0.750359
-0.2323470687038391 0.6665930720152539 0.763077
-0.2629541830370167 -0.3070440050828791 0.728302
-0.3972301921873949 0.3019231248310823 0.587744
-0.08934483489389909 0.2536062065699141 0.770798
-0.7658929762535751 -0.8777935480313356 -0.42394
-0.6008259167302459 -0.9439250142809332 -0.42532
0.1986957494239729 0.004247133250295557 0.801014
0.2538543397080125 0.9797886140961269 -0.354752
-0.7319882295467131 -0.4091068041172971 0.431412
0.1179279307002051 0.9007911676042165 -0.232784
0.7623968908647606 -0.5830538494896903 0.596733
-0.1298912884610562 0.2505776889248655 0.770142
0.1981632987644426 0.008572901655465393 0.793304
-0.7540251032449717 -0.5011497890026592 0.073255
-0.8156040622572861 -0.4135836746891892 0.134125
0.1441893853252057 -0.02528065870461741 0.77182
-0.229100745438795 -0.01250613115189667 0.759598
0.2078178937036076 -0.3632248493834034 0.315624
-0.006608578219357198 0.3234816067582802 0.805401
0.2349394795481439 0.002141115281174338 0.779205
-0.1014489246970416 -0.08669669194850507 0.756848
0.1381105435916454 0.477006478561686 -0.579264
-0.354008102499567 -0.2451440198203009 0.8035099999999999
-0.7281450232467744 -0.4412081755418345 0.279175
0.2842253099266403 0.1976966775899516 0.489282
0.00434254417145372 -0.31181449286093 0.575058
-0.08323208344577469 0.5249858026521056 0.784353
-0.4487970136544029 -0.0007892299346089883 0.774231
0.675546911776154 -0.2545704259074514 0.725449
0.3574149347570243 1.025554826383081 -0.388611
-0.7262176022568616 -0.4176357844597308 0.339478
-0.8376942414270454 -0.978760987359512 -0.413696
-0.5939900566607722 -0.3608369573271736 0.670326
0.3728167012858393 0.1594094685373027 0.209256
0.4049378483713277 -0.02028107271323841 -0.060336
-0.2462201849264018 -0.05621187014153247 0.768402
-0.2185389302527439 0.4094134693704963 0.771477
0.2778209054766991 -0.3318660763095664 0.186297
0.08838757050047885 -0.1604442371355945 0.798575
-0.5626438003809905 0.1787163511764831 0.773888
-0.2652099002600076 0.07885097807939251 0.777134
-0.4727583278753558 -0.3729334435814219 0.67849
0.08092954621696487 0.9080740858812766 -0.049082
0.03881380402480739 0.7334254806059876 0.662292
0.279236029909717 1.151904991107452 -0.443726
-0.3545958336303459 0.204726 0.783107
-0.5145245581952548 -0.6252226765361105 -0.283455
-0.4534284615073814 -0.6824231329285734 -0.274431
0.6622037428469115 -0.6912474724268737 0.58279
0.2887944593817125 1.135908676593512 -0.44104
-0.9011492839295061 -0.6742023449702162 -0.397373
-0.8756314197811554 -0.6890621077646326 -0.427643
0.1863711130978483 0.3521622369486386 -0.5901999999999999
-0.5751979406977609 -0.2045240576975118 0.732758
0.7211932504037535 -0.6496606482249551 0.566071
0.8192666538983223 -0.09366853050115906 0.544651
-0.4340368886100487 -0.5800979434317175 0.30014
0.0780913663893341 0.2788282142188032 0.723915
0.3793371417546919 1.187365202717083 -0.468567
0.136262226825344 0.8728611000139704 -0.350391
-0.1951436058287814 -0.5222366400676434 0.19572
-0.5466328637426551 -0.07371789308915373 0.755264
0.04576750354865233 0.01191564148185471 0.750746
-0.05877809474439097 0.2289113535306176 0.763634
-0.2075179183539136 0.3937124219300916 0.769073
0.840334771039704 -0.3395874811924732 0.6650700000000001
0.1240441804871543 0.412420822986995 0.71875
-0.2323575219692371 0.02299096642847968 0.762405
-0.782823898859082 0.1938672337969099 0.311371
-0.8613574818783128 -0.2313249220928261 0.146179
-0.4160319029977799 -0.7458603935617214 -0.281047
0.7628538032805435 -0.3587064539709451 0.680214
-0.4853053889305615 -0.6661955908147069 -0.313904
0.2972989928070884 0.719094960580931 0.096926
-0.5887301528378727 -0.6329305366629857 -0.269089
-0.01695641288574448 0.5591166313677748 0.737549
0.2960784570413064 -0.1951850693778581 0.74707
0.1089029489701314 -0.09566055928965157 0.764103
-0.9124206606414226 0.2699670578934955 -0.17617
0.2952341551329534 0.716752556819947 -0.235311
0.3745667191372955 0.6047485883701774 -0.050249
0.04898114776827937 0.5145558365476987 -0.620608
0.01182824924534643 0.6680091286575283 0.680466
-0.1874099891220175 -0.2977476230052648 0.641357
0.1607996361005208 0.6693131395646884 0.631439
-0.6064390292684358 -0.59460321038568 -0.201538
0.3624496234436982 0.6416811629886928 -0.181945
-0.1663394848241448 0.4450755609797488 0.771889
0.3156346374364136 0.1867932286684498 0.415799
-0.0271844891440753 0.3200370836246569 0.806857
-0.3141532036276418 0.2521006899563931 0.809203
0.2539071766089615 -0.06003586970691473 0.8077490000000001
0.4318978506972383 -0.08367297891258609 0.725777
-0.713297817825099 -0.2346860614010806 0.439969
-0.9158206763766803 0.2719300578934956 -0.08434700000000001
-0.3613582739274363 -0.8438168901777113 -0.285645
-0.2476604063364644 0.1823135932020904 0.790799
-0.898556479190124 0.2619025245724988 -0.269276
-0.2162230941361031 0.04780061518652121 0.763126
-0.1080522741511323 0.9602479712968773 -0.08609
0.04540163069522107 0.6616459311106014 0.5683589999999999
-0.1683739240842399 0.2726998088163514 0.717834
0.2997251260830017 0.2580691466807466 0.509312
-0.4022611437472464 0.8582872611190016 0.0728
0.3542804212281045 0.7223376896939803 -0.263449
-0.6780354020884312 -0.9920497657475553 -0.400528
0.291638592837462 1.120250860242377 -0.431129
0.2841671318946953 0.02612791028273863 0.703346
0.2217784774001615 -0.07118640911765427 0.819381
0.1985640039799659 0.8314109434476094 -0.178223
-0.7061909569499575 0.1611193827169878 0.712067
-0.6063277678753877 0.3500635000000001 -0.643387
0.08173061388241222 0.626065575778132 0.676964
0.5799689692366838 -0.005962278468712446 0.600891
0.1677337190300547 -0.2299526764974626 0.747433
-0.8667276958971297 -0.1804764056209358 0.166016
0.7684515969336274 -0.5376167909535172 0.452171
0.9432439337453912 -0.2163515828218507 0.555374
0.3183940833494696 0.778578729190601 -0.321067
-0.6182111488313351 -0.1530491195813972 0.624237
0.7368990462420714 -0.4738054118596848 0.689621
-0.4296799891184576 -0.6362815721488106 -0.229025
0.01393228898276473 0.4770574323838805 0.795868
-0.7593555555274717 -0.6755324031832706 -0.307281
0.08937820135843451 -0.3633324141580698 0.349723
-0.4113222665051051 -0.684049063871228 -0.249664
0.3750276056479914 0.08652886722322589 0.310555
0.01607523088667706 0.7583731166391251 0.673624
0.5957021604184246 -0.2800195919767428 0.736046
0.6793329684343201 -0.6944547834151731 0.557526
-0.6646882890489385 -0.5834018878287889 -0.197815
0.3220865333909861 0.7474962402669174 -0.313108
0.1403514295880083 0.3250058069613562 0.689774
0.06765831994059936 0.3933716476918685 0.787137
0.1946178766609367 1.021186050437915 -0.306702
0.3023179797846834 0.7314901010286522 -0.295408
0.3323449771674378 0.7182023860943205 -0.26364
0.1425756965445769 -0.09020964966027044 0.779236
0.7695239686857976 -0.4280393885941568 0.687286
-0.6453502373213409 -0.103023399717195 0.7626500000000001
0.2237785101060063 0.8078397491456681 -0.019297
0.3103483196350246 0.3139790576514883 0.500505
-0.6548072463099385 -0.3681074197730815 0.684937
0.2843485422474232 -0.1132498777693176 0.762311
-0.02992279390525955 0.853384200651678 0.638916
0.03491455147065228 -0.2891962229293515 0.580162
-0.55766702785448 -0.6062876259498875 0.059174
0.5781870005613104 0.8656772612480444 -0.392254
-0.3533376191529455 -0.08175070859832362 0.807831
0.3457017621887346 0.2854190163769815 0.245576
-0.2460006105645759 0.2252004438091894 0.790507
-0.2780794359406066 -0.0388837115892255 0.772057
-0.3174145919288113 -0.1304762002844433 0.820384
0.8919738712276001 -0.1837139360098977 0.424072
0.6988598408505275 -0.5959512482773865 0.649414
0.3965685456544449 0.1584788697571964 -0.042689
-0.08678645704486629 0.4765994469893975 0.808271
-0.2832566862596885 0.4087990278146224 0.63916
-0.43989988095995 0.6306950559338657 0.3489
-0.2510204949052315 0.4457897490830544 0.766262
-0.7964214523399018 -0.8857884196905046 -0.439431
0.7050524638346884 -0.6454513106367012 0.460632
-0.6898917710283259 0.01662640085526524 0.594639
0.6452919486289573 -0.47725155925952 0.681339
-0.1942148853437037 0.3599899509985411 0.769012
-0.8607014167584698 -0.913324583972184 -0.4328
-0.008693959256671933 0.2311456208485104 0.761213
-0.1121467786739107 0.1800840814316049 0.757599
-0.39002973859462 -0.01198132370868959 0.768919
-0.445042589306098 0.4001156237898288 0.746075
0.2686727788051172 0.8324809035011774 -0.305817
-0.08246383778016624 0.8140164431776341 0.301208
0.495088755757375 1.241102879227832 -0.488079
-0.76614788095995 0.06561694406613458 0.3489
-0.1058706191529455 0.3468747085983237 0.807831
-0.6662466799229823 -0.5794191000006845 -0.372986
-0.2977176077872017 -0.365150022995297 0.66748
-0.5976231242989497 -0.8670836150638311 -0.399902
-0.1440961862596885 0.6498320842213111 0.589355
0.1485819825416518 -0.2194704571485472 0.769028
-0.5061288202741423 -0.04241283188971135 0.76535
-0.05058574316342177 -0.1218510772976765 0.76473
0.194681474767024 0.01639820558892384 0.756836
0.695415123504404 -0.4887576737385863 0.696785
-0.2055435963690128 0.3284820479184401 0.775932
-0.03612866618244245 0.854781314562314 0.551346
-0.7711185458091057 0.4452055000000001 -0.383728
-0.007464166305575112 0.6277876847226 0.651382
0.2563582375315643 1.12789749234348 -0.421282
0.3533834614594499 -0.02085589019767454 0.711853
0.2814622949856725 0.5965469953301235 0.564034
0.7699592047943783 -0.4146975375408064 0.685654
-0.6984574414849309 -0.6516197755764663 -0.277306
0.7578951514227072 -0.4099770909257634 0.660884
-0.6802290192350249 -0.27035522209781 -0.55069
0.1002993996847131 0.5763656562225808 0.681179
-0.05987190642329947 0.2150248161288359 0.759094
-0.8258860877744774 -0.7653966652896839 -0.413452
-0.9789360339368472 0.007009051861410082 -0.037689
0.3870181517933149 1.209641102357425 -0.417603
0.6664200518962425 -0.4563446109330201 0.648825
0.723481997975593 -0.4770264211448294 0.68927
-0.5800372678118201 -0.403656018133508 0.657822
0.3386889028571032 1.059244387708262 -0.394441
-0.4336508755235647 0.876488650846459 -0.202942
-0.341120555085734 -0.2824521329145891 0.778379
-0.9122613447047547 -0.2060589988097404 -0.351257
0.214561729929397 0.3645518175975873 -0.556478
0.1775735176106588 0.8829443545803874 -0.216812
0.35830122408827 -0.1328420754649949 0.7442530000000001
0.5048375478866564 0.9106282825081745 -0.388245
0.7117519020207923 -0.4902615433162024 0.6952970000000001
0.3166191522791683 0.07585045839690666 0.513652
-0.5392572690656473 -0.8029329883725416 -0.348976
-0.5540921066750052 -0.194579680833983 0.712646
0.2960338928194341 1.279023743125659 -0.410851
-0.007623847729603814 -0.1237608916168424 0.767517
-0.01429969682167208 0.4613661985720326 0.807027
0.657670143185936 -0.2801338973808604 0.730901
0.1092243168576504 0.4663960662194522 0.726967
-0.5398008561336235 -0.3381905087926139 0.681084
0.1359897349804922 -0.1666808697059609 0.819855
-0.05817080336407427 0.2383572130563248 0.76712
-0.5072509222292447 0.08506963051277897 0.804874
0.2509610332536136 0.02330126031524131 0.732452
0.1879977961666487 -0.1930542653283869 0.800791
0.09262115227916821 -0.3121254583969067 0.513652
-0.5115662318531718 -0.03596070500625379 0.765305
-0.1014364060221176 0.5733309910325066 0.728027
-0.5338818072711892 0.02453958456960514 0.774139
0.04083575269743778 0.4177095984372799 0.803835
-0.2811466379533525 0.457619738687621 0.632324
-0.2613696169864652 -0.2932814561753752 0.724884
-0.6641826058038618 -0.7670060187557799 -0.364868
0.3177044814225909 0.4260923036162499 0.4056
-0.7499177555898709 -0.9569316541796757 -0.464695
-0.2832805324408258 -0.1048522749826738 0.780968
0.1008198746322713 -0.1256948547241815 0.803819
-0.374194721486218 -0.4563822695382148 0.642464
0.1010453672896552 -0.2412442899848589 0.714371
-0.5951371844153732 0.02465815911908512 0.558414
-0.5214263828956143 -0.3428349875820673 0.676697
0.3151283542520565 -0.4937316795298742 0.444855
-0.8597328892005369 -1.003567045033314 -0.423889
0.5307807880598745 0.01348529260115056 0.48632
-0.7967597612093966 -0.669330387841121 -0.291376
-0.02185392171942556 0.1789438972373219 0.648926
-0.09787773297058049 0.5090287935652951 0.793917
-0.8426056078818549 -0.9368457235938314 -0.424965
-0.5979977395535523 -0.5856284677180932 0.127434
-0.8386198582453083 -0.9221982027170833 -0.468567
-0.4256346260969859 0.3289272021394386 0.559875
0.3846312342191958 0.9006368398455719 -0.355591
-0.5281236488313351 0.002987007545463961 0.656738
-0.4887037901981309 -0.05049979447464374 0.742264
-0.5166199505001002 -0.6288280024698917 -0.295674
-0.1562228230135667 0.5243361332386619 0.749146
-0.4589240503373518 -0.4734837719995901 0.632599
-0.2008919002600076 0.1902530219206076 0.777134
0.1234298324590955 -0.03676325901113234 0.750824
-0.2905402711576245 0.5721334887101559 0.779091
0.2544507225932026 1.306687579554041 -0.448822
-0.7311846822161552 -0.6788030193144843 -0.323025
0.02789837306626079 0.8750433995992746 0.495361
0.6618072153917057 -0.5072802781258863 0.706741
-0.1415803694499695 0.4014076067582802 0.805401
0.2863726929826387 0.2044820541462535 0.501
-0.3331085551369696 0.2497770580669099 0.801711
0.3605116160968239 1.268100435798465 -0.520884
-0.2288590250078147 0.4789865409157886 0.760437
0.6819545300375504 -0.5758841055232067 0.6695179999999999
0.099142964006962 0.5437906508730306 0.6816410000000001
-0.1009899339546605 0.2791823033375026 0.758423
0.5067856755366225 -0.1714774614224541 0.326508
-0.2799888018969751 -0.155090830435898 0.798264
-0.6950232763496522 -0.415401627080582 0.673187
0.1697051940559317 0.8544800184132094 -0.001052
0.1641520108779826 0.3111756230052648 0.641357
-0.4731088448670468 -0.6140565568199469 -0.235311
-0.62868641473006 -0.6564828123407824 -0.306946
0.1188648592025884 0.413155975373404 0.714844
-0.7438606269337394 -0.4616823995992745 0.495361
-0.2073413557784652 0.7432122372814833 0.603918
-0.4946740963981905 0.005779331850109474 0.769463
0.02494695051364163 0.9283913857835336 -0.016345
0.08333926105543386 -0.1407321655867423 0.763512
-0.1644225923280854 0.3094797161755715 0.772568
-0.8904149721096651 0.0384740284860353 -0.412376
-0.1525323229665893 0.7580922668253622 0.705696
-0.2482380449460361 0.5043050937818988 -0.689316
-0.3467679949859006 -0.1530497857543695 0.8227950000000001
0.4390480064280553 1.111863454095219 -0.453011
0.092805349314368 -0.1476604197733372 0.803819
-0.4387410383471725 0.202954230217172 0.594865
0.2884661982923313 0.08534611170855633 0.523665
-0.06182266842012164 -0.4406980027631345 -0.299255
-0.1391177100070674 -0.09294894196487392 0.754539
-0.6582562406379677 0.170902746815755 0.773819
0.1914897100028093 0.9293759068514956 -0.248131
-0.6113157468978205 -0.2004619330939413 0.721741
-0.8493326827881454 -0.990939359117848 -0.416794
-0.9748349963827551 0.0875222572688457 -0.09438299999999999
0.90725184996747 -0.1527437005954859 0.462102
0.2765236313929501 1.224558979066037 -0.405121
0.2370292805597358 -0.2667192431890396 0.7354349999999999
-0.7433779935719449 -0.9361584540952185 -0.453011
-0.6284445807744318 0.03549005635736092 0.587711
-0.9621428175480039 -0.8146742441306148 -0.388901
-0.208203800533301 0.6940684391473866 0.424713
-0.6411220093408942 -0.9568298940290768 -0.446014
0.7696956259366016 -0.2963640695142767 0.7051539999999999
-0.415855375257405 -0.6143726385464467 -0.162009
-0.08607080078052022 0.04969300000000001 0.744588
-0.091843149823005 0.6422069981793946 0.70916
-0.8026814475516619 -0.8184370494524112 -0.418716
0.7267176177714718 -0.4018101632643917 0.64447
-0.426415410544896 -0.7626211561941013 -0.278687
-0.48159449027121 -0.579202125794971 0.518311
-0.5836659999086512 -0.3346691664922754 0.571167
0.305720422272918 0.8415813042881054 -0.327019
-0.02591785325778041 0.8895569613344095 0.184349
-0.4970874917409153 -0.3752467915022399 0.6784210000000001
-0.9255168658676258 -0.8181302349446373 -0.394333
0.9112566298119327 -0.2616832184317485 0.607727
0.2065683476401628 0.3973368733483124 0.5979
0.4210962822507869 -0.1930418442632728 0.7457279999999999
0.7147856149824638 -0.4676049983310069 0.663087
-0.1211755442466551 0.3628078007299829 0.807582
0.7441182047943783 -0.4594554624591938 0.685654
-0.649555805028298 0.6320783433396843 -0.361626
-0.05954853599303801 0.2689289101437141 0.750488
0.3321553941961383 0.95870201875578 -0.364868
-0.08453006484891377 0.5282016329145892 0.778379
0.377245023746425 1.102179548031336 -0.42394
-0.6088234945192434 -0.3706372253489614 0.668034
0.2038115177292776 0.8213099038748336 -0.138187
0.2769395507862092 -0.01086662741298415 0.740509
-0.317830723766105 -0.3239369617692828 0.708496
0.7139352172201292 -0.06112593046201344 0.475037
-0.8410682612962317 -1.038622961198689 -0.503966
-0.06002269278239687 0.8161196464937908 0.675266
-0.2112961663214671 0.4745543044866951 0.76239
-0.7213892867635836 -0.03007689671040124 0.777313
0.1128025480541604 0.9571517444530354 -0.323669
-0.1520156265007737 0.5940932113562462 0.732788
0.02632816389117732 -0.2534002824704805 0.666538
-0.5489373474956706 -0.2271553760345934 0.707214
-0.1784479921632011 0.3892530110646829 0.765381
0.7388314699714087 -0.4109183557787209 0.645477
0.2150905585150693 0.9306917755764663 -0.277306
-0.5753774590298585 -0.0783709925695949 0.750092
0.1481024193296917 -0.180369084997103 -0.5364989999999999
0.3199489493065362 0.06736583602719969 0.568802
0.08425126415357655 0.486809470115901 0.740295
0.2851770692839032 -0.002778826846689855 0.730331
0.08092206875819216 0.5901131345427708 0.6765139999999999
0.3099997283854443 1.316631279896141 -0.471263
-0.2916146572861478 -0.3179314026513936 0.721745
0.5852132310375223 -0.7188029505814674 0.528351
-0.3438755222605722 -0.3455478760345934 0.707214
-0.5666137162206411 -0.231891744759564 0.685059
0.7816281094673174 -0.4145364017785982 0.687103
-0.5155421367405925 -0.9757091742773275 -0.420372
-0.3364442808627046 -0.6267585883701775 -0.050249
-0.483928530061516 0.6538771987013313 -0.5107120000000001
-0.5919991979903165 -0.1924266889592554 -0.628708
-0.2817276387557162 -0.4039825842213111 0.589355
0.4641758576522141 0.8090421691004934 -0.313599
-0.5959080933330414 -0.5760430942943239 0.448769
0.1519549219372114 -0.04903835474458727 0.801014
-0.04631928863447057 0.9396706387146492 -0.21051
0.6324623264080008 -0.4706411167881313 0.685164
-0.3618079197652634 0.001092300385760033 0.736309
-0.2245167739459342 -0.1854444596258144 0.759613
0.3514885879417256 -0.4601739074042897 0.387894
0.1656829861372816 -0.02984265006049837 0.8093669999999999
-0.2463764587307053 0.002233455689521709 0.762886
0.412721255178265 0.8287601833323543 -0.408089
0.1504287891357734 -0.01477369429577536 0.762971
0.2358208268042263 0.8451756535078203 -0.25457
-0.3142155692421378 0.6229306695434407 0.785721
0.3236879118074953 0.6926079090464555 -0.005561
-0.7099892830379571 -0.5409395110511414 0.033193
0.6779945434673033 -0.2965990034601652 0.729586
0.7965917559791633 -0.2072686057535801 0.676132
0.2658189564456062 0.5093459381787283 -0.446438
-0.3364294766907989 0.581105053207727 0.445511
-0.2520588927926066 -0.02996280881635139 0.717834
0.6990170977075116 -0.4460048714112517 0.382568
-0.2759884246403382 -0.22100597377796 0.779205
0.1149857062989847 -0.1422289145459657 0.814752
0.01433036726308347 -0.4348950758092176 0.052965
0.02909563355587035 0.3440871155971733 0.805555
-0.4997010648489139 -0.1908956329145891 0.778379
-0.02199723566493527 0.2232516702022659 0.715485
-0.2156141627115975 0.95144331535209 -0.155849
-0.7976703797948657 -0.4168836254974699 -0.358917
-0.186817227636224 -0.3295889299951005 0.693733
-0.4962670834457748 -0.1904118026521056 0.784353
0.207640552396847 0.3204059864630064 -0.580037
-0.08339823028951154 0.9295860278772361 -0.308899
0.2679638483881734 -0.154709 -0.388672
-0.7149170499069922 -0.664664653636165 -0.299133
-0.3592671663055751 0.01844701446744638 0.717094
0.2066157211374813 0.6495469266526003 -0.463161
0.1517342700255335 0.6477914649335992 0.642303
0.4537682444101293 1.127913654179676 -0.464695
-0.1453864829143541 0.4434272248585941 0.7997339999999999
-0.6216148483029905 0.3588895 0.398201
-0.5278153897281557 -0.08726107202593363 0.757069
0.7479471701054493 -0.4318275000000001 0.660599
-0.318029610564576 0.1004425561908107 0.790507
0.468424681604563 1.180445348058377 -0.413071
-0.9112028548373328 -0.6679256405800683 -0.33886
-0.3026457865266015 -0.6483898789607181 -0.311829
0.258733469806068 -0.2333184846773022 -0.288818
-0.5467581380665035 0.7910011254170567 -0.254387
0.1499989863508092 0.593271865443432 -0.526029
-0.4822481018258037 -0.5696622142159414 -0.410304
0.8750029456442214 -0.3693384413717798 0.615417
-0.1930514134152712 -0.009744856508233587 0.753624
0.07675026873445463 -0.2387206350573595 0.697446
0.3921540916270523 0.9707128110940753 -0.384743
0.1011364845214318 -0.1498584703099768 0.8093669999999999
-0.04963067880557342 0.6601311426946149 0.602905
0.4638883352632972 1.225048165714576 -0.518351
0.514431640579626 0.7791817385049233 -0.233154
-0.1846387385946199 0.3437663237086896 0.768919
-0.8091398810717046 -0.8690253844464311 -0.43829
0.3859542427311544 -0.1547496421928695 0.028931
-0.2878335408237415 -0.04830831682917078 0.764828
-0.5126112602504642 0.0362652527142836 0.7772829999999999
0.1110343812771585 -0.154660810240987 0.814073
0.6953849160711648 -0.421777994547723 0.647827
-0.5190242472209393 0.1836356334531434 0.744476
0.2963021002365258 0.2828322919990288 -0.454783
0.1326355262350702 -0.2191965296722236 0.751259
-0.03203489580200639 0.6229799328557499 0.693665
-0.8961945958631962 0.2605354264962874 0.08866300000000001
-0.1437391897855847 -0.449265579747418 -0.367421
0.02223120948656847 0.3940835843444438 0.812735
0.7135638737917023 -0.5143451161471058 0.688568
0.6309398657905165 -0.0440020959301368 0.632162
0.4514723679582064 0.7063970795170447 -0.198723
0.1155213330932569 0.9113928182756087 -0.277114
0.103647359344219 0.2420844924545361 0.656738
0.7733258934492685 -0.401832261737271 0.687012
0.2914918004327375 1.092158608339229 -0.486755
-0.08686147812611425 0.6229895066650373 0.66095
-0.7757278113821059 -0.493853982158014 0.029408
-0.2143761149447697 -0.3351783230135668 0.632812
-0.1380385002061521 0.4022483042423375 0.811035
-0.1441432744239695 0.3009965251283414 0.753723
-0.5434230074263338 0.6876097411357105 -0.429672
0.5719988581406735 -0.2376009158289708 0.736389
-0.3790203856535366 0.2858694349437246 0.73996
-0.3777770522241308 -0.3326270483857955 0.722916
-0.06395336944996949 0.5358615147974295 0.774621
-0.232367952997773 -0.00623310064291959 0.6755370000000001
-0.423032595564043 0.5908340512253409 0.62382
-0.4631046625763887 -0.6109228048043462 -0.214132
0.1098843065827436 0.975359201955787 -0.265503
-0.8075249141739618 -0.6589281797269986 -0.278358
-0.7033577226778742 -0.6420633115740182 -0.262405
0.02857928094858565 0.08343676664673559 -0.723267
0.297930274269053 0.08835637214693032 0.499898
-0.7526069061770343 -0.4315433996258463 0.232666
0.03189612171444164 -0.2750762966261861 0.620468
-0.08533900931432237 0.04927050000000002 -0.758392
0.2758819599693389 -0.1082104284414219 0.779053
0.600010082256469 -0.5964340524782143 0.670258
0.9340666960572583 -0.2689590247708328 0.561295
0.08393724741692293 0.4370395771735899 0.7613220000000001
-0.7780707939062136 -0.7450781469310145 -0.390503
-0.4193720113930138 0.4367123689949461 0.813293
-0.4292870410318014 -0.2572389660979853 0.787923
0.475486184104842 0.8408782291666352 -0.338028
-0.500731862945061 -0.6467790275894609 -0.315565
-0.4996534803927156 -0.03543921421880309 0.723915
0.3192613745836417 0.5494669216731465 0.318039
-0.2927191692051282 0.6604755265873669 0.766296
0.6214616657501751 -0.6984308199643094 0.587631
-0.3379269438357611 -0.4847046359700125 0.619125
0.5738475675971103 -0.003366857121989225 0.484663
0.2665577080832926 1.156699493549376 -0.425629
0.1494665936402681 -0.2216462657808043 0.758942
-0.6323995844542907 -0.6454582109602763 -0.282227
0.1630068272080142 0.9278141067048812 -0.225975
0.2441936340647355 -0.3328422189149959 0.712379
-0.3454897259228594 -0.06038175879143867 0.78125
0.1951611636655735 0.7990890511330382 0.417145
0.1655117226159586 -0.01443128718091293 0.803765
-0.3650984263560532 0.4315949757878718 0.8152470000000001
0.1214559988190237 0.8380839608385745 0.254997
0.6879497255667473 -0.154658122265328 0.695206
-0.1571737782224471 -0.2885909694988411 0.711075
-0.199392366435102 0.7157782906930121 0.53743
0.8338187393646886 -0.218005579117328 0.40049
0.386935112250415 0.2168532736500853 -0.037891
-0.8390387587010438 -0.6295457595897311 -0.268616
0.4124032418678292 -0.3918206318788034 0.347893
0.3021890343658103 0.7266547610117607 -0.283783
0.5705568264163303 1.016385411958341 -0.467402
0.4050178627635727 0.5605275162794667 -0.141186
0.1810857096602387 1.254323649656199 -0.42868
-0.7348126553958089 -1.004788853190142 -0.408997
-0.4002526764355471 -0.7377839714517938 -0.238602
-0.6653172927771711 0.1676586457557617 0.684895
0.4789397387037687 1.247697961198689 -0.503966
-0.2526240128577626 -0.6162036254815781 -0.145111
0.4713739762260495 0.02158367618928168 0.448318
0.412771812560476 -0.5409782487129582 0.657013
0.01893282825447967 0.3574486204677343 0.814212
0.684842418233387 -0.06514613644143928 0.628632
0.7142587710397039 -0.557957518807527 0.6650700000000001
0.5022396137227263 -0.03576547145847103 0.380783
-0.7171524925643831 -0.9741085538961728 -0.459496
-0.4425066237110676 -0.6907299549533318 -0.271378
-0.3632302290757977 -0.2798092116041635 0.7866030000000001
-0.0519068094618908 -0.1642672312467918 0.7622679999999999
0.1000739362250774 0.8732111420552414 -0.30608
0.2088808852153589 -0.1681456940770356 0.804652
-0.3714222410391494 0.237415807459099 0.706421
-0.06692017054223048 0.3702028645696826 0.822622
0.8994349483703601 -0.3094429713194465 0.610291
0.871760732756099 -0.1215361188229625 0.497284
-0.6214248692134301 0.1829385534354944 0.715851
0.2392848223834768 0.997643469848276 -0.357925
-0.3540651705422305 -0.1271468645696826 0.822622
0.5179976396349334 0.8962822300484583 -0.339096
0.0606346064645948 0.7269402190936223 0.655609
0.03982618861789433 0.9187269821580141 0.029408
-0.06384483704544139 0.1661514984363398 0.751038
0.5958595434673032 -0.438860996539835 0.729586
0.2960130265743366 0.7691616017289871 -0.313127
0.05043692143165048 -0.2237306895030217 0.710286
0.1604865405777318 0.4038908422115957 0.708277
-0.07060906844975566 0.8353895059699145 0.624237
-0.7769485743376046 -0.2323104056209358 0.27478
-0.04838576779592808 0.3173773918142225 0.800529
-0.2232796400863969 0.004870319074668055 0.65332
0.6541065020891156 -0.7192263048204938 0.526527
-0.02923920470970668 0.2555082118698808 0.763588
-0.4002028670400857 -0.7719756990481601 -0.206234
0.1821686444993284 0.4420813478187893 0.642303
0.1981392482773864 0.009829244989937461 0.76635
0.2841964418047455 0.7582026765361106 -0.283455
0.8870032143867499 -0.25539736620524 0.632431
0.4427381671767185 -0.255615 0.744629
-0.4956586862596886 0.04090797218537772 0.63916
-0.6692334121721238 -0.6078762720048021 -0.228607
-0.2626726595861849 0.7125476078374836 0.710098
-0.4478509996121041 -0.3671306855486737 0.679321
-0.5211484381398246 0.0079284268566577 0.767944
-0.4417077563618473 -0.02970827611597439 0.760254
0.2774513295965385 -0.08593820051125683 0.779785
0.5067935597200113 1.073218194383751 -0.412758
0.2966900565431073 0.2556102520331447 0.489183
-0.2255410087715099 0.09201751361740701 0.772583
0.3277920949443771 -0.2638514372368975 0.744263
0.3840392335214668 0.7370134645589891 -0.284332
0.2060978156659943 1.018631888062467 -0.322708
0.7121398111650182 -0.3476536649696824 0.655802
0.5233427467798999 -0.6716377728045599 0.463135
0.4051891055108747 0.6672061174182213 -0.215336
0.6523839328343902 -0.4035758822892343 0.6902160000000001
-0.1832929288122164 0.4177573346291358 0.7622989999999999
-0.4463393106367012 -0.3601803634380341 0.673615
0.3535424192250569 -0.5225345672713855 0.442764
-0.4424630835964332 -0.7199505412626175 -0.305878
0.568072418230781 -0.0458557092457709 0.664215
-0.4705182108030095 -0.5385614469972156 -0.434731
-0.3322899538478124 -0.4404570829091283 0.649906
0.5710291188056054 -0.7113885536274068 0.494324
-0.3039536107052527 0.572168903114491 0.482697
0.02298114386637658 0.636576508792614 0.681084
0.1509092567364573 -0.08712750000000001 0.7989810000000001
0.1426457499145959 0.4084696863358437 0.721352
0.6441958441220847 -0.6090120679558286 0.658752
0.3438292201192397 0.727311678373306 -0.270318
0.4623148381576382 1.138642788782012 -0.463385
0.3164310776794065 0.8354587036345059 -0.396294
-0.5474121663055752 -0.3074296847226 0.651382
0.5234931327976224 -0.3407192965811165 0.336548
0.7360307409212289 -0.3256213607918665 0.6600780000000001
-0.5275446889621171 -0.8963382045455069 -0.367477
-0.2347032482880663 -0.3164299507363839 0.682281
0.2225658499352435 1.017217360117592 -0.35132
0.3974502650645776 0.7127260525735657 -0.26741
-0.1443968072446174 0.7426033934015928 0.724144
0.2850904965894184 0.3353432248479143 -0.449992
0.4830424640069621 1.208724089873319 -0.423737
-0.3261066575658491 -0.00715529959051622 0.736847
0.6565013194824585 -0.3144603594203743 0.7327630000000001
-0.01893870917222169 -0.2506308065160586 0.70162
-0.5112150712672433 -0.6216104770298096 -0.269291
-0.4203717762443193 -0.06849927452313646 0.78936
0.698559413975372 -0.6825316028891152 0.53524
-0.8157181287621629 -0.9420092436710775 -0.469208
-0.7394824719177528 -0.6658012126681732 -0.294327
0.9254290256326928 -0.2075199088052154 0.5843120000000001
-0.2707276179311577 -0.1985659892688602 0.783268
0.6231708602141528 -0.6718884083126847 0.615791
0.1422939944193782 0.3777464279462852 0.723328
0.1872334191614894 -0.01133420513746027 -0.597351
-0.2357458278328921 -0.1187737514789543 0.759277
0.304068949611157 0.2369728697306247 0.440979
0.7757916741145929 -0.07419740434460811 0.55101
0.05125265622995628 0.2817962046131458 0.759323
-0.01234651879424101 0.2524952021517705 0.767578
-0.3737887356649354 -0.3860690814686008 0.655518
0.07680957535966185 0.3900580870307248 0.770172
0.2356483191090579 0.001828861415092217 0.769455
0.2029814433726638 0.09575617291511858 0.71463
0.7641650002421942 -0.4631093942146363 0.681732
0.2759017494602706 0.1220658479623276 0.52682
-0.07831873441110798 0.5956099728154679 0.719543
0.3058553484928082 0.6089190033562287 0.307098
0.0764777315471545 0.7388653166872846 -0.489388
0.1492572319075249 0.9274051090609235 -0.220352
-0.2193882527062098 -0.3649776002709155 0.67952
0.4905205844040089 1.220700574346121 -0.43541
0.4105609932991077 -0.2370375000000001 0.268433
-0.4965305285529071 0.1638118970373358 0.575975
0.8593576755736184 -0.4035168440322011 0.6178439999999999
0.4257118552306965 0.9219545626439726 -0.377197
-0.7278692590614142 -0.4994765379618827 0.593765
0.1194246658009682 -0.1300924111557898 0.814073
-0.9347194319739268 -0.7104575470007619 -0.419228
-0.1104759406977608 0.600398057697512 0.732758
0.7548962181178442 -0.3284673957782965 0.706314
-0.7515799351709807 0.09858136633453854 0.670882
-0.01213254320896148 0.5928478187370539 0.699112
0.3025547772281711 0.6455002462318753 -0.397247
-0.07868843726086315 -0.2720783713040109 0.70961
0.4247954191527174 0.7621292487950238 -0.310372
-0.1347727471492979 0.5147347544617824 0.757751
0.7458705786511134 -0.4444422619054734 0.670593
-0.1157274417781737 -0.4229498089897659 0.54937
0.1361318715291723 0.8820273180179653 -0.173154
0.09170542191419963 -0.1157595499150659 0.78093
0.1620294050145557 -0.3850068381946339 0.526917
0.5294798385858343 -0.2275140179859671 0.332455
0.248128315223047 -0.009315151237216487 0.7985989999999999
0.4647321770234293 0.7571497425166729 -0.241074
-0.07818129921590609 0.5899280175563058 0.714722
-0.5053091759290324 -0.6182571662398442 0.00568
-0.07600469151197949 0.2317280126876525 0.765173
0.3862929142024412 0.5780529540024733 -0.08390599999999999
0.4953933880779161 0.6440565178846367 -0.176682
-0.7911685342443299 -0.7727760986609762 -0.404179
0.5895100598701581 -0.4196586247319153 0.357109
0.6316529487582559 -0.364685 0.351685
0.1797466549132597 0.006894338800315714 0.76466
0.1224442624006101 1.073179683573152 -0.375191
0.9155896657501752 -0.1889861800356908 0.587631
0.2748412169050842 -0.1326030483063361 0.770508
-0.01456086425368366 0.1626458433105064 0.752258
0.2694704498087928 1.027140510207268 -0.38064
-0.3057459386790771 0.1765225 0.8055369999999999
-0.3449575807744318 0.5265039436426392 0.587711
0.1494116965445769 -0.0783693503397296 0.779236
-0.7199780968178704 -0.3934006440252955 0.678009
-0.07383064307634479 0.4168495750362874 0.821635
-0.3861581294712698 0.2229485 0.621857
-0.01979026511225309 0.5408422553303197 0.761902
-0.5627533348991113 -0.1232773681740844 0.704727
0.1647130818574506 -0.04598657355164407 0.811686
-0.2513988585100715 -0.03702959590426329 0.766907
0.5179671043037691 -0.5094406586965436 0.706566
-0.8714473020827215 -0.354281003326097 -0.316772
0.2731323033375026 0.09051102656886884 0.580612
-0.02040854424665502 0.537341364456276 0.769239
-0.4622901411442405 0.495249987699988 0.659424
0.2021212945925644 0.493638351525918 0.5817870000000001
0.4171100092495452 -0.1074402716342633 0.734985
0.5255201212629782 0.9705915504272354 -0.47171
0.4313810588149206 -0.01073008870969948 0.326424
0.300297100792624 0.5970638359384569 0.369186
-0.1800340499653476 0.617951878367624 0.741089
-0.1895714472622346 -0.1863793783225542 0.744415
0.1157322519423073 1.043640140438438 -0.278679
-0.2463204155509216 -0.4334454746756751 0.637985
-0.6635035345895064 0.01285616708944088 0.797394
-0.6600441411442406 0.1527300123000122 0.659424
-0.721432128160995 -0.8492891001873849 -0.491119
0.6170737243660634 -0.6604169573822249 0.415934
0.7863128077411508 -0.3993582663501886 0.68866
-0.6082902130852469 0.6086104451894536 -0.451183
0.3213534021645863 0.4235364197341778 0.5378039999999999
0.4470326651748806 -0.05970071127418049 0.712067
0.3120728506806482 0.7354040330417382 -0.304701
-0.4209006026528314 -0.7621932287310635 -0.265671
0.1772864533076059 -0.3351428553775391 0.664978
0.2825010431321081 0.6529721598960179 0.525932
0.003903107330526056 0.6900183802038656 -0.55088
0.914357410509041 -0.3325765087212282 0.547554
0.2577394275809584 1.159887783683939 -0.412888
-0.1378961020860532 0.2785669450212512 0.773842
-0.3083867464437509 -0.2880015132214373 0.752808
-0.5499832992159062 -0.2272570175563057 0.714722
-0.8052645359930382 -1.022689089873319 -0.423737
-0.5668653746960947 -1.011701630025205 -0.415764
-0.1242395685764483 0.3847667549151538 0.8166909999999999
0.2946144994866211 1.176055281757302 -0.448574
0.4465622002571734 1.013412419585172 -0.421028
-0.9684007464781408 -0.8100092949877672 -0.481333
-0.3044152622153062 -0.2573647007563126 0.779724
0.2161084171622575 0.005612758468319858 0.795868
-0.4400418441887697 -0.2754608315912565 0.7736
-0.399227994456374 0.01994282979773413 0.715485
0.233021551494618 0.3189331664472058 0.666
0.2737302459232521 0.7315626935073959 -0.18996
-0.3276820995200432 0.533495954900444 0.790718
-0.6767779958651178 -0.8077118742830234 -0.470444
-0.6950349420151558 -0.0827418326059382 0.775238
0.2399656074854426 0.975904624233917 -0.346077
0.8150702010765698 -0.4705810000000001 0.455902
0.4237606620886274 0.9493689969865289 -0.38855
-0.7507200060505835 -0.3569571927380255 0.651794
-0.368039413425951 -0.5561029632415941 0.537567
-0.02179250615521814 0.2075842721149047 0.694252
0.1801606136776565 -0.2157226635875104 0.77478
0.1115468350063519 -0.1817792143454958 0.810124
0.2609879128831386 0.08510032527495587 0.620575
-0.1346724782359611 0.2852644253141015 0.771408
-0.6456024083356965 -0.5400081727262549 0.400013
-0.2098264902844958 -0.1302141419466041 0.764252
-0.6286883868888661 -1.037834228220035 -0.433411
0.3194324850334145 1.216085293665858 -0.419617
-0.7051828005333011 -0.1667244391473864 0.424713
-0.6570262003100612 -0.3354207608409523 0.697418
0.2256735066147555 0.2196739793789877 -0.579142
0.2602850853956789 0.9383609923577195 -0.339104
-0.06653392834746694 0.25103185567504 -0.74294
0.14136630554861 1.069805623688499 -0.284454
-0.3247834577523212 -0.03885945028492024 0.753906
-0.5385095549263037 -0.3636039094936608 0.679527
-0.5961356218826441 -0.6009571853024084 -0.383911
0.3036844974233102 -0.300921020991807 0.11814
-0.6684391993209972 -0.01720665499462697 0.790466
0.2265799985409747 0.86650806945185 -0.254639
-0.3237332446046476 0.2845535722456273 0.812576
0.3159098184352946 0.2432458561397895 0.398729
0.6656789320216023 -0.3549762682103959 0.727051
0.1827144721099207 -0.1348092510274907 0.819851
-0.5387710466380412 -0.0564088264241483 0.757477
-0.4686044339546606 -0.3575446882615265 0.673828
0.5865948905160239 -0.4041318461659437 0.733549
-0.1587778202741423 0.5592167481701457 0.749725
-0.4782193076538731 -0.73070413801692 -0.383636
-0.3202612414484051 -0.569080741883721 0.244684
-0.7482711001513428 -0.2489435632975855 0.589155
-0.5638734908590922 -0.6293975352091724 -0.269585
-0.2770666958971297 0.8408464056209359 0.166016
-0.7164127363244589 -0.5527512585034079 -0.314164
-0.702391002621504 -0.5361569033196891 0.519806
-0.276243144953398 0.007204837698100693 0.697472
-0.3027298172514566 0.05976257555443589 -0.774139
0.7103049451661861 -0.3073737461047402 0.701263
0.8934578602141529 -0.2037375916873156 0.615791
-0.5895960907459273 -0.6243603851159363 -0.254852
0.3173873541787631 0.3687990231174757 0.492487
0.3256065415869459 0.08233907330537869 0.483134
0.3362906381616682 0.7312564714057702 -0.278249
0.9499215020891156 -0.2068596951795064 0.526527
0.8941111782731852 -0.3692000116155691 0.576202
0.4534529533989549 0.8194615541291521 -0.322876
0.02718837524958687 0.6058076473075324 -0.58963
-0.8118974155959914 -1.035153574346121 -0.43541
0.4431686124371153 -0.2083614469391158 0.286133
-0.5470591583323577 0.6898857430224895 0.225128
0.2123447349804923 -0.03443013029403921 0.819855
-0.9256439113431885 -0.1479402841631836 -0.348389
0.07642950825908483 0.6181137915022399 0.6784210000000001
0.152228064818084 0.2913147426028097 0.7156979999999999
0.2418654016739634 -0.2154448357076409 0.7478050000000001
-0.2732456080785368 -0.4981472761370784 0.583534
0.7572631324097265 -0.3443877799675956 0.6844789999999999
-0.3213077095171427 0.9195987222527267 -0.163765
-0.09560855423404244 -0.120232873571566 0.759733
0.3815461672920331 0.5796653471829758 -0.02147
0.2942546692727671 0.8828940375448089 -0.333122
0.1269419764084915 -0.3518880472472829 0.398809
-0.7023233942464202 -0.7788678021790268 -0.374802
0.6327937425947359 -0.0255810871142555 0.59922
-0.843239772109437 -0.4364261282563461 -0.041992
0.2773551782115253 -0.0329327395953176 0.757261
0.7179231646372802 -0.3191726029175947 0.663371
-0.5482375715346126 -0.5961213285161256 -0.164307
-0.5252410363809341 -0.9462441612319108 -0.335907
-0.4367542533832773 0.4092814427183524 0.684044
-0.886731757187921 -0.7966684561343079 -0.399872
0.5500288605066974 0.8088799320268145 -0.267883
0.275999280146222 -0.3486152239343074 0.265686
0.03567586217499231 0.8399304058909113 0.648285
0.5234987416759169 0.7663004182810627 -0.227783
-0.2934249617374991 -0.02894894193830219 0.773056
-0.4029617677959282 -0.2967662553303197 0.761902
0.3638603359474846 0.0632265887201236 0.496721
-0.217467644168834 0.5641529912972698 0.748684
0.1662505003817301 0.8369763134449054 -0.378812
0.01727174741692291 0.321571544061607 0.786728
0.6473910047047091 -0.1413878874883818 0.377092
-0.7091341112879228 -0.4803923101308846 0.246765
0.1333017160704941 1.117519344970216 -0.397373
0.6611086878736304 -0.3513861632776775 0.7304079999999999
0.5264327464648549 0.02277026364515389 0.56459
0.4378654685719483 0.6177512384465677 -0.156396
-0.6801707511824072 -1.004322298870218 -0.399994
0.2711933442995704 0.5405526510013754 0.59848
0.1823867025513003 0.845387035443804 -0.150973
-0.1029386039621524 0.5826911078773411 0.737022
-0.1848525982716836 0.564439907882325 -0.657005
-0.3401443352798873 0.01590272938849228 0.77383
0.3281903180616385 0.1803063054349475 0.378183
0.1228391451626674 1.123087640580068 -0.33886
-0.4934409915558671 -0.3673708679119271 0.67767
-0.398074204581362 -0.5497747475174865 -0.421707
-0.4931914878786144 0.5287012851337498 0.743057
-0.115671821682886 0.2869545278411941 0.759521
0.4552961985661224 1.273676148409492 -0.485153
-0.3235879756303492 -0.5225528145101245 0.574955
-0.1332500844471706 0.381274083624657 0.806857
-0.3502285923280854 -0.01234571617557136 0.772568
0.2860424315250691 -0.2439399754780388 -0.182617
0.3876579706639254 -0.4134866988510357 0.357773
-0.5762531660673836 -0.2689117616511341 0.7103120000000001
0.1379117276414361 -0.1982018807654316 0.8126370000000001
0.3381553661774586 -0.4451817249285834 0.689041
-0.1734128869498275 0.3284400691157009 0.7687
0.008131958968198667 0.5003929660979853 0.787923
0.2471939771861913 1.278798527811505 -0.490382
-0.7849384992479181 0.3220266384857409 -0.469788
-0.5965056788055735 -0.2870841426946148 0.602905
0.2465692428120791 1.166266456134308 -0.399872
-0.4421487986714416 -0.2790721838044792 0.767413
-0.939912015541182 -0.8511193655617953 -0.400375
-0.8652940764440773 -0.8948513038895297 -0.452126
0.1453486489307577 0.475109244759564 0.685059
-0.3282425467877455 -0.01186076824217957 0.77446
-0.9443815700212341 -0.2373408610084425 -0.100372
0.630684314465753 -0.5852047238085687 0.40049
-0.3710444128857446 -0.05418177498267381 0.780968
0.01401139144082196 0.5681684418602393 0.717773
0.04216247098304178 0.6390075419152769 0.68071
-0.4281598922232225 -0.005938687093835952 0.772827
0.5531411508782427 -0.5260314229217616 0.378769
0.07537329567818937 0.8452723776485354 0.293335
0.4266783471886992 1.16926457582034 -0.435242
-0.3027577341012751 -0.03910177784783694 0.753754
0.4601565440431091 0.6441205137179705 -0.15921
0.6708987252754123 -0.3595753210897919 0.713898
-0.7286127865147122 0.2891536347121828 -0.556763
-0.3264427054074357 -0.421861351525918 0.5817870000000001
-0.5250567106471391 -0.4533788996958354 -0.497035
-0.4094241873728391 -0.7269854943773572 -0.293854
-0.3758999223760874 0.9003742358834195 -0.084869
0.3980224171252617 1.163409049012326 -0.517408
-0.1887082744106836 0.2455356809120461 0.772827
0.7548324215101562 -0.3053838947441629 0.7117
0.6369380100808311 -0.173615005268183 0.368576
0.3480281189282955 1.135248384446431 -0.43829
-0.1590585527643372 -0.460921494766207 0.518158
-0.3023718694570894 -0.03927144067926286 0.765831
-0.03287967132228061 0.3577387387336446 0.821971
0.09193271477750747 -0.3160338671276189 -0.429899
-0.02378049215798895 0.2140609793533698 0.757385
0.1515442324873332 0.374238310262091 0.715836
0.531522827345131 1.037666542344427 -0.488665
-0.1722123006379357 0.0584095456067692 0.75647
-0.8287907624072186 -0.1999117093330485 -0.463867
-0.3112083103904358 0.4271573946660998 0.789551
-0.1759462169316558 0.2604382128748366 0.771729
-0.6744171109965877 -0.2448767017399089 0.732903
-0.9255226437313546 -0.2478422424981748 -0.286964
0.02060920132855852 0.5224481838044793 0.767413
0.2747443710366416 0.0155432097290182 0.72261
0.1476886935669609 -0.209131679038553 0.804733
0.1631893483794014 0.02581024264718101 0.762871
-0.1190958691365766 0.2754699036838751 0.770599
0.7215324784463715 -0.6558470880197887 0.541275
0.1588491213109095 0.8654947488481671 -0.050016
0.1509089012040019 0.4390558841997232 0.691101
0.882097618947236 -0.3173161067478561 0.630096
0.1316081568363363 -0.09269598566897219 0.777382
-0.3189767190884102 0.3241641161072481 0.813248
-0.8077714177394598 -0.6948171364266881 -0.324158
0.04834122605406585 0.2871594596258144 0.759613
-0.267776646236403 -0.2699547563618472 0.727783
0.3872415750099714 1.108530082720265 -0.5067700000000001
-0.8984008931261497 -0.03904799245974808 -0.406418
0.1252802664548233 1.009593786685521 -0.252136
-0.5806618301737408 -0.1036517918768499 0.746086
0.2734708814631606 0.4308794610848398 0.616333
0.1384059313331568 0.4660441051379166 0.709106
-0.06138350923625933 0.7453046432559253 -0.529251
0.7321587856222093 -0.3878077840944041 0.644824
-0.2379652475770515 -0.1377538992391598 0.753418
0.7850589043538228 -0.3111980907248233 0.700142
-0.4342955301661508 0.04184607625216481 0.777451
0.389852682121502 0.4596766529014403 -0.045559
-0.08968369355367498 0.3313272861545974 0.800781
-0.003950362563586522 -0.3667442286684499 0.415799
0.8831620386515379 -0.365520477739428 0.47406
-0.1780262264789577 -0.07763846934131852 0.671875
0.2955905826818723 0.7010299074438917 0.16122
-0.6488822755413783 -0.7447770693685748 -0.354752
0.4918181381189488 0.02755800330594686 0.48753
-0.4919383001262089 -0.6369661300076607 -0.309118
0.517887731621402 0.947423863784863 -0.39389
0.06133344434418373 0.9123846418073239 -0.137632
0.4277971013672204 0.7038563148987186 -0.24704
-0.01123751267792653 0.2465340570911318 0.768311
0.3861477151582837 0.4399514618807818 -0.179077
-0.3792544229855849 -0.6290979296062507 -0.021985
0.1904098380750612 -0.3705744861930311 0.048173
-0.7353844195367978 -0.4981271777322805 -0.293734
0.7432261161397301 -0.1816206053339003 0.383762
0.1183291232278202 0.9195520534456629 -0.246154
-0.6543597997428268 -0.8934404195851717 -0.421028
-0.3403326768037356 -0.03185548769998786 0.755371
0.1134423959040352 0.4375619934381323 0.731766
-0.07293118021431716 0.2728494904128406 0.750244
0.152093479006541 1.005133633139239 -0.253662
0.195121457159227 0.3496782774466551 0.606934
0.4416430896100207 0.6179142700162501 -0.303558
0.1285259010403134 0.8852673906903923 -0.084396
-0.5841474482287293 0.7108229405561303 0.153992
-0.6088339491594379 -0.02608933331695296 0.770859
0.1273943285201969 0.9798694495931018 -0.238754
0.2138970092640407 0.9943824876323492 -0.322327
0.3011623633348647 1.314948514623504 -0.450905
0.6206809596654163 -0.5349190425688899 0.69943
0.2802546676203639 -0.2631046766232013 0.740876
-0.2682718029363207 0.348205607076187 0.782555
0.1734378133255882 -0.3816468953664349 0.449869
0.3933417845273697 0.7724139555412138 -0.320129
0.1554248079134243 0.746619664062684 0.605621
-0.3506384706321417 0.07797835377688297 0.786133
-0.6348191862596886 -0.200125084221311 0.589355
-0.5255333103904358 0.05593560533390027 0.789551
-0.1923189251261916 0.9357698504244012 0.026749
0.5245872810147594 -0.07825017627802458 0.363983
-0.1273224161705875 0.2646091062501132 0.736923
-0.75732397696103 -0.9661876058866257 -0.444542
0.4626976376039177 1.167061816872077 -0.413689
-0.8146282378615474 -0.9033474972565042 -0.455383
-0.1599778664237239 0.200510207267643 0.767487
0.5046770183956653 -0.05159376272633486 0.691597
0.3117364435736038 0.08587135884031021 0.492198
0.450973144974502 -0.3474616000550376 0.739365
0.7749252139936418 -0.4150081572968277 0.688099
0.863333719448525 -0.4482661340277398 0.536987
-0.5439168976543958 -0.8844897018326542 -0.392426
0.3145584752080635 0.7195132610117608 -0.271759
-0.4191512900565003 -0.07474533043589797 0.798264
-0.7443775032013124 -0.05175165555593729 0.369522
0.2480686126596706 0.8714394408896733 -0.29512
0.03344682319626453 0.6155495971277033 0.673096
0.6985672402597976 -0.5690140473668557 0.666868
-0.1140912073127126 0.3676042322375079 0.817296
0.4253823830922962 0.7239439001605849 -0.297852
0.4695127882876419 0.8820060041175254 -0.367798
-0.4597437152379988 -0.6977914732526916 -0.296419
0.1987229159793734 -0.00204781289548423 0.807237
0.2898395675971103 -0.4952831428780108 0.484663
0.4248371324031179 1.176529498264066 -0.426041
0.5413439613389234 -0.1934827545903828 0.735313
-0.0422915844471706 0.5388188270049107 0.771533
-0.3401995115721516 -0.6976068387530826 -0.166624
0.2682833792202693 -0.3859975563642252 0.345924
0.14548367654088 0.1677031194407206 0.7464190000000001
0.3080441818823565 -0.07312382600377036 0.744566
-0.3784409770981467 0.218493 0.6752010000000001
-0.7277436230901921 -0.2446489300764678 0.5189780000000001
0.5872877182749242 0.9929421667133655 -0.392834
-0.5312855458245551 -0.8958215586950922 -0.379482
-0.5758860762943728 -0.07348394351334042 0.666157
0.06663674583476478 0.6044922294368662 0.675446
-0.7456903701892083 -0.3485496078825531 0.527069
0.1147736893737231 -0.2744721386325835 0.674698
-0.9881976366651356 -0.9182885146235037 -0.450905
0.3617379778943445 0.7536245567402318 -0.306274
-0.5625767421857359 -0.08712750062227193 0.750946
0.2788918977545166 0.7397289367301271 -0.235469
-0.6331785483248341 -0.7205074159613181 -0.343765
-0.3743662651122532 -0.07330139181422249 0.800529
-0.9795845493508939 -0.8157702097852103 -0.393715
0.07074290322007955 0.4360883026521056 0.784353
-0.9584061380665037 0.07800587458294349 -0.254387
0.4717233692862812 0.6553968427214147 -0.307358
-0.1392602148118973 0.8552302324728378 -0.440186
0.8975435691738008 -0.326480936184266 0.467743
0.2366908426260633 0.001940565114630996 0.760529
-0.9570497095171429 -0.1815387222527265 -0.163765
0.32855337038945 0.2545991305125233 -0.386559
0.8578361901853014 -0.4450921340277398 0.5833739999999999
0.8051564188238751 -0.1706141745568419 0.397278
0.1478805507862092 -0.2344033725870159 0.740509
0.6987910227756033 -0.2296624446796345 0.716161
0.1323167743053506 -0.2144006242095085 0.76992
-0.1315651085591781 0.3160225474721886 0.768509
-0.07376422360597649 -0.4672713830664227 -0.206589
-0.4963298665653547 -0.2373545462050754 0.754242
0.1213147409253001 0.9496252949896751 -0.237793
-0.4771342406379677 0.4846152531842452 0.773819
-0.4997828228038548 -0.6309752418464696 -0.304701
0.2880591466323728 1.178467077552203 -0.438461
0.232154096538169 -0.08101730961064131 0.815415
-0.1951257563618472 0.3973842761159745 0.760254
-0.1945870818697826 0.2751472877049718 0.773621
0.344854608059085 0.7409017023825866 -0.288228
0.5764898107054809 -0.6567323578123427 0.627487
0.7151789060989712 -0.2878257981350508 0.721885
-0.4264006430763449 -0.1938195781882716 0.809835
0.6803761769823621 -0.3665978932070744 0.677063
0.7267478737917022 -0.4915097583001177 0.690948
0.298606246141736 -0.1475928102250952 0.749512
0.6335825308114346 -0.4477908658465217 0.368114
-0.2009818005174091 0.5067633101071746 0.757698
0.3854378069953036 1.299393864873792 -0.501248
0.201221494510727 1.156081852067521 -0.358948
-0.5913274773939956 -0.709343234757937 -0.33474
0.3726972688407416 0.4476986054743213 -0.248047
0.3611100041348824 0.9899628742830233 -0.470444
-0.4741050071929118 -0.617015960580931 0.096926
0.6920758032805435 -0.4812975460290551 0.680214
0.3781443293177911 0.7616171909724714 -0.314629
0.166684243624867 1.002329578779458 -0.262939
-0.7725164519458397 -0.5762657444530354 -0.323669
0.7417299737316808 -0.4282380000000001 0.65152
0.3196404472356629 0.368209494766207 0.518158
0.1761511654610036 0.08958676839093008 -0.628306
0.9147742284397286 -0.3320065588877715 0.5215
-0.7892723704487595 -0.9990478466275758 -0.517782
-0.2900738332229981 0.6063273829115062 0.782196
-0.1179769666275119 0.4066398996782914 0.818848
-0.2746278811877174 -0.05768544339211557 0.7638470000000001
-0.4829464114108273 -0.9218757218966145 -0.422882
0.5137037051955602 -0.4282470825649056 0.729111
0.1372959489701314 -0.04648244071034845 0.764103
0.1383417441002962 0.8275509295894048 0.355354
0.7238183264080008 -0.3124078832118689 0.685164
-0.6379158922497943 -0.4127027363322769 0.663368
0.819789938722239 -0.2693361745993055 0.6780929999999999
0.1681581820904164 -0.35148748491098 0.632607
-0.4969373175745755 -0.05237068221615508 0.762451
0.4008314310126441 0.9232804037844387 -0.369324
-0.566128642363678 -0.7756835721938803 -0.347603
-0.1144371891407436 0.8066109741328628 0.607422
0.6619092181178442 -0.4895256042217037 0.706314
0.1235591614174701 0.3102627453156623 0.725708
-0.8206126385704124 -0.20636078333711 0.221771
0.5819883956973717 -0.3684305292366519 0.735352
0.4505089611878225 0.9827004100423837 -0.411806
-0.5931088512912864 0.03721533514467838 0.536906
-0.03541047895218796 0.715949251334462 0.690048
-0.3562685584856358 -0.2238672444364452 0.81075
-0.674148604996286 -0.3667556357052493 -0.5036929999999999
-0.2832150967799205 -0.176984937093359 0.808675
0.7321271508782426 -0.2160185770782385 0.378769
-0.228729932532631 0.4265821356416817 0.770859
-0.5067324078690391 -0.06317227627089085 0.7597660000000001
-0.753794809286313 -0.1896129081655862 0.666702
-0.1078754991791384 0.2523941545298776 0.771286
-0.76176689229747 -0.02777696098306674 0.644101
-0.644584908372948 -0.8249718110940751 -0.384743
-0.5052420153269561 -0.2747748406647812 0.719791
0.3055942547346195 0.3692707757015067 0.571259
-0.1838443352798873 0.2866222706115078 0.77383
-0.5126688924047107 -0.07278256910502097 0.736969
0.7252812225651656 -0.4827740727414624 0.691978
-0.7484206595861851 -0.1287926078374834 0.710098
0.1963394519954232 -0.4158800936136964 0.488487
-0.4537093868755802 -0.7130337099394285 -0.306213
-0.8407975372342777 -0.7056100533685536 -0.328472
0.2208496741874438 0.06224085652768543 -0.578771
0.8228867116606113 -0.3840284065305403 0.426773
-0.5438383665653547 -0.3196416819964614 0.680786
-0.7742612453094965 -0.8205618152075976 -0.403763
-0.3936546344915353 -0.09715382757429478 0.819906
-0.6984273537173179 -0.3493896620342743 0.702644
-0.1796497440585308 -0.2286504842761204 0.731159
-0.6923972722458556 -0.4735292545519217 0.6321870000000001
-0.3992836680825074 0.2043564002486295 0.622498
-0.868344357702496 -0.6880985460064858 -0.308022
0.3719924684621014 0.2487418554093228 -0.215485
0.1455855188402646 -0.09698648452238573 0.806144
0.2336116689166549 -0.03034072019539481 0.817329
0.3152610148168812 -0.436861904691437 0.384918
-0.4722103019420447 -0.1101282348210619 0.795916
0.001824915825410775 0.08253284692914793 0.751478
-0.691701397547155 -0.6640039642180705 -0.305338
0.4161318380750613 0.02038748619303101 0.048173
-0.1414997933624471 0.9457111686357441 0.030579
-0.4960663094331557 0.8445839481385902 -0.186249
0.1536176754960666 -0.02156038110018411 0.797261
-0.5860962648235242 -0.04310250880068767 0.758629
0.3111385484745384 0.4828157741511324 0.557953
-0.04091672588204785 0.8349701518929245 -0.449942
-0.3394661085591781 -0.04407254747218853 0.768509
0.2474812562664959 0.8921821097745444 -0.30899
-0.1549798393703981 0.421021044061607 0.786728
0.2861217482987461 0.6487594052038621 0.406708
-0.01929409681787026 0.8202196440252956 0.678009
0.009792142006169242 0.6574944874696145 0.684532
0.1812816969775425 0.007501109647409004 0.7909389999999999
-0.2267360457085422 -0.2538643510744544 0.739441
-0.1376751141556918 0.6365397073444965 0.616089
-0.5699048488114132 -0.4583001536212269 0.638559
-0.5204316689854346 0.7758939074493594 -0.334091
0.2200328483713276 -0.3405459272867617 -0.060336
-0.2107309389791842 0.5277033069613563 0.689774
0.2899156488579068 -0.3721193662688075 0.321167
0.1092014653891341 0.8646804863149542 0.571686
-0.6647434862203011 0.08342450786597673 0.813187
-0.5478118942649181 -0.08989003385738754 0.7116170000000001
-0.725185447454147 -0.1483920399001529 0.382095
-0.7633676127602341 -0.1219954901532893 0.33548
0.2091343774362172 -0.3954066326711855 0.634836
-0.09557660314841061 0.8725024673321052 -0.418701
-0.158039656183677 0.5874132858791543 0.674721
0.2202441815594934 1.128484112532467 -0.472687
-0.6856549852412187 -0.6848892709006793 -0.418167
-0.4976766260969859 0.2041467978605616 0.559875
-0.5807651048653353 -0.5929946688898274 -0.094614
-0.33593038810258 0.1939495000000001 0.798381
0.712838973718395 -0.5000066799044843 0.694031
-0.08647034418876959 0.3369429705170828 0.813375
-0.2310901876632202 -0.2908539461633238 0.723946
0.8601445052747915 -0.2706540150128649 0.654205
0.1197862836244426 1.07997392928739 -0.298309
0.02110710650966445 0.2805765808755066 0.757263
-0.3815052739592201 -0.4790845178528528 0.627991
-0.4846788116964525 -0.1274923272103645 0.791665
0.4112234639110993 0.02433793275849054 0.224982
-0.750629302225306 -0.302936089104204 0.574966
-0.8217900785026186 -0.7990261691225514 -0.427195
0.7704490296444424 -0.3880931360136858 0.683075
-0.336874393739207 -0.6712075657252694 -0.168127
0.7052313330891857 -0.4071655000000001 0.647583
0.2518347743053506 -0.007389375790491492 0.76992
-0.5036243737362084 -0.3860970032411697 0.594727
-0.6166689464228752 -0.9082499466543894 -0.424065
0.7408906072661915 -0.622539825364397 0.494442
0.8774341004495422 -0.3192135577278993 0.442764
0.2497994548579803 -0.007336652482969965 0.7897420000000001
0.1233043830135349 0.3729934561753752 0.724884
-0.09492998332786785 0.3814264457144663 0.821777
0.2639320343923819 0.7038476933126218 0.401398
-0.1044120452969363 -0.4978629673764766 -0.117615
0.3908046065333745 0.05647143434776857 0.527679
0.1956179651808184 -0.07900574543358294 0.821818
-0.005259243003991446 0.2173927239077356 0.756767
0.1364368808745802 1.112651609700995 -0.309219
0.5772104183458399 -0.2181982287669186 0.348114
-0.4609165454119952 -0.9271768747027033 -0.316483
0.554173550836491 -0.3516672537403435 0.736816
-0.5405782597724289 -0.3594050113930138 0.595703
0.7019428190468869 -0.04488137340266542 0.518051
-0.008678821867235943 -0.3560941604238924 0.446785
-0.4365209134259511 -0.6747164006201223 -0.257599
0.1037472929679426 0.6770255825682098 0.6516420000000001
0.6402579320216023 -0.3990067317896043 0.727051
0.1434115959891905 -0.3798558293521809 0.205462
-0.976785809892693 -0.06217265084645881 -0.0625
0.05944117728298044 0.630177139115831 0.679169
-0.4007788166671346 -0.2834692730648093 0.780941
-0.6489117437335044 -0.6604161097745442 -0.30899
-0.2043402356649353 -0.0925756702022659 0.715485
0.5844466131111342 1.063377228220035 -0.433411
0.4882843296577558 0.8309592675069435 -0.317415
0.1261243098886905 0.4639377127967736 0.705505
-0.1488474841036599 -0.5291014050463396 -0.114243
0.529476401500549 0.8270540288076889 -0.26976
-0.4895153526903042 -0.1896414619446051 0.790044
-0.8089968723841682 -0.7360956861336941 -0.385979
0.4745229617958547 -0.01355212081151454 0.666779
-0.1178755625434089 0.1764495367040528 -0.766724
-0.26921173660772 0.5112515942015786 0.762924
0.713777354032363 -0.3130793575238693 0.675334
-0.1481358642536837 -0.06871284331050638 0.752258
0.07292398447731611 0.4818080462050755 0.754242
0.02593830623184343 -0.4213215357441666 0.137686
0.6618511378487179 -0.4962182021987481 0.7087329999999999
0.4052637112943306 0.1000353384257056 -0.04701
-0.2476757645395647 -0.5731750079859922 0.096793
0.2136006266649736 1.286471137912285 -0.442123
0.0694358184948598 0.8922383654982277 0.542191
0.3035885956183961 0.7212648722095442 -0.270004
0.458581301600428 0.732122113773008 -0.360336
-0.2414222230949478 -0.07245155647667796 0.768509
0.394577167695821 0.810991701955787 -0.328644
0.612012172815696 -0.4498818218325905 0.721359
-0.4587685975191592 -0.1846605198203009 0.8035099999999999
-0.679016406674777 -0.9675649155335644 -0.456589
0.8155623834239313 -0.3159205151677814 0.684601
-0.2993954246403383 -0.2615480870307247 0.770172
0.3690864874973958 0.9661965487326243 -0.375809
0.3591272423869317 0.6659266301962686 -0.208924
-0.4240423545248937 -0.2916529025982502 0.760437
-0.2917693555006718 -0.3788033478187893 0.642303
-0.9676969223760875 -0.1246482358834193 -0.084869
0.1011349159793734 -0.1710751871045158 0.807237
-0.1092649820147312 0.7729674996623859 0.462219
-0.6199986459635659 -0.2832811554328047 0.6962739999999999
0.3744864056487172 0.9448334813274265 -0.369995
0.2236324594073303 0.7638687819150805 0.308365
0.5474195775588799 0.7373585213898715 -0.256226
0.3048601085167145 0.1404911971519108 0.458303
0.1589124582315661 0.8364024516127394 0.162704
0.3915156648235379 0.5491030234334747 -0.067928
-0.2965897815682516 -0.05570057068196706 0.751221
-0.6784492470015014 -0.712106566163447 -0.347471
-0.4976903678590395 -0.7748050035695008 -0.325455
-0.01244603902900952 0.5789068280487703 -0.618225
-0.1019501901483054 0.9116130908218268 -0.359528
0.06815063862641749 -0.1021336313307789 0.7531639999999999
-0.4473432152911423 -0.7632251773054809 -0.30188
-0.6413089484484231 0.1019883179387615 0.816742
-0.1454585328790034 0.5462764306591379 0.7537160000000001
-0.4476255808472828 -0.7489482487950236 -0.310372
0.2476825064465532 0.359052685311436 -0.511058
-0.5316772450110415 -0.06283000158737022 0.759476
-0.3481515532158008 -0.3977541789037866 -0.544179
-0.545286711962626 0.4461917101885556 -0.633759
0.08307113260571007 -0.1378545776846186 0.757324
-0.4036684607299372 -0.3032702833973733 0.751785
0.05955773218818004 0.7041550181335081 0.657822
-0.4969267744239695 -0.3100424209436336 0.696838
0.3692323671347388 0.3462552196762924 -0.197418
0.2770608043213545 0.8783813898704845 -0.325989
0.1363418123367799 0.3455569461633238 0.723946
-0.676301922879298 -0.9697752916834725 -0.433105
0.3487797032506814 0.7720121666789759 -0.319824
0.8412614073632225 -0.4857025000000001 0.563019
-0.473904702212034 -0.6449310221770416 -0.296257
-0.1500117170467148 0.4935280843444438 0.762726
-0.6737275958631962 0.6458595735037128 0.08866300000000001
0.3918854670932153 0.001457539753310162 -0.163727
-0.02334894385165294 0.2599744429458641 0.752228
0.1492179091228663 -0.08615100000000002 0.78006
0.2633604170339127 0.2538976230052648 0.626167
0.1673703922127983 0.440406022995297 0.66748
0.1501566265736246 0.5003129063186648 0.694214
0.1681880336033041 -0.3008537805739756 0.692017
-0.6096069585589431 -0.6470682248716243 -0.294666
-0.2969089419781598 -0.2358793727276925 0.797735
-0.6200971141556919 -0.1990397073444964 0.616089
-0.4908434468344811 -0.2344437884795542 0.764221
-0.3930460127868196 -0.3670596638591379 0.692991
-0.4600421191529456 -0.2665683239945569 0.767868
-0.3422920967799206 -0.2793093026521056 0.784353
0.08583079429054953 -0.1264367034347755 0.771408
-0.2094759567181876 0.120941 0.773865
-0.3487525859327679 0.4386168018934152 0.5915589999999999
0.1474512643350648 0.5167450814686009 0.655518
-0.3789799677299827 -0.7194165591591434 -0.343193
0.05299432825447972 0.4164448690497417 0.799627
0.3835382061910458 0.6732676597667192 -0.225902
-0.612102007380566 -0.63605177619804 -0.268581
-0.3374448611714329 0.4291703556980518 0.803665
0.2332739540186207 -0.05384365955726284 0.818024
-0.852320001047164 -0.3286335461208464 -0.379356
-0.1377488648600637 0.4629499673774305 0.80189
0.2223763781173561 0.8167471853024085 -0.383911
0.7577990750989011 -0.4375155000000001 0.403885
-0.4649913044655912 -0.8376305644121327 -0.288761
-0.4398505877868092 0.1841404342142118 0.709656
-0.6650740011809765 -0.5242259608385743 0.254997
0.05092977512169838 -0.299849041871161 -0.497884
0.8505942650287224 -0.4427435163435456 0.482544
0.2183044626795856 0.009454420880066004 0.7549169999999999
-0.3734689890676645 0.8989707358834195 -0.218781
-0.2540665761342442 -0.08214621836957731 0.753319
-0.8033976031484108 -0.3534794673321051 -0.418701
-0.4515115984994512 -0.8720670288076888 -0.26976
0.3690134954100943 0.5842441227288678 0.073656
0.1557005416002316 -0.1902187511824072 0.815323
-0.1498902269702788 0.2965965113294462 0.772064
0.4006705959891906 0.06572982935218084 0.205462
0.7848652334671138 -0.08771753854055017 0.586151
0.5633878561151257 0.8004003911587015 -0.35717
0.3619304807338898 1.107539981438926 -0.422947
-0.03885617070617468 -0.2256468618506639 0.735016
0.7084418738182739 -0.47976068033745 0.686279
0.3909929265164375 0.1766236141265141 -0.134697
0.5142667422744789 0.9012641262623265 -0.353569
-0.3913192410391494 0.2029531925409011 0.706421
0.4190021287673749 -0.1882070244953896 0.24707
0.5685179636057802 0.926473997980805 -0.3396
0.004129200964628207 0.3503319858653984 0.816813
0.6232168293979489 -0.6397807873507675 0.641499
0.8641150838253413 -0.3581367712278695 0.448029
0.1943768038032059 -0.1122235 0.819865
-0.6888593352248361 0.1040866321224627 0.8066410000000001
0.1479145680260735 1.164719547000762 -0.419228
0.1295293427138523 0.4115114026513936 0.721745
0.2262853063734741 -0.2190243523548534 -0.382812
0.1444570363161568 -0.3461070735895939 0.596985
-0.6826515013935501 -0.902319084276805 -0.427921
0.4066920676877609 1.210187324270443 -0.523042
-0.06152927028908718 0.8085901777066626 0.349731
0.33599983004279 0.06786877696861982 0.535095
0.5643754870259691 -0.445018981924592 0.362274
-0.5461521594260564 -0.3445232887893871 0.682465
0.06146488871207745 0.8543243101308847 0.246765
-0.103219482914354 0.516462611261351 0.782614
-0.09351357743835313 0.5470137326792456 0.748108
0.8898649141143966 -0.2743527568809497 0.630341
-0.4407567010528597 0.2544710000000001 -0.75238
-0.2677179774203116 0.9371468610084427 -0.163162
-0.4606049994386897 -0.9335632612480446 -0.392254
0.02511979459256437 0.1870627605100154 0.644775
-0.9698775743428167 -0.1233892358834193 -0.151749
0.2569824577153254 0.764136673416864 -0.216553
-0.1272635552520284 0.7944810563516376 -0.497013
-0.3968180844471707 -0.07523908362465689 0.806857
0.5091824698430638 -0.6422400919084057 0.432648
-0.2122027781310982 0.2923660067696721 0.7753910000000001
-0.569031589306098 0.1853603762101713 0.746075
0.6825289141143966 -0.6334692431190505 0.630341
0.5277610627728286 0.9839589749790866 -0.379387
-0.7591685553777673 -0.3551105094229596 0.594421
-0.02177622647895769 0.1929944693413185 0.671875
-0.1963690847755015 0.9392767681330312 -0.27677
-0.4804938308769375 -0.7791077278022628 -0.317524
0.08390265491325966 -0.1591123388003158 0.76466
0.3940624287434368 1.189646147937623 -0.434357
0.4716148335632185 0.716122853334634 -0.190384
0.3755010618440279 0.6313469174099193 -0.175472
0.581639550836491 -0.3040947462596567 0.736816
0.06662355273776543 0.2573633783225542 0.744415
0.2302554193296917 -0.03807591500289704 -0.5364989999999999
-0.227249628339877 -0.1353519022858111 0.764
