-18.55 -1.59719 6.09715 
-18.51 -1.6155 6.11311 
-18.3638 -1.75137 6.12055 
-18.2017 -1.9073 6.12344 
-18.0253 -2.08122 6.12234 
-17.831 -2.27846 6.11563 
-17.7445 -2.3693 6.11019 
-17.6035 -2.51887 6.09939 
-17.5224 -2.60573 6.09208 
-17.4004 -2.74747 6.07283 
-17.3252 -2.84421 6.05277 
-17.3751 -2.823 6.03191 
-17.3786 -2.82064 6.0312 
-17.4897 -2.73349 6.01485 
-17.669 -2.56049 6.0172 
-17.7924 -2.4322 6.02666 
-17.9099 -2.30692 6.03756 
-17.9922 -2.21809 6.0455 
-18.1652 -2.02675 6.0638 
-18.1721 -2.01917 6.06438 
-18.3832 -1.78872 6.08041 
-18.4053 -1.76342 6.08252 
-18.2268 -1.86216 5.81566 
-18.2857 -1.77699 5.83506 
-18.3532 -1.68172 5.85332 
-18.3251 -1.69834 5.8605 
-18.2339 -1.76468 5.87425 
-18.2119 -1.78063 5.87734 
-18.0664 -1.90757 5.88507 
-17.881 -2.09293 5.8811 
-17.8438 -2.13289 5.87881 
-17.6567 -2.33349 5.86593 
-17.6076 -2.38637 5.86211 
-17.4688 -2.54708 5.84425 
-17.3602 -2.67861 5.8254 
-17.2944 -2.76102 5.81094 
-17.2723 -2.78861 5.8061 
-17.2721 -2.79125 5.80453 
-17.2562 -2.83142 5.78579 
-17.3113 -2.80585 5.76523 
-17.4785 -2.65034 5.76389 
-17.6753 -2.45481 5.77129 
-17.8326 -2.29271 5.78053 
-17.8932 -2.22937 5.78464 
-18.0557 -2.05394 5.79819 
-18.1417 -1.95784 5.8071 
-18.1552 -1.84982 5.54733 
-18.3014 -1.67955 5.5647 
-18.3666 -1.58662 5.58313 
-18.2946 -1.62818 5.60157 
-18.2857 -1.6337 5.60362 
-18.2133 -1.66865 5.62278 
-18.2036 -1.67458 5.62443 
-18.0652 -1.78875 5.63425 
-17.8745 -1.98832 5.62644 
-17.865 -1.99833 5.62601 
-17.644 -2.23877 5.61056 
-17.6369 -2.24632 5.61004 
-17.412 -2.4867 5.59351 
-17.3487 -2.57829 5.57539 
-17.3374 -2.62074 5.55646 
-17.3765 -2.61456 5.53669 
-17.3795 -2.61259 5.53602 
-17.496 -2.52487 5.51981 
-17.6792 -2.34612 5.52309 
-17.8578 -2.16286 5.53182 
-17.8863 -2.13329 5.53326 
-18.0899 -1.921 5.54243 
-18.6077 -1.28957 5.2857 
-18.6626 -1.20713 5.30418 
-18.6556 -1.21086 5.30669 
-18.6154 -1.22492 5.32489 
-18.5913 -1.2288 5.33723 
-18.5486 -1.25864 5.34509 
-18.4749 -1.31863 5.35308 
-18.3349 -1.44183 5.36169 
-18.1767 -1.59084 5.3654 
-18.0112 -1.7476 5.36742 
-17.8369 -1.91608 5.36656 
-17.6616 -2.08303 5.36544 
-17.4681 -2.27513 5.35957 
-17.4209 -2.32344 5.35717 
-17.2629 -2.48268 5.35011 
-17.0858 -2.66311 5.33983 
-17.0453 -2.70497 5.33718 
-16.8267 -2.92422 5.32407 
-16.7903 -2.96154 5.32119 
-16.5833 -3.17863 5.30228 
-16.5192 -3.26966 5.28378 
-16.6357 -3.19477 5.26978 
-16.6701 -3.17059 5.2662 
-16.762 -3.10543 5.25643 
-16.9177 -2.97352 5.25161 
-17.0889 -2.81842 5.2515 
-17.2707 -2.64737 5.25401 
-17.4586 -2.46503 5.2585 
-17.5517 -2.36927 5.26434 
-17.6767 -2.23951 5.27184 
-17.8698 -2.04462 5.27766 
-17.9605 -1.95374 5.27925 
-18.0518 -1.86152 5.28085 
-18.205 -1.71528 5.27543 
-18.3643 -1.55775 5.27194 
-18.5709 -1.33202 5.28225 
-18.5465 -1.26142 5.01384 
-18.6351 -1.14523 5.03164 
-18.6721 -1.07868 5.04995 
-18.658 -1.08404 5.05599 
-18.6267 -1.09251 5.06985 
-18.5804 -1.11722 5.08235 
-18.5431 -1.14102 5.08962 
-18.4716 -1.19178 5.10002 
-18.3844 -1.2589 5.10957 
-18.3487 -1.28507 5.11353 
-18.2103 -1.39934 5.12261 
-18.0553 -1.53793 5.12738 
-17.8888 -1.6936 5.12856 
-17.7201 -1.84995 5.12929 
-17.5272 -2.04308 5.12355 
-17.4114 -2.16718 5.1167 
-17.3109 -2.27275 5.11106 
-17.1324 -2.45912 5.10048 
-17.0927 -2.50063 5.09803 
-16.8726 -2.72602 5.08453 
-16.8509 -2.74878 5.08321 
-16.7249 -2.89936 5.06586 
-16.608 -3.03957 5.04821 
-16.5223 -3.15107 5.03029 
-16.5049 -3.20118 5.01224 
-16.5661 -3.17292 4.99847 
-16.6123 -3.13981 4.99429 
-16.7015 -3.0719 4.98767 
-16.8553 -2.94273 4.98236 
-17.0635 -2.73569 4.99464 
-17.0726 -2.72647 4.99526 
-17.2474 -2.5645 4.99578 
-17.4115 -2.4143 4.99346 
-17.4231 -2.40423 4.99287 
-17.556 -2.28705 4.98577 
-17.719 -2.1331 4.98295 
-17.8804 -1.97843 4.97997 
-18.0411 -1.82174 4.97693 
-18.218 -1.64133 4.97833 
-18.2389 -1.61845 4.97991 
-18.4095 -1.42457 4.99685 
-18.4859 -1.33376 5.00636 
-18.5613 -1.21862 4.67452 
-18.7161 -1.03952 4.69168 
-18.8129 -0.918196 4.71009 
-18.8497 -0.85729 4.7301 
-18.8719 -0.809521 4.74961 
-18.8474 -0.820099 4.76131 
-18.8264 -0.828981 4.77075 
-18.7971 -0.828514 4.79075 
-18.7883 -0.834461 4.79268 
-18.7092 -0.884392 4.81113 
-18.6951 -0.893017 4.81422 
-18.577 -0.98517 4.82894 
-18.5486 -1.00806 4.83181 
-18.4486 -1.08978 4.84078 
-18.3372 -1.17475 4.85204 
-18.3237 -1.18389 4.85365 
-18.1807 -1.30516 4.86111 
-18.0347 -1.42706 4.86819 
-17.8712 -1.57642 4.8704 
-17.7029 -1.7318 4.87114 
-17.5319 -1.88771 4.87138 
-17.36 -2.04256 4.87112 
-17.1831 -2.20331 4.86946 
-16.9875 -2.3927 4.8632 
-16.8265 -2.55502 4.85515 
-16.7763 -2.60623 4.85233 
-16.6066 -2.79116 4.83846 
-16.5015 -2.92583 4.82227 
-16.4919 -2.93717 4.82118 
-16.3763 -3.0759 4.8055 
-16.3043 -3.17906 4.7888 
-16.2474 -3.26722 4.77175 
-16.2164 -3.33158 4.75448 
-16.2209 -3.34617 4.74574 
-16.2227 -3.36224 4.73699 
-16.1379 -3.46901 4.71806 
-16.0808 -3.55022 4.69888 
-16.0831 -3.57839 4.67987 
-16.12 -3.56282 4.66852 
-16.1463 -3.55139 4.66034 
-16.1759 -3.55089 4.63985 
-16.1852 -3.54499 4.63795 
-16.3165 -3.44217 4.62595 
-16.3711 -3.4004 4.61893 
-16.4353 -3.35051 4.61053 
-16.6195 -3.18012 4.61388 
-16.7208 -3.0834 4.61803 
-16.8205 -2.98786 4.62173 
-16.9842 -2.8367 4.61932 
-17.1502 -2.68061 4.61757 
-17.3306 -2.50563 4.61987 
-17.5271 -2.30863 4.62709 
-17.6127 -2.22192 4.63006 
-17.7233 -2.10956 4.63413 
-17.9023 -1.92838 4.63636 
-18.0583 -1.76511 4.64342 
-18.1051 -1.71549 4.64558 
-18.3119 -1.49468 4.65614 
-18.3453 -1.45789 4.65863 
-18.5401 -1.24219 4.67323 
-18.7406 -0.915705 4.41508 
-18.8083 -0.82497 4.43417 
-18.8776 -0.730391 4.45309 
-18.93 -0.651312 4.47169 
-18.9119 -0.661295 4.47921 
-18.8811 -0.675636 4.49292 
-18.8746 -0.652721 4.51227 
-18.8661 -0.65873 4.51416 
-18.7605 -0.740303 4.53192 
-18.7514 -0.74633 4.53384 
-18.6589 -0.809565 4.55102 
-18.6308 -0.832418 4.55412 
-18.536 -0.90867 4.56405 
-18.3965 -1.03066 4.57272 
-18.3682 -1.05213 4.57537 
-18.2682 -1.12945 4.58452 
-18.1246 -1.25116 4.59178 
-17.957 -1.41106 4.59282 
-17.8844 -1.47045 4.59612 
-17.8109 -1.52952 4.59966 
-17.6526 -1.66632 4.60321 
-17.4814 -1.82216 4.60345 
-17.3083 -1.97891 4.60284 
-17.1256 -2.15022 4.59966 
-17.0379 -2.23737 4.59637 
-16.9256 -2.34782 4.59212 
-16.7138 -2.56287 4.5811 
-16.6925 -2.5857 4.57961 
-16.5333 -2.7691 4.56345 
-16.45 -2.86112 4.55594 
-16.3503 -2.97054 4.54653 
-16.243 -3.10489 4.52995 
-16.1488 -3.22688 4.51308 
-16.0761 -3.32845 4.49597 
-16.0129 -3.42032 4.47844 
-15.993 -3.4738 4.4608 
-15.9706 -3.52728 4.44258 
-15.9053 -3.61554 4.42365 
-15.9234 -3.62322 4.40971 
-15.9326 -3.62261 4.40488 
-15.9848 -3.60602 4.38557 
-16.0007 -3.59623 4.38271 
-16.0876 -3.54178 4.36578 
-16.1035 -3.5314 4.3628 
-16.198 -3.46727 4.34513 
-16.2074 -3.46094 4.34295 
-16.3513 -3.33961 4.33489 
-16.4974 -3.21336 4.32728 
-16.6626 -3.0626 4.32502 
-16.8211 -2.91741 4.32104 
-16.8289 -2.91051 4.32024 
-16.9535 -2.79914 4.30999 
-17.1333 -2.6253 4.312 
-17.2204 -2.53887 4.31546 
-17.3315 -2.42817 4.31956 
-17.514 -2.24634 4.32296 
-17.7025 -2.05516 4.32784 
-17.7247 -2.03199 4.32965 
-17.9364 -1.80814 4.34592 
-17.9577 -1.78536 4.34742 
-18.1665 -1.56116 4.36304 
-18.1873 -1.5383 4.36446 
-18.3957 -1.30916 4.3814 
-18.4022 -1.30191 4.38213 
-18.5788 -1.10287 4.39817 
-18.6579 -1.01143 4.40675 
-18.6319 -0.946112 4.11968 
-18.7495 -0.804941 4.13774 
-18.8079 -0.723864 4.1573 
-18.8463 -0.662119 4.17696 
-18.8827 -0.599983 4.19598 
-18.8711 -0.587189 4.21503 
-18.8696 -0.587351 4.21601 
-18.7976 -0.632542 4.23715 
-18.7886 -0.638859 4.23914 
-18.7193 -0.68047 4.25731 
-18.7012 -0.690907 4.26189 
-18.6247 -0.740961 4.27708 
-18.6009 -0.75675 4.28102 
-18.4782 -0.854418 4.29414 
-18.4496 -0.876713 4.29697 
-18.3511 -0.954062 4.30625 
-18.2045 -1.08444 4.31244 
-18.1258 -1.14921 4.31724 
-18.065 -1.1981 4.32104 
-17.9084 -1.33798 4.32507 
-17.7459 -1.48545 4.32738 
-17.5963 -1.60596 4.33324 
-17.4256 -1.76089 4.33346 
-17.2536 -1.91569 4.33333 
-17.0798 -2.07015 4.33264 
-16.8936 -2.24376 4.32891 
-16.7027 -2.42292 4.32373 
-16.5934 -2.53602 4.31738 
-16.4844 -2.64822 4.31095 
-16.34 -2.80069 4.3007 
-16.2507 -2.92347 4.28505 
-16.1875 -2.99955 4.27721 
-16.1247 -3.07524 4.26874 
-16.0423 -3.18841 4.25261 
-16.0034 -3.26337 4.23637 
-16.01 -3.27798 4.22831 
-16.0139 -3.29453 4.22009 
-15.9783 -3.36285 4.20292 
-15.9573 -3.41714 4.1853 
-15.8936 -3.50588 4.1669 
-15.9002 -3.53061 4.14977 
-15.9014 -3.53143 4.14871 
-15.8982 -3.56441 4.12977 
-15.9614 -3.52663 4.11861 
-16.0142 -3.49181 4.11063 
-16.0756 -3.44921 4.10207 
-16.221 -3.33092 4.09401 
-16.2534 -3.30532 4.09098 
-16.3531 -3.22481 4.08264 
-16.5186 -3.07658 4.08047 
-16.6645 -2.94918 4.07291 
-16.8316 -2.79431 4.07137 
-16.9004 -2.73327 4.06644 
-16.9667 -2.67434 4.06113 
-17.1318 -2.51722 4.05917 
-17.2292 -2.42055 4.06245 
-17.3256 -2.32443 4.06544 
-17.4825 -2.17222 4.06158 
-17.6468 -2.00898 4.05994 
-17.8534 -1.79406 4.07011 
-17.8925 -1.75249 4.07256 
-18.0651 -1.56927 4.08208 
-18.1772 -1.4491 4.0882 
-18.2759 -1.34196 4.09418 
-18.4276 -1.17568 4.10374 
-18.4945 -1.10136 4.10839 
-18.3435 -1.14319 3.85036 
-18.4371 -1.02759 3.86906 
-18.5205 -0.920597 3.88773 
-18.6363 -0.777742 3.90496 
-18.7089 -0.677797 3.92287 
-18.7625 -0.595392 3.94077 
-18.7734 -0.554876 3.95938 
-18.7749 -0.521885 3.97746 
-18.7655 -0.528629 3.97938 
-18.6861 -0.578434 3.99714 
-18.6716 -0.588001 4.00004 
-18.5771 -0.651026 4.01636 
-18.5675 -0.656921 4.0182 
-18.43 -0.778452 4.02661 
-18.2901 -0.899775 4.03478 
-18.2616 -0.921215 4.03759 
-18.1607 -0.998363 4.04608 
-18.017 -1.11852 4.05321 
-17.9829 -1.1443 4.05572 
-17.8781 -1.22497 4.06229 
-17.7119 -1.37897 4.06337 
-17.5464 -1.52838 4.06474 
-17.3936 -1.64922 4.07001 
-17.2244 -1.79818 4.07069 
-17.0385 -1.97605 4.06663 
-16.85 -2.15387 4.0621 
-16.6633 -2.3263 4.05804 
-16.5752 -2.41282 4.05447 
-16.4614 -2.52281 4.04994 
-16.2505 -2.73158 4.03966 
-16.2144 -2.76996 4.03699 
-16.0347 -2.9698 4.02071 
-15.9925 -3.01875 4.01627 
-15.8872 -3.14079 4.00449 
-15.8221 -3.2409 3.98897 
-15.8003 -3.30332 3.97346 
-15.8188 -3.30158 3.96887 
-15.8536 -3.3011 3.95837 
-15.8799 -3.31905 3.94242 
-15.8909 -3.31344 3.9411 
-15.9871 -3.26582 3.92663 
-16.0042 -3.25668 3.92427 
-16.1099 -3.19568 3.91003 
-16.1203 -3.18995 3.90845 
-16.2645 -3.08033 3.90028 
-16.3566 -3.01258 3.89285 
-16.3981 -2.98218 3.88911 
-16.5405 -2.86821 3.8805 
-16.6907 -2.74134 3.87416 
-16.6963 -2.73703 3.87354 
-16.8191 -2.63974 3.86179 
-16.9081 -2.56793 3.8527 
-16.9414 -2.5423 3.84801 
-17.0617 -2.44345 3.83388 
-17.0806 -2.42882 3.83041 
-17.169 -2.35731 3.8159 
-17.2083 -2.32613 3.80769 
-17.2599 -2.28633 3.7939 
-17.392 -2.16308 3.78339 
-17.3988 -2.15701 3.7826 
-17.5165 -2.0462 3.77082 
-17.6704 -1.8874 3.77737 
-17.7191 -1.83651 3.7801 
-17.8804 -1.66323 3.79547 
-17.9893 -1.54309 3.80829 
-18.0448 -1.48223 3.81393 
-18.1765 -1.33189 3.83294 
-18.2887 -1.20499 3.84496 
-18.6184 -0.638754 3.66516 
-18.6503 -0.576643 3.6832 
-18.6369 -0.580359 3.68937 
-18.613 -0.582779 3.70216 
-18.5938 -0.568073 3.71996 
-18.585 -0.573498 3.72199 
-18.5023 -0.623043 3.73872 
-18.4873 -0.632114 3.74141 
-18.3665 -0.723862 3.75468 
-18.3459 -0.738169 3.75744 
-18.2437 -0.813948 3.76763 
-18.1511 -0.884836 3.77528 
-18.1143 -0.910908 3.77883 
-17.9639 -1.04228 3.7841 
-17.8163 -1.16379 3.79053 
-17.6558 -1.30722 3.79297 
-17.647 -1.31389 3.79356 
-17.5086 -1.42077 3.7996 
-17.3357 -1.57968 3.79926 
-17.1637 -1.73423 3.79896 
-16.99 -1.88854 3.79836 
-16.8055 -2.05955 3.79507 
-16.7186 -2.14575 3.79173 
-16.6063 -2.25586 3.78751 
-16.4142 -2.43546 3.78212 
-16.2145 -2.6241 3.77501 
-16.1893 -2.6504 3.7733 
-15.996 -2.84508 3.76253 
-15.9077 -2.93684 3.75621 
-15.7683 -3.10203 3.7405 
-15.7242 -3.15372 3.73557 
-15.6265 -3.26722 3.7243 
-15.5916 -3.34253 3.70911 
-15.604 -3.35191 3.70286 
-15.6168 -3.3662 3.69445 
-15.6126 -3.41245 3.67866 
-15.6576 -3.39843 3.66998 
-15.6898 -3.3885 3.66334 
-15.7322 -3.39121 3.64723 
-15.7427 -3.38554 3.6458 
-15.8463 -3.33027 3.63081 
-15.8578 -3.3238 3.62933 
-16.0032 -3.21478 3.62145 
-16.0954 -3.14808 3.61418 
-16.1376 -3.11776 3.61059 
-16.2823 -3.00353 3.60237 
-16.4341 -2.87705 3.59663 
-16.4418 -2.87114 3.59609 
-16.5707 -2.76735 3.58656 
-16.7145 -2.64578 3.57841 
-16.7345 -2.63079 3.57536 
-16.8308 -2.5552 3.56313 
-16.9177 -2.48307 3.55363 
-16.9511 -2.45589 3.54919 
-17.0819 -2.34111 3.53793 
-17.1321 -2.2987 3.53039 
-17.1914 -2.24802 3.52139 
-17.3317 -2.11574 3.51328 
-17.5006 -1.94746 3.51309 
-17.6113 -1.82996 3.52284 
-17.7503 -1.67546 3.54198 
-17.7922 -1.62948 3.54659 
-17.9119 -1.49613 3.5603 
-18.0207 -1.36776 3.57912 
-18.1386 -1.22788 3.59727 
-18.1473 -1.21789 3.59829 
-18.2841 -1.05811 3.61438 
-18.3997 -0.915953 3.63184 
-18.4906 -0.797453 3.64915 
-18.4992 -0.787008 3.65025 
-18.503 -0.64938 3.38792 
-18.5637 -0.557621 3.40518 
-18.5576 -0.550608 3.41316 
-18.5525 -0.537439 3.42342 
-18.5163 -0.540255 3.44156 
-18.5031 -0.547039 3.44477 
-18.4431 -0.576805 3.45969 
-18.4099 -0.597515 3.46545 
-18.3057 -0.673557 3.478 
-18.2928 -0.682613 3.4797 
-18.1624 -0.785301 3.49049 
-18.1053 -0.826553 3.49603 
-18.0365 -0.875626 3.50253 
-17.8867 -1.00599 3.5078 
-17.7363 -1.1327 3.51323 
-17.7276 -1.13941 3.51392 
-17.59 -1.24838 3.52002 
-17.4219 -1.40239 3.52056 
-17.2507 -1.55789 3.52062 
-17.0786 -1.71236 3.52057 
-16.9051 -1.86659 3.51973 
-16.7289 -2.02125 3.519 
-16.5517 -2.17567 3.51765 
-16.3653 -2.35635 3.51086 
-16.3527 -2.36863 3.51029 
-16.1564 -2.55191 3.50409 
-15.953 -2.74591 3.49583 
-15.8891 -2.81001 3.4924 
-15.7371 -2.95907 3.48427 
-15.5877 -3.11016 3.47466 
-15.502 -3.2019 3.46758 
-15.3888 -3.32282 3.45792 
-15.2737 -3.46527 3.44199 
-15.2368 -3.54215 3.42696 
-15.2619 -3.567 3.41234 
-15.2816 -3.56471 3.40782 
-15.3168 -3.56557 3.39767 
-15.3454 -3.58327 3.38209 
-15.3565 -3.57775 3.38061 
-15.454 -3.532 3.36681 
-15.4716 -3.52298 3.36433 
-15.5707 -3.47094 3.35069 
-15.5871 -3.46207 3.3483 
-15.7201 -3.37296 3.33679 
-15.7502 -3.35188 3.33435 
-15.8558 -3.27596 3.32627 
-16.0062 -3.1565 3.31989 
-16.0363 -3.13436 3.31703 
-16.1387 -3.05754 3.30818 
-16.2847 -2.93754 3.301 
-16.3133 -2.91557 3.29799 
-16.4119 -2.83845 3.28847 
-16.5553 -2.71628 3.28032 
-16.5826 -2.69456 3.2772 
-16.6778 -2.61631 3.26691 
-16.8204 -2.48931 3.25917 
-16.9729 -2.34782 3.25391 
-16.9865 -2.33532 3.25301 
-17.1146 -2.21658 3.2463 
-17.2064 -2.12332 3.25028 
-17.319 -2.00826 3.25565 
-17.466 -1.85246 3.26777 
-17.5794 -1.72815 3.28014 
-17.6352 -1.6667 3.28606 
-17.7777 -1.50532 3.30413 
-17.8964 -1.36545 3.3223 
-17.9039 -1.3569 3.32312 
-18.0585 -1.17957 3.33924 
-18.1717 -1.04793 3.3511 
-18.2226 -0.989172 3.35583 
-18.3451 -0.83853 3.37247 
-18.4515 -0.711317 3.38315 
-18.4404 -0.603279 3.10871 
-18.4956 -0.517134 3.12605 
-18.5541 -0.425844 3.14272 
-18.5726 -0.373604 3.15987 
-18.5643 -0.378094 3.16198 
-18.5153 -0.395903 3.17784 
-18.4783 -0.419676 3.18449 
-18.3741 -0.49898 3.19675 
-18.3612 -0.508026 3.1983 
-18.2337 -0.609968 3.20921 
-18.1824 -0.646418 3.21481 
-18.1117 -0.695951 3.22234 
-17.9658 -0.822485 3.22844 
-17.8861 -0.886908 3.23279 
-17.8247 -0.93565 3.23617 
-17.6682 -1.0731 3.23994 
-17.5134 -1.20483 3.24416 
-17.3564 -1.33722 3.24776 
-17.183 -1.49685 3.24718 
-17.011 -1.6513 3.24678 
-16.8376 -1.80531 3.24626 
-16.6616 -1.95985 3.24545 
-16.4756 -2.13144 3.2418 
-16.2854 -2.30793 3.23696 
-16.095 -2.47998 3.23246 
-16.0277 -2.54764 3.22914 
-15.8832 -2.69078 3.22192 
-15.6764 -2.88798 3.21296 
-15.6498 -2.91499 3.21127 
-15.4568 -3.10484 3.20044 
-15.3492 -3.21283 3.19363 
-15.209 -3.3654 3.18083 
-15.1702 -3.40799 3.17731 
-15.0778 -3.53177 3.16168 
-15.0889 -3.56664 3.1482 
-15.0904 -3.56869 3.14735 
-15.1022 -3.60447 3.13248 
-15.1739 -3.57374 3.12366 
-15.211 -3.55912 3.11834 
-15.2563 -3.56284 3.1029 
-15.2673 -3.55783 3.10151 
-15.3547 -3.52015 3.08738 
-15.3732 -3.51576 3.08263 
-15.4084 -3.51225 3.07079 
-15.4611 -3.49216 3.0592 
-15.4887 -3.47894 3.05391 
-15.5677 -3.43684 3.04044 
-15.5999 -3.41595 3.03669 
-15.6952 -3.34904 3.02789 
-15.7893 -3.28117 3.01869 
-15.8206 -3.26003 3.01472 
-15.9589 -3.15166 3.00484 
-15.9991 -3.12247 2.99966 
-16.078 -3.06333 2.99027 
-16.1482 -3.01214 2.97963 
-16.1846 -2.98645 2.97256 
-16.263 -2.92796 2.95889 
-16.2894 -2.9076 2.95447 
-16.4034 -2.81408 2.93903 
-16.4156 -2.80434 2.93686 
-16.5085 -2.72696 2.92159 
-16.6505 -2.59597 2.91388 
-16.813 -2.43973 2.91191 
-17.0027 -2.251 2.91727 
-17.1259 -2.12328 2.92886 
-17.1993 -2.0383 2.94946 
-17.2756 -1.94868 2.9697 
-17.3314 -1.87719 2.9897 
-17.4579 -1.73417 3.00862 
-17.5788 -1.59453 3.02715 
-17.5885 -1.5838 3.02804 
-17.7214 -1.43142 3.04488 
-17.872 -1.26069 3.05986 
-17.8939 -1.23595 3.06169 
-18.0515 -1.0528 3.07832 
-18.124 -0.970839 3.08363 
-18.2614 -0.813881 3.09341 
-18.351 -0.708736 3.10123 
-18.3047 -0.629347 2.83018 
-18.4511 -0.449778 2.84573 
-18.5377 -0.329802 2.86211 
-18.5664 -0.26733 2.87904 
-18.5358 -0.263268 2.89652 
-18.5259 -0.269949 2.89838 
-18.4346 -0.328041 2.91467 
-18.4251 -0.333946 2.91638 
-18.2996 -0.435745 2.92741 
-18.249 -0.472219 2.93305 
-18.1803 -0.521008 2.94077 
-18.0405 -0.63891 2.94844 
-18.0074 -0.664209 2.95102 
-17.9064 -0.742128 2.95794 
-17.7547 -0.874926 2.96265 
-17.5981 -1.01268 2.96621 
-17.4367 -1.15663 2.96828 
-17.428 -1.16328 2.96872 
-17.2882 -1.27168 2.9745 
-17.1167 -1.42793 2.97435 
-16.9458 -1.58011 2.97421 
-16.7716 -1.7359 2.97353 
-16.5961 -1.88934 2.97296 
-16.4119 -2.06997 2.96646 
-16.3995 -2.08233 2.96592 
-16.2131 -2.25148 2.96234 
-16.0173 -2.43494 2.95632 
-15.8551 -2.59617 2.94837 
-15.8059 -2.64507 2.94598 
-15.6031 -2.83549 2.93818 
-15.482 -2.95817 2.93072 
-15.3764 -3.06566 2.92393 
-15.2412 -3.20621 2.91412 
-15.1357 -3.34201 2.89867 
-15.0886 -3.42885 2.88367 
-15.0972 -3.46871 2.86907 
-15.1457 -3.4553 2.86098 
-15.1803 -3.44556 2.85494 
-15.227 -3.45013 2.83975 
-15.2378 -3.44514 2.83829 
-15.3268 -3.40771 2.82455 
-15.3457 -3.40349 2.81999 
-15.3776 -3.40359 2.80852 
-15.4276 -3.39165 2.79478 
-15.4426 -3.38535 2.79166 
-15.5027 -3.36828 2.77469 
-15.5189 -3.35954 2.77193 
-15.6021 -3.31444 2.75715 
-15.6144 -3.31451 2.75087 
-15.6292 -3.32051 2.73885 
-15.6457 -3.33367 2.71992 
-15.6606 -3.32472 2.71698 
-15.7148 -3.2976 2.70085 
-15.742 -3.28353 2.69237 
-15.7972 -3.24677 2.68106 
-15.846 -3.20987 2.67413 
-15.9381 -3.13926 2.66044 
-15.9542 -3.1275 2.65724 
-16.0789 -3.02287 2.64457 
-16.1155 -2.99302 2.63885 
-16.1851 -2.93532 2.62766 
-16.3273 -2.80554 2.62016 
-16.4888 -2.65249 2.61771 
-16.6807 -2.46435 2.62341 
-16.7856 -2.35767 2.63226 
-16.9437 -2.19434 2.64777 
-16.9841 -2.15255 2.65124 
-17.082 -2.04361 2.67119 
-17.1583 -1.95394 2.69105 
-17.2115 -1.8849 2.71101 
-17.2335 -1.8518 2.7235 
-17.2469 -1.8311 2.73096 
-17.2562 -1.80077 2.75059 
-17.3913 -1.64968 2.76549 
-17.417 -1.62086 2.76812 
-17.5849 -1.43187 2.78517 
-17.6485 -1.36201 2.78975 
-17.8477 -1.14806 2.7989 
-17.8684 -1.12516 2.80022 
-18.0644 -0.90554 2.81312 
-18.0968 -0.868746 2.81531 
-18.2843 -0.653008 2.82893 
-18.2711 -0.519066 2.5677 
-18.371 -0.385626 2.58368 
-18.4355 -0.286392 2.60001 
-18.413 -0.282988 2.61327 
-18.4047 -0.282347 2.61752 
-18.349 -0.300894 2.63467 
-18.3343 -0.3095 2.63746 
-18.2144 -0.400873 2.6502 
-18.1935 -0.415537 2.65263 
-18.093 -0.489698 2.66261 
-18.0005 -0.561211 2.6699 
-17.9635 -0.587671 2.67336 
-17.8148 -0.718615 2.6785 
-17.6673 -0.843292 2.68405 
-17.5098 -0.982769 2.68732 
-17.5011 -0.989473 2.68765 
-17.363 -1.09803 2.69377 
-17.1941 -1.25347 2.6938 
-17.0286 -1.39752 2.69545 
-16.8727 -1.51957 2.69987 
-16.6818 -1.70862 2.69424 
-16.5033 -1.86859 2.6925 
-16.3263 -2.02257 2.69147 
-16.1406 -2.20282 2.685 
-16.1282 -2.21515 2.68456 
-15.9331 -2.39743 2.67889 
-15.7304 -2.59158 2.67083 
-15.6672 -2.65512 2.66743 
-15.5158 -2.80442 2.65989 
-15.3806 -2.94449 2.65079 
-15.2748 -3.06083 2.6418 
-15.1919 -3.15003 2.63483 
-15.1231 -3.25573 2.61993 
-15.0724 -3.34559 2.60485 
-15.0475 -3.41228 2.58968 
-15.0679 -3.41011 2.585 
-15.104 -3.41068 2.57519 
-15.1336 -3.42917 2.55962 
-15.1438 -3.42558 2.55788 
-15.1934 -3.4202 2.54395 
-15.2167 -3.43369 2.5302 
-15.224 -3.43326 2.5278 
-15.2429 -3.45414 2.51084 
-15.2869 -3.43559 2.50193 
-15.3247 -3.41932 2.49409 
-15.3908 -3.38411 2.48264 
-15.4247 -3.36583 2.47668 
-15.4585 -3.36649 2.45868 
-15.4679 -3.36113 2.45692 
-15.6034 -3.25834 2.44667 
-15.6396 -3.23552 2.44001 
-15.7113 -3.1868 2.42896 
-15.7614 -3.1519 2.42096 
-15.8041 -3.12813 2.40806 
-15.824 -3.11749 2.40128 
-15.8926 -3.06963 2.38619 
-15.9312 -3.03925 2.38078 
-16.0034 -2.98154 2.37028 
-16.1474 -2.85253 2.3633 
-16.3243 -2.68471 2.36474 
-16.4894 -2.52818 2.36317 
-16.6895 -2.32981 2.37118 
-16.7276 -2.29064 2.37444 
-16.8522 -2.15613 2.39396 
-16.8818 -2.11154 2.41396 
-16.8953 -2.08969 2.42401 
-16.9096 -2.06655 2.43379 
-16.991 -1.96786 2.45282 
-17.0403 -1.89824 2.47172 
-17.0778 -1.8379 2.49034 
-17.1918 -1.71093 2.5022 
-17.2539 -1.64268 2.50742 
-17.4135 -1.47232 2.51682 
-17.5271 -1.34981 2.52322 
-17.6248 -1.24411 2.52883 
-17.7954 -1.05735 2.53848 
-17.833 -1.01574 2.54063 
-18.0359 -0.790295 2.5516 
-18.0559 -0.767483 2.55295 
-18.2503 -0.543142 2.56631 
-18.3839 -0.254263 2.30203 
-18.4837 -0.118759 2.31791 
-18.4569 -0.128162 2.32745 
-18.4353 -0.133823 2.3357 
-18.3738 -0.166286 2.35021 
-18.356 -0.17782 2.35323 
-18.2621 -0.247276 2.3648 
-18.208 -0.286766 2.37109 
-18.1468 -0.329134 2.37852 
-18.0098 -0.445942 2.38634 
-17.9805 -0.468061 2.38883 
-17.8797 -0.544737 2.39677 
-17.7339 -0.669794 2.40254 
-17.5791 -0.808445 2.40581 
-17.5697 -0.815939 2.4063 
-17.4332 -0.924549 2.41249 
-17.2672 -1.07802 2.41301 
-17.1034 -1.22328 2.41455 
-16.9484 -1.34632 2.41931 
-16.7794 -1.49485 2.41989 
-16.5948 -1.67136 2.41594 
-16.4074 -1.84881 2.41195 
-16.2311 -2.00171 2.41099 
-16.0441 -2.17295 2.40715 
-15.9553 -2.25925 2.40389 
-15.8422 -2.36852 2.39951 
-15.6483 -2.54612 2.39441 
-15.4844 -2.7074 2.38643 
-15.436 -2.75534 2.38392 
-15.2231 -2.9612 2.37373 
-15.1604 -3.02619 2.36934 
-14.9812 -3.21461 2.35587 
-14.9457 -3.25195 2.35307 
-14.855 -3.37522 2.33792 
-14.788 -3.47793 2.32279 
-14.7682 -3.54086 2.30772 
-14.7876 -3.53959 2.30319 
-14.8251 -3.53965 2.29303 
-14.8338 -3.5761 2.2776 
-14.8529 -3.57374 2.27258 
-14.8869 -3.57386 2.26199 
-14.9134 -3.59119 2.24593 
-14.9236 -3.58662 2.24428 
-15.0011 -3.55567 2.22969 
-15.0256 -3.54655 2.22449 
-15.0753 -3.52833 2.21299 
-15.1239 -3.5049 2.20389 
-15.1955 -3.45879 2.196 
-15.2491 -3.42303 2.19031 
-15.381 -3.32839 2.17892 
-15.3861 -3.32486 2.17834 
-15.5049 -3.24044 2.16553 
-15.5517 -3.20736 2.15994 
-15.6215 -3.15801 2.15043 
-15.7594 -3.0459 2.14128 
-15.764 -3.04234 2.14054 
-15.8786 -2.95316 2.12749 
-15.9383 -2.90545 2.12065 
-15.9937 -2.86173 2.1127 
-16.1206 -2.75344 2.10143 
-16.1639 -2.71459 2.09933 
-16.2642 -2.62347 2.0946 
-16.4293 -2.46697 2.09337 
-16.5255 -2.37214 2.0963 
-16.6525 -2.24172 2.10697 
-16.7091 -2.18102 2.11504 
-16.7848 -2.0916 2.13435 
-16.7843 -2.08677 2.1404 
-16.7854 -2.0731 2.15394 
-16.8116 -2.02732 2.17323 
-16.8304 -1.9865 2.19216 
-16.8277 -1.9852 2.19527 
-16.8205 -1.97093 2.21086 
-16.9365 -1.84082 2.22394 
-16.9783 -1.79438 2.22825 
-17.1692 -1.58941 2.24126 
-17.2341 -1.52109 2.2445 
-17.3709 -1.37676 2.25077 
-17.5557 -1.18513 2.25573 
-17.6189 -1.11683 2.25885 
-17.7529 -0.972031 2.26497 
-17.9391 -0.771664 2.27132 
-17.9589 -0.748871 2.27261 
-18.1532 -0.524755 2.28611 
-18.1739 -0.500681 2.28755 
-18.3648 -0.276993 2.30076 
-18.446 -0.0367489 2.03716 
-18.5009 0.0544262 2.0534 
-18.4575 0.0452919 2.07063 
-18.4428 0.0358448 2.07323 
-18.3267 -0.0551319 2.08607 
-18.3074 -0.0690041 2.08853 
-18.2096 -0.143829 2.09882 
-18.1205 -0.214376 2.10619 
-18.0849 -0.240816 2.10968 
-17.9403 -0.371477 2.11485 
-17.7936 -0.500992 2.12012 
-17.7148 -0.565174 2.12424 
-17.654 -0.613674 2.12762 
-17.5004 -0.749647 2.13131 
-17.3465 -0.881695 2.13528 
-17.1915 -1.01269 2.13927 
-17.0235 -1.16671 2.13931 
-16.8525 -1.32133 2.13932 
-16.6812 -1.47493 2.13885 
-16.5084 -1.6283 2.13857 
-16.3327 -1.78214 2.13804 
-16.154 -1.94053 2.13633 
-15.9588 -2.12779 2.13014 
-15.7981 -2.28959 2.12263 
-15.7497 -2.33851 2.12039 
-15.5509 -2.52549 2.11371 
-15.4254 -2.65485 2.10627 
-15.3279 -2.75477 2.10037 
-15.1446 -2.93894 2.08987 
-15.105 -2.97849 2.08746 
-14.9029 -3.18687 2.07356 
-14.8587 -3.23827 2.06879 
-14.7618 -3.35059 2.05811 
-14.6912 -3.45628 2.04266 
-14.6713 -3.51915 2.02752 
-14.6908 -3.51784 2.0229 
-14.7281 -3.51793 2.01277 
-14.7573 -3.53742 1.99722 
-14.7682 -3.5332 1.99553 
-14.8242 -3.52361 1.98168 
-14.8596 -3.51706 1.97257 
-14.8916 -3.50673 1.96591 
-14.932 -3.50989 1.94944 
-14.9422 -3.50524 1.94754 
-14.9951 -3.49178 1.9325 
-15.0159 -3.49663 1.92075 
-15.0319 -3.49334 1.91522 
-15.0755 -3.4865 1.89774 
-15.0918 -3.47749 1.8946 
-15.1548 -3.44671 1.87974 
-15.1872 -3.42671 1.87418 
-15.2827 -3.36102 1.8611 
-15.2998 -3.34998 1.85809 
-15.4426 -3.23353 1.84998 
-15.5106 -3.1821 1.84197 
-15.5588 -3.14564 1.83546 
-15.6981 -3.02766 1.8269 
-15.7366 -2.99739 1.82155 
-15.8106 -2.93755 1.81194 
-15.891 -2.87137 1.80108 
-15.92 -2.8472 1.79683 
-16.0383 -2.74397 1.78406 
-16.2245 -2.56441 1.78807 
-16.3851 -2.40443 1.79713 
-16.494 -2.28715 1.81632 
-16.5718 -2.19777 1.83567 
-16.5652 -2.1875 1.85545 
-16.5967 -2.13857 1.87449 
-16.5937 -2.13565 1.87978 
-16.5897 -2.12402 1.89366 
-16.5904 -2.09993 1.91248 
-16.6367 -2.03082 1.93063 
-16.7246 -1.92082 1.94806 
-16.9054 -1.72716 1.9611 
-16.9679 -1.66151 1.96457 
-17.1107 -1.51242 1.97122 
-17.3023 -1.31049 1.98002 
-17.3106 -1.30131 1.98043 
-17.4908 -1.11609 1.98435 
-17.6835 -0.908838 1.99245 
-17.7069 -0.882849 1.99386 
-17.882 -0.689104 2.00283 
-17.9888 -0.569342 2.00846 
-18.0808 -0.464951 2.01373 
-18.2434 -0.278477 2.02275 
-18.2795 -0.236214 2.02493 
-18.4861 0.162657 1.77254 
-18.4957 0.208012 1.78913 
-18.4868 0.202238 1.79066 
-18.3767 0.117336 1.8044 
-18.357 0.102659 1.80695 
-18.2607 0.0279312 1.81709 
-18.1735 -0.0424423 1.82458 
-18.1384 -0.0688877 1.82808 
-18.0046 -0.181992 1.83603 
-17.8546 -0.32267 1.83932 
-17.784 -0.382446 1.84261 
-17.7134 -0.441185 1.84619 
-17.5618 -0.577038 1.84977 
-17.4109 -0.708189 1.85396 
-17.2568 -0.839933 1.85818 
-17.0905 -0.993893 1.85837 
-16.9227 -1.14767 1.85834 
-16.7522 -1.3022 1.8582 
-16.5808 -1.45549 1.85804 
-16.4079 -1.6087 1.85773 
-16.2298 -1.76806 1.85629 
-16.0362 -1.95596 1.85017 
-15.8466 -2.13242 1.84567 
-15.7802 -2.19989 1.84247 
-15.637 -2.34292 1.83589 
-15.4329 -2.54021 1.82787 
-15.4078 -2.56588 1.82613 
-15.2177 -2.7538 1.81682 
-15.0923 -2.87915 1.80991 
-14.9938 -2.97921 1.80379 
-14.854 -3.12462 1.79385 
-14.7455 -3.24154 1.78466 
-14.6631 -3.32881 1.77769 
-14.5924 -3.43434 1.76256 
-14.5724 -3.49711 1.74738 
-14.5916 -3.49591 1.74261 
-14.6291 -3.49591 1.73235 
-14.6579 -3.51542 1.7168 
-14.6689 -3.51113 1.71509 
-14.7247 -3.50158 1.70126 
-14.7601 -3.49509 1.69199 
-14.7921 -3.48477 1.68526 
-14.8122 -3.50495 1.66861 
-14.8302 -3.49998 1.66373 
-14.8678 -3.49314 1.65199 
-14.9193 -3.47045 1.64105 
-14.9494 -3.45656 1.63481 
-15.0113 -3.43119 1.61922 
-15.0194 -3.42713 1.61726 
-15.1112 -3.37514 1.59995 
-15.1145 -3.37319 1.59932 
-15.1845 -3.33763 1.58106 
-15.1995 -3.32822 1.57812 
-15.2836 -3.27313 1.56245 
-15.2993 -3.26281 1.55933 
-15.4301 -3.15682 1.54871 
-15.4924 -3.10655 1.54271 
-15.5534 -3.05658 1.53673 
-15.6401 -2.98896 1.52276 
-15.656 -2.97676 1.51945 
-15.7817 -2.86764 1.50857 
-15.8391 -2.81815 1.50193 
-15.8974 -2.76664 1.49561 
-16.022 -2.64563 1.5004 
-16.1114 -2.55719 1.50618 
-16.2301 -2.43585 1.51868 
-16.2317 -2.42334 1.53512 
-16.2287 -2.42392 1.53831 
-16.2862 -2.35381 1.55744 
-16.3617 -2.26462 1.57619 
-16.4046 -2.20453 1.59478 
-16.4301 -2.1588 1.61346 
-16.4147 -2.1618 1.62272 
-16.3964 -2.1666 1.63203 
-16.4218 -2.1167 1.65005 
-16.5737 -1.95233 1.66386 
-16.6109 -1.91199 1.66706 
-16.8086 -1.70086 1.681 
-16.847 -1.66019 1.68358 
-17.0205 -1.47656 1.69325 
-17.1395 -1.35038 1.69939 
-17.2273 -1.25547 1.70428 
-17.4169 -1.05603 1.71114 
-17.4758 -0.99184 1.71429 
-17.6164 -0.838358 1.72145 
-17.7473 -0.691402 1.72939 
-17.8242 -0.603552 1.73475 
-18.0106 -0.39707 1.74249 
-18.0339 -0.370409 1.7438 
-18.2028 -0.177996 1.7523 
-18.3047 -0.0597172 1.7578 
-18.4019 0.0578537 1.7652 
-18.5194 0.324543 1.49165 
-18.5384 0.379168 1.50806 
-18.5291 0.372564 1.50961 
-18.442 0.315056 1.52536 
-18.4333 0.309704 1.527 
-18.3083 0.200073 1.53615 
-18.2261 0.133316 1.5434 
-18.1869 0.102169 1.54697 
-18.0555 -0.0106754 1.55483 
-17.915 -0.136101 1.56052 
-17.9069 -0.142776 1.56097 
-17.7788 -0.249445 1.56805 
-17.6187 -0.405087 1.56853 
-17.4696 -0.53602 1.57282 
-17.3185 -0.666895 1.57694 
-17.1534 -0.821482 1.57723 
-16.9874 -0.975248 1.57735 
-16.8193 -1.1288 1.57758 
-16.6491 -1.28303 1.57738 
-16.478 -1.43617 1.5771 
-16.3054 -1.58907 1.5768 
-16.1275 -1.74821 1.57534 
-15.934 -1.93581 1.56939 
-15.7446 -2.11211 1.56492 
-15.6828 -2.17559 1.56187 
-15.5348 -2.32326 1.55515 
-15.3592 -2.50083 1.54601 
-15.3193 -2.54177 1.54372 
-15.103 -2.75738 1.53245 
-15.0659 -2.79616 1.52999 
-14.8686 -3.00063 1.51664 
-14.8311 -3.03921 1.51412 
-14.6275 -3.25404 1.49821 
-14.6183 -3.26481 1.49713 
-14.4936 -3.41065 1.48253 
-14.4716 -3.47482 1.46728 
-14.4909 -3.47362 1.46256 
-14.528 -3.47368 1.4521 
-14.557 -3.49303 1.43648 
-14.5678 -3.48882 1.43484 
-14.6235 -3.47927 1.42081 
-14.6587 -3.47272 1.41155 
-14.6904 -3.46245 1.4048 
-14.7311 -3.46558 1.38818 
-14.7402 -3.46186 1.38638 
-14.7965 -3.44519 1.37141 
-14.8365 -3.42332 1.36546 
-14.9398 -3.35578 1.35445 
-14.9607 -3.34276 1.35181 
-15.0887 -3.25309 1.33943 
-15.1101 -3.23861 1.33685 
-15.2125 -3.16506 1.32635 
-15.306 -3.09397 1.31857 
-15.3417 -3.06743 1.31488 
-15.486 -2.94767 1.30762 
-15.572 -2.87969 1.29968 
-15.6109 -2.84892 1.29565 
-15.7664 -2.71073 1.29163 
-15.9214 -2.55977 1.29808 
-15.9804 -2.50077 1.30195 
-16.1157 -2.35839 1.3157 
-16.1711 -2.28405 1.33379 
-16.2417 -2.194 1.35164 
-16.3185 -2.09638 1.36909 
-16.4746 -1.92621 1.38385 
-16.4989 -1.89992 1.38596 
-16.6884 -1.69229 1.40281 
-16.7242 -1.65411 1.4052 
-16.9266 -1.43556 1.41901 
-16.9474 -1.41278 1.42046 
-17.138 -1.21494 1.42746 
-17.2577 -1.08475 1.43436 
-17.3454 -0.988743 1.43948 
-17.5379 -0.780685 1.44808 
-17.5613 -0.754375 1.44956 
-17.7331 -0.564493 1.45796 
-17.8769 -0.405834 1.4642 
-17.9199 -0.357464 1.46623 
-18.0938 -0.167618 1.47113 
-18.236 -0.00529099 1.47775 
-18.2778 0.042923 1.47978 
-18.4532 0.243177 1.4866 
-18.148 0.0652485 1.21482 
-18.2285 0.183882 1.23081 
-18.3046 0.299971 1.24644 
-18.204 0.221766 1.25741 
-18.0532 0.0688725 1.25866 
-17.9066 -0.073164 1.26144 
-17.7501 -0.22978 1.26183 
-17.6741 -0.293772 1.26612 
-17.6153 -0.342188 1.26945 
-17.4742 -0.462282 1.27576 
-17.3842 -0.529215 1.28238 
-17.3426 -0.559378 1.28564 
-17.1924 -0.689182 1.28983 
-17.0447 -0.80879 1.29564 
-16.8815 -0.95664 1.29678 
-16.7169 -1.10432 1.29768 
-16.7071 -1.11168 1.29815 
-16.5662 -1.21895 1.30368 
-16.3959 -1.37041 1.30369 
-16.2224 -1.52534 1.30307 
-16.0395 -1.69502 1.29995 
-15.9538 -1.78042 1.29681 
-15.843 -1.88945 1.29293 
-15.649 -2.075 1.28709 
-15.5414 -2.18687 1.28104 
-15.433 -2.29867 1.2753 
-15.2851 -2.45499 1.26584 
-15.2058 -2.53931 1.26024 
-15.0538 -2.69917 1.25017 
-14.9738 -2.78272 1.24477 
-14.8386 -2.92678 1.23459 
-14.7157 -3.06547 1.22247 
-14.6763 -3.1086 1.21899 
-14.5839 -3.23155 1.20349 
-14.5156 -3.333 1.18808 
-14.4936 -3.39515 1.17237 
-14.5058 -3.40422 1.16543 
-14.5166 -3.41905 1.15663 
-14.512 -3.46349 1.14062 
-14.5555 -3.45017 1.13143 
-14.5872 -3.43988 1.12445 
-14.6277 -3.44303 1.10801 
-14.6381 -3.43744 1.10647 
-14.7406 -3.38244 1.09135 
-14.7509 -3.37671 1.08975 
-14.8961 -3.26881 1.08137 
-14.9881 -3.20243 1.074 
-15.0299 -3.17247 1.07046 
-15.1324 -3.10609 1.05645 
-15.1425 -3.09987 1.05481 
-15.2754 -2.99842 1.04417 
-15.3245 -2.96284 1.03832 
-15.392 -2.91316 1.0303 
-15.5365 -2.7909 1.02326 
-15.706 -2.63598 1.02254 
-15.925 -2.41887 1.03439 
-15.9471 -2.39633 1.03603 
-16.0614 -2.26741 1.05348 
-16.1363 -2.17347 1.07104 
-16.2077 -2.08077 1.08847 
-16.2799 -1.9854 1.10567 
-16.4346 -1.81531 1.12036 
-16.4591 -1.78858 1.12249 
-16.6631 -1.57052 1.13627 
-16.696 -1.53471 1.13869 
-16.889 -1.32392 1.15245 
-16.9341 -1.27593 1.15476 
-17.0863 -1.1148 1.16174 
-17.2703 -0.923042 1.16743 
-17.3154 -0.873598 1.16988 
-17.4647 -0.710737 1.17711 
-17.6421 -0.521942 1.18233 
-17.6866 -0.472315 1.1847 
-17.8313 -0.310642 1.19179 
-17.9513 -0.170979 1.19958 
-18.0373 -0.0683022 1.20634 
-18.1953 0.244604 0.934921 
-18.1826 0.266232 0.951447 
-18.1723 0.263731 0.955284 
-18.1485 0.268188 0.967896 
-18.1009 0.249535 0.980286 
-17.9563 0.108566 0.983261 
-17.9039 0.0594845 0.985008 
-17.8151 -0.0234394 0.987572 
-17.6679 -0.162439 0.990578 
-17.5458 -0.295458 0.986191 
-17.4897 -0.356552 0.984016 
-17.4301 -0.408104 0.986671 
-17.3472 -0.479271 0.98999 
-17.205 -0.598307 0.996017 
-17.114 -0.665037 1.00262 
-17.0721 -0.695177 1.00571 
-16.9192 -0.825378 1.00977 
-16.7711 -0.943859 1.0154 
-16.6094 -1.08556 1.01725 
-16.5996 -1.09298 1.01767 
-16.4588 -1.20006 1.02351 
-16.289 -1.35123 1.02351 
-16.1169 -1.50351 1.0232 
-15.9416 -1.65773 1.02258 
-15.7592 -1.83672 1.01643 
-15.747 -1.84892 1.01609 
-15.5647 -2.01163 1.01373 
-15.353 -2.22824 1.00314 
-15.3183 -2.26525 1.00082 
-15.1254 -2.47127 0.987732 
-15.0909 -2.50795 0.985573 
-14.8913 -2.72011 0.971451 
-14.8696 -2.74298 0.970024 
-14.6691 -2.95777 0.95443 
-14.646 -2.98246 0.952736 
-14.4813 -3.15977 0.939041 
-14.3881 -3.28317 0.923508 
-14.3294 -3.3768 0.90802 
-14.3065 -3.4396 0.892441 
-14.2967 -3.49037 0.876709 
-14.334 -3.48216 0.868164 
-14.3641 -3.47595 0.860718 
-14.3865 -3.49621 0.844543 
-14.4051 -3.49193 0.839844 
-14.444 -3.48562 0.828186 
-14.5 -3.4595 0.818321 
-14.5563 -3.42616 0.811546 
-14.6217 -3.38536 0.803894 
-14.7791 -3.26099 0.798653 
-14.8498 -3.20804 0.794151 
-14.9207 -3.15423 0.789803 
-15.0531 -3.05609 0.779198 
-15.0832 -3.03373 0.776527 
-15.1835 -2.95807 0.767891 
-15.3294 -2.837 0.761223 
-15.5046 -2.67748 0.761673 
-15.6741 -2.5045 0.774696 
-15.7747 -2.38705 0.791954 
-15.8356 -2.30406 0.808998 
-15.9022 -2.22863 0.817635 
-15.9698 -2.15198 0.825912 
-16.1149 -1.98807 0.842628 
-16.1897 -1.90881 0.847809 
-16.3691 -1.72058 0.858864 
-16.4082 -1.67934 0.861206 
-16.6208 -1.45489 0.873405 
-16.6448 -1.429 0.874794 
-16.8262 -1.23631 0.884392 
-16.9435 -1.11068 0.890701 
-17.0301 -1.01618 0.895821 
-17.2094 -0.830511 0.900734 
-17.3849 -0.647633 0.905426 
-17.3963 -0.635283 0.905792 
-17.5658 -0.452681 0.911835 
-17.7285 -0.283207 0.91394 
-17.8945 -0.100328 0.91996 
-17.9056 -0.0881081 0.920456 
-18.0754 0.0998459 0.925911 
-18.0854 0.262856 0.656738 
-18.1052 0.318058 0.672951 
-18.079 0.312225 0.682663 
-18.0602 0.30838 0.689316 
-18.0427 0.329628 0.705544 
-18.0141 0.311998 0.710007 
-17.8716 0.175089 0.713242 
-17.7086 0.00227547 0.710083 
-17.5977 -0.118078 0.706451 
-17.5347 -0.186516 0.704231 
-17.3684 -0.35803 0.701302 
-17.219 -0.494028 0.704811 
-17.1903 -0.515139 0.707092 
-17.0888 -0.590963 0.714378 
-16.9399 -0.718943 0.718948 
-16.8597 -0.78245 0.722786 
-16.7969 -0.831219 0.725952 
-16.6407 -0.965916 0.729019 
-16.4852 -1.0957 0.732735 
-16.3272 -1.22603 0.736473 
-16.1569 -1.37838 0.736229 
-15.9849 -1.53045 0.735992 
-15.8079 -1.68874 0.734787 
-15.6035 -1.89815 0.725281 
-15.5416 -1.96276 0.721954 
-15.3939 -2.11344 0.714615 
-15.2551 -2.25832 0.706505 
-15.1718 -2.34632 0.701134 
-15.021 -2.50589 0.691025 
-14.9415 -2.58927 0.685799 
-14.7962 -2.74238 0.675697 
-14.7019 -2.84312 0.66848 
-14.6016 -2.95142 0.660172 
-14.4426 -3.12359 0.646446 
-14.4184 -3.14894 0.644615 
-14.293 -3.29664 0.629089 
-14.1776 -3.43481 0.613319 
-14.1042 -3.53719 0.597511 
-14.0785 -3.59927 0.581589 
-14.0595 -3.65413 0.565498 
-14.0875 -3.65961 0.553383 
-14.0971 -3.66086 0.549278 
-14.1064 -3.68878 0.532829 
-14.1501 -3.67074 0.523903 
-14.1878 -3.65491 0.516029 
-14.26 -3.61211 0.506714 
-14.3562 -3.54487 0.498779 
-14.3924 -3.5203 0.495232 
-14.5562 -3.38647 0.491356 
-14.7138 -3.25741 0.486649 
-14.8658 -3.13333 0.480774 
-14.8751 -3.12588 0.480171 
-15.0086 -3.01797 0.472916 
-15.1825 -2.86197 0.472908 
-15.2943 -2.75307 0.478752 
-15.4174 -2.61706 0.495766 
-15.4855 -2.54264 0.504204 
-15.5563 -2.46528 0.512642 
-15.6481 -2.35406 0.529419 
-15.7254 -2.25436 0.546288 
-15.8362 -2.12237 0.562935 
-15.9185 -2.03378 0.569832 
-16.0216 -1.92039 0.579231 
-16.1743 -1.7521 0.592651 
-16.2149 -1.7086 0.59552 
-16.3861 -1.52942 0.604591 
-16.5518 -1.35946 0.611343 
-16.5824 -1.32732 0.612839 
-16.7485 -1.16745 0.613647 
-16.9176 -1.00015 0.615433 
-17.1006 -0.809195 0.621559 
-17.2046 -0.69669 0.626328 
-17.2906 -0.602957 0.630447 
-17.4659 -0.416805 0.635857 
-17.5871 -0.282307 0.641693 
-17.6519 -0.209684 0.645042 
-17.8212 -0.0261993 0.649796 
-17.9791 0.141829 0.651871 
-18.225 0.486629 0.345398 
-18.2914 0.586689 0.362 
-18.3549 0.685532 0.378517 
-18.3301 0.667837 0.383087 
-18.2587 0.61507 0.39502 
-18.2372 0.599712 0.398643 
-18.1016 0.463511 0.401642 
-17.968 0.333765 0.405914 
-17.8323 0.203793 0.410309 
-17.6841 0.0558605 0.411308 
-17.6764 0.0492039 0.411736 
-17.553 -0.058691 0.418182 
-17.4039 -0.2019 0.419998 
-17.2643 -0.323837 0.425491 
-17.1082 -0.472101 0.426506 
-16.9515 -0.619156 0.427551 
-16.9431 -0.625763 0.428001 
-16.8102 -0.733452 0.434181 
-16.645 -0.888538 0.433914 
-16.4854 -1.03064 0.435661 
-16.3329 -1.15609 0.440331 
-16.1687 -1.29889 0.442001 
-15.9954 -1.4573 0.440903 
-15.8058 -1.64321 0.435066 
-15.6351 -1.81583 0.427704 
-15.6037 -1.84813 0.426201 
-15.4075 -2.0393 0.419533 
-15.2332 -2.21192 0.412216 
-15.2023 -2.24288 0.410728 
-14.9844 -2.46434 0.399033 
-14.9491 -2.50117 0.396767 
-14.7524 -2.70628 0.383705 
-14.7173 -2.74269 0.381462 
-14.5139 -2.95357 0.36734 
-14.4919 -2.97633 0.365852 
-14.3291 -3.15528 0.350227 
-14.2441 -3.24516 0.343269 
-14.1424 -3.35199 0.334778 
-14.0439 -3.47484 0.319138 
-14.0049 -3.54735 0.303345 
-14.0099 -3.58227 0.287155 
-14.0201 -3.57842 0.28521 
-14.0724 -3.56827 0.270668 
-14.1084 -3.55734 0.261971 
-14.1613 -3.5295 0.254082 
-14.2303 -3.485 0.247437 
-14.3363 -3.41524 0.237083 
-14.357 -3.4023 0.234436 
-14.4928 -3.30482 0.223938 
-14.5747 -3.24155 0.21949 
-14.6362 -3.19429 0.215637 
-14.8002 -3.05499 0.212799 
-14.9727 -2.90347 0.212036 
-15.0725 -2.80538 0.217804 
-15.2194 -2.65521 0.229439 
-15.2746 -2.59774 0.2341 
-15.3664 -2.48686 0.250748 
-15.4401 -2.39047 0.267426 
-15.552 -2.25807 0.283813 
-15.6324 -2.17426 0.289246 
-15.7788 -2.01966 0.299759 
-15.8678 -1.92575 0.306114 
-16.0156 -1.76912 0.315926 
-16.0942 -1.68463 0.321678 
-16.2741 -1.50952 0.325172 
-16.4231 -1.35531 0.331787 
-16.4728 -1.30361 0.334198 
-16.6579 -1.1143 0.340347 
-16.8338 -0.936661 0.344292 
-16.9385 -0.828129 0.34745 
-17.0135 -0.749903 0.349869 
-17.1634 -0.606758 0.347649 
-17.2008 -0.570915 0.347221 
-17.3114 -0.46372 0.34549 
-17.4605 -0.316061 0.344131 
-17.6082 -0.167772 0.34288 
-17.7535 -0.0200672 0.341637 
-17.8965 0.127459 0.340363 
-18.0382 0.275513 0.338837 
-18.1932 0.447124 0.342239 
-17.6959 0.129591 0.102051 
-17.7836 0.255091 0.118484 
-17.7004 0.192097 0.128082 
-17.6181 0.123613 0.134415 
-17.58 0.0932732 0.137672 
-17.4407 -0.0356979 0.141609 
-17.3004 -0.162886 0.14608 
-17.2248 -0.226242 0.149902 
-17.1665 -0.274305 0.153015 
-17.0175 -0.409578 0.156166 
-16.8619 -0.553858 0.15744 
-16.717 -0.675266 0.162674 
-16.5561 -0.822428 0.16346 
-16.3911 -0.974915 0.163422 
-16.2244 -1.12714 0.16333 
-16.0526 -1.28515 0.162453 
-15.8732 -1.45488 0.159233 
-15.6743 -1.65837 0.150406 
-15.6529 -1.68158 0.149147 
-15.4529 -1.89773 0.135757 
-15.4185 -1.93467 0.133499 
-15.227 -2.13989 0.120468 
-15.1918 -2.17768 0.117989 
-14.9974 -2.38305 0.104973 
-14.963 -2.41957 0.102699 
-14.7609 -2.63161 0.0886078 
-14.7391 -2.65441 0.0871124 
-14.5368 -2.86821 0.0716782 
-14.515 -2.89049 0.0703583 
-14.3091 -3.10054 0.0563889 
-14.2639 -3.15123 0.0514221 
-14.164 -3.26227 0.0406647 
-14.085 -3.36743 0.0249329 
-14.1139 -3.37247 0.0128555 
-14.1247 -3.37298 0.00891113 
-14.2218 -3.32294 -0.0054245 
-14.2441 -3.3095 -0.00782776 
-14.3521 -3.23799 -0.0177307 
-14.4497 -3.16901 -0.0250244 
-14.4876 -3.14336 -0.0286179 
-14.6521 -3.00665 -0.0317764 
-14.8443 -2.8309 -0.0278854 
-14.8674 -2.80785 -0.026535 
-15.0348 -2.62925 -0.0105286 
-15.1184 -2.54179 -0.00370789 
-15.2271 -2.42621 0.00566101 
-15.3748 -2.26945 0.0176086 
-15.4405 -2.20212 0.0215836 
-15.5871 -2.05544 0.0282288 
-15.7619 -1.87711 0.0372925 
-15.8012 -1.83616 0.0396194 
-15.9914 -1.64808 0.0457993 
-16.1598 -1.49006 0.0464096 
-16.3387 -1.30791 0.0531235 
-16.3515 -1.2949 0.0535812 
-16.5319 -1.11299 0.0584183 
-16.7081 -0.934795 0.0628204 
-16.8778 -0.764212 0.0656357 
-16.9579 -0.678795 0.0690842 
-17.0605 -0.569561 0.0731277 
-17.2309 -0.391264 0.0775986 
-17.3757 -0.230164 0.0854645 
-17.4181 -0.182268 0.0878754 
-17.5925 0.00871277 0.0947342 
-17.4048 -0.0307846 -0.174706 
-17.4548 0.0557175 -0.158501 
-17.4224 0.0393772 -0.151619 
-17.3435 -0.0177593 -0.142662 
-17.3094 -0.0434055 -0.13945 
-17.1685 -0.172115 -0.135712 
-17.0266 -0.29903 -0.13147 
-16.9503 -0.36231 -0.127548 
-16.8904 -0.410889 -0.124306 
-16.7405 -0.545118 -0.121506 
-16.5837 -0.689053 -0.120293 
-16.4364 -0.810757 -0.11528 
-16.2748 -0.956755 -0.114273 
-16.1085 -1.10864 -0.114525 
-15.9371 -1.26628 -0.11544 
-15.7582 -1.43562 -0.118599 
-15.5595 -1.63852 -0.127281 
-15.5381 -1.66178 -0.128761 
-15.3359 -1.88206 -0.142838 
-15.3148 -1.90494 -0.144356 
-15.1611 -2.08479 -0.159973 
-15.0801 -2.17577 -0.167053 
-14.9836 -2.28301 -0.175354 
-14.8929 -2.40504 -0.19091 
-14.7773 -2.53591 -0.202652 
-14.7367 -2.58119 -0.20665 
-14.6438 -2.70151 -0.222244 
-14.5717 -2.80279 -0.238106 
-14.5146 -2.88939 -0.25412 
-14.5023 -2.93649 -0.270287 
-14.5133 -2.93017 -0.271782 
-14.6884 -2.77954 -0.272423 
-14.7103 -2.75727 -0.270973 
-14.9256 -2.53817 -0.25692 
-14.9491 -2.51429 -0.255463 
-15.1539 -2.30552 -0.243111 
-15.2211 -2.23868 -0.23996 
-15.3632 -2.0969 -0.233429 
-15.5428 -1.92979 -0.231163 
-15.7258 -1.74852 -0.224564 
-15.7389 -1.73558 -0.224052 
-15.9159 -1.567 -0.221184 
-16.1001 -1.38438 -0.216171 
-16.27 -1.22177 -0.214645 
-16.429 -1.07277 -0.215431 
-16.6032 -0.891535 -0.208588 
-16.6147 -0.879307 -0.208015 
-16.7837 -0.709703 -0.205078 
-16.9587 -0.527132 -0.199547 
-17.1279 -0.350649 -0.195015 
-17.184 -0.287552 -0.191437 
-17.323 -0.128437 -0.182045 
-17.3017 0.0382786 -0.434334 
-17.2871 0.029007 -0.431961 
-17.1714 -0.0595036 -0.421181 
-17.1401 -0.0848103 -0.418816 
-17.0461 -0.16081 -0.412476 
-16.8929 -0.308163 -0.412292 
-16.7533 -0.427197 -0.40657 
-16.6003 -0.567614 -0.404984 
-16.5918 -0.574171 -0.404579 
-16.4609 -0.679171 -0.39827 
-16.297 -0.832674 -0.398643 
-16.1447 -0.961628 -0.394913 
-15.988 -1.09544 -0.392059 
-15.8191 -1.24843 -0.392487 
-15.6307 -1.43606 -0.398735 
-15.5294 -1.54679 -0.405708 
-15.3994 -1.69799 -0.417763 
-15.362 -1.7415 -0.421371 
-15.28 -1.8591 -0.437157 
-15.2465 -1.9325 -0.452957 
-15.2689 -1.92299 -0.456665 
-15.3987 -1.83876 -0.468636 
-15.4075 -1.83228 -0.469086 
-15.5428 -1.72762 -0.475937 
-15.7157 -1.56835 -0.474945 
-15.8819 -1.41612 -0.47496 
-16.0466 -1.26374 -0.475006 
-16.2105 -1.11046 -0.474854 
-16.3718 -0.95784 -0.474739 
-16.5284 -0.809847 -0.475235 
-16.6987 -0.631073 -0.468582 
-16.7109 -0.618155 -0.468086 
-16.8746 -0.453131 -0.465363 
-17.0504 -0.265364 -0.458595 
-17.1509 -0.149342 -0.450928 
-17.2662 -0.00676346 -0.4384 
