0 0 0 0
1.2 0 0 0
2.3999999999999999 0 2.5317895671844609e-05 0
3.5999999999999996 0 0.0001726923668314862 0
4.7999999999999998 0 0.00097215240743660474 0
6 0 0.0045165997264222995 0
7.1999999999999993 0 0.017318334531614021 0
8.4000000000000004 0 0.054805332903086396 0
9.5999999999999996 0 0.14314764646629932 0
10.799999999999999 0 0.30868219870728431 0
12 0 0.55051947866198148 0
13.199999999999999 0 0.82241401226380395 0
14.399999999999999 0 1.1086412638569456 0
15.6 0 1.3784855978373889 0
16.800000000000001 0 1.273553511643708 0
18 0 0.99040173544254406 0
19.199999999999999 0 0.71734019721406206 0
20.399999999999999 0 0.52206783931578948 0
21.599999999999998 0 0.40784186665155142 0
22.800000000000001 0 0.35020409125595692 0
24 0 0.3268878390777783 0
25.199999999999999 0 0.32792659671085772 0
26.399999999999999 0 0.3498412229173844 0
27.599999999999998 0 0.38467960421188574 0
28.799999999999997 0 0.41459039407065701 0
30 0 0.41862357272311762 0
31.199999999999999 0 0.38717656615981805 0
32.399999999999999 0 0.3295884150044936 0
33.600000000000001 0 0.26645330338614304 0
34.799999999999997 0 0.21483396559240062 0
36 0 0.18030979513203063 0
37.199999999999996 0 0.15954225912300132 0
38.399999999999999 0 0.14673150103497853 0
39.600000000000001 0 0.13760696078612294 0
40.799999999999997 0 0.13004048968479637 0
42 0 0.1232263273293938 0
43.199999999999996 0 0.11690911060313343 0
44.399999999999999 0 0.11100512891821057 0
45.600000000000001 0 0.10547390008207609 0
46.799999999999997 0 0.1002854198294905 0
48 0 0.095413484730853704 0
49.199999999999996 0 0.090834415494298604 0
50.399999999999999 0 0.086526676801528715 0
51.600000000000001 0 0.082470638677115862 0
52.799999999999997 0 0.078648376838585984 0
54 0 0.075043497949235816 0
55.199999999999996 0 0.071640985629443141 0
56.399999999999999 0 0.068427064380123498 0
57.599999999999994 0 0.065389079047045634 0
58.799999999999997 0 0.062515387808500911 0
60 0 0.059795266962283419 0
61.199999999999996 0 0.057218826034103068 0
62.399999999999999 0 0.054776931936836512 0
63.599999999999994 0 0.05246114108515499 0
64.799999999999997 0 0.050263638518496488 0
66 0 0.048177183211543795 0
67.200000000000003 0 0.046195058858961101 0
68.399999999999991 0 0.044311029513141621 0
69.599999999999994 0 0.042519299532593903 0
70.799999999999997 0 0.040814477366397851 0
72 0 0.03919154275859206 0
73.200000000000003 0 0.037645817006830479 0
74.399999999999991 0 0.036172935953356501 0
75.599999999999994 0 0.034768825424272634 0
76.799999999999997 0 0.033429678866080538 0
78 0 0.032151936957219289 0
79.200000000000003 0 0.030932268997449792 0
80.399999999999991 0 0.029767555899911202 0
81.599999999999994 0 0.028654874629949322 0
82.799999999999997 0 0.027591483951746175 0
84 0 0.026574811358680703 0
85.200000000000003 0 0.025602441076483278 0
86.399999999999991 0 0.024672103039848518 0
87.599999999999994 0 0.023781662753428974 0
88.799999999999997 0 0.022929111957223067 0
90 0 0.022112560024436758 0
91.200000000000003 0 0.021330226027066256 0
92.399999999999991 0 0.020580431410828375 0
93.599999999999994 0 0.01986159322675211 0
94.799999999999997 0 0.019172217871818827 0
96 0 0.018510895295574776 0
97.200000000000003 0 0.017876293633698092 0
98.399999999999991 0 0.017267154233140208 0
99.599999999999994 0 0.01668228703672402 0
100.8 0 0.016120566298013398 0
102 0 0.015580926599904493 0
103.2 0 0.015062359152762999 0
104.39999999999999 0 0.014563908350072482 0
105.59999999999999 0 0.014084668561488501 0
106.8 0 0.013623781144939692 0
108 0 0.013180431660993447 0
109.2 0 0.012753847274133184 0
110.39999999999999 0 0.012343294326888649 0
111.59999999999999 0 0.011948076073934792 0
112.8 0 0.011567530564341497 0
114 0 0.011201028661125391 0
115.19999999999999 0 0.010847972188136913 0
116.39999999999999 0 0.010507792195118496 0
117.59999999999999 0 0.010179947332501335 0
118.8 0 0.009863922328176053 0
