0 0 0 0
1.2 0 0 0
2.3999999999999999 0 1.847523929162668e-05 0
3.5999999999999996 0 0.00013850226959906303 0
4.7999999999999998 0 0.00080299418086366 0
6 0 0.0038384970185626 0
7.1999999999999993 0 0.015231702590254971 0
8.4000000000000004 0 0.05028954758218647 0
9.5999999999999996 0 0.13849212803521946 0
10.799999999999999 0 0.31942088215314995 0
12 0 0.62338140951186993 0
13.199999999999999 0 1.050566351351617 0
14.399999999999999 0 1.5646204498752796 0
15.6 0 2.1109759084663406 0
16.800000000000001 0 2.4032722906928372 0
18 0 2.3935423077723139 0
19.199999999999999 0 2.1870106735304002 0
20.399999999999999 0 1.9042118443194751 0
21.599999999999998 0 1.6289801148395822 0
22.800000000000001 0 1.4001236417937803 0
24 0 1.2276245788896214 0
25.199999999999999 0 1.1109622018698075 0
26.399999999999999 0 1.0472519491965591 0
27.599999999999998 0 1.0287469269288274 0
28.799999999999997 0 1.0371902252712428 0
30 0 1.0449616419151266 0
31.199999999999999 0 1.0263943831885896 0
32.399999999999999 0 0.97096327689216466 0
33.600000000000001 0 0.88658676430373495 0
34.799999999999997 0 0.7910678282016087 0
36 0 0.70050816210370292 0
37.199999999999996 0 0.62335201294092779 0
38.399999999999999 0 0.56107336508897365 0
39.600000000000001 0 0.5115523612624705 0
40.799999999999997 0 0.47180410410833346 0
42 0 0.43922406936141739 0
43.199999999999996 0 0.4118662763138734 0
44.399999999999999 0 0.38835487636537935 0
45.600000000000001 0 0.36773071494100573 0
46.799999999999997 0 0.34932377027542139 0
48 0 0.3326621012830735 0
49.199999999999996 0 0.317409403036161 0
50.399999999999999 0 0.3033225446459204 0
51.600000000000001 0 0.29022271095455721 0
52.799999999999997 0 0.27797576350503411 0
54 0 0.26647884813029088 0
55.199999999999996 0 0.25565123770015541 0
56.399999999999999 0 0.24542804895069517 0
57.599999999999994 0 0.23575591210289271 0
58.799999999999997 0 0.22658996937335604 0
60 0 0.21789177962663367 0
61.199999999999996 0 0.20962784249961164 0
62.399999999999999 0 0.20176854741890488 0
63.599999999999994 0 0.19428741527697285 0
64.799999999999997 0 0.18716054276058369 0
66 0 0.18036618794520287 0
67.200000000000003 0 0.17388445518136483 0
68.399999999999991 0 0.16769705047949809 0
69.599999999999994 0 0.16178708756011512 0
70.799999999999997 0 0.15613893083771532 0
72 0 0.15073806576992202 0
73.200000000000003 0 0.14557098985139358 0
74.399999999999991 0 0.14062511948676035 0
75.599999999999994 0 0.13588870932395108 0
76.799999999999997 0 0.13135078156242858 0
78 0 0.1270010634013598 0
79.200000000000003 0 0.1228299312497587 0
80.399999999999991 0 0.11882836064472763 0
81.599999999999994 0 0.1149878810563251 0
82.799999999999997 0 0.11130053492641036 0
84 0 0.10775884041327038 0
85.200000000000003 0 0.10435575740708646 0
86.399999999999991 0 0.10108465645239996 0
87.599999999999994 0 0.09793929026894177 0
88.799999999999997 0 0.094913767605841817 0
90 0 0.092002529199367467 0
91.200000000000003 0 0.089200325633093352 0
92.399999999999991 0 0.086502196923297317 0
93.599999999999994 0 0.083903453672505485 0
94.799999999999997 0 0.081399659651266387 0
96 0 0.07898661568300834 0
97.200000000000003 0 0.076660344719667622 0
98.399999999999991 0 0.074417078007001564 0
99.599999999999994 0 0.07225324224838077 0
100.8 0 0.070165447684594817 0
102 0 0.068150477014967639 0
103.2 0 0.066205275091997667 0
104.39999999999999 0 0.064326939327923952 0
105.59999999999999 0 0.062512710757161721 0
106.8 0 0.060759965703531954 0
108 0 0.059066208005690027 0
109.2 0 0.057429061758199361 0
110.39999999999999 0 0.055846264529344401 0
111.59999999999999 0 0.054315661020076261 0
112.8 0 0.05283519713147157 0
114 0 0.051402914410793199 0
115.19999999999999 0 0.050016944848699972 0
116.39999999999999 0 0.048675506002385717 0
117.59999999999999 0 0.04737689642145982 0
118.8 0 0.046119491355231683 0
