-0.009210 1.292098 -0.782866
0.215618 0.431314 0.562418
-0.435542 -0.583674 0.300438
-0.353600 1.437388 -0.199584
-0.026079 1.252156 -0.859456
1.140468 1.596804 -0.402902
0.471494 -0.191669 -0.034778
-0.404912 1.136278 -0.239120
-0.627646 -0.659534 0.094336
-0.653570 -0.943500 0.099237
0.672484 -0.025385 0.069551
0.154349 0.026063 0.173503
-0.646032 -0.784616 0.147748
-0.190850 1.246444 -0.353708
0.140018 0.059075 0.153363
0.223522 0.704664 0.602582
-0.793040 -0.608526 0.138054
-0.588124 -0.865554 0.191449
0.411716 1.932048 -0.517466
0.300868 -0.694034 0.263372
0.593884 -0.889100 0.335840
0.179700 1.072126 0.749110
1.048032 1.391014 -0.544646
-0.834562 -0.482552 0.130086
0.467188 -1.002810 0.561546
0.010643 1.156076 -0.919666
0.708352 -0.952506 0.292704
-0.112775 0.135961 0.094392
-0.868108 -0.883710 0.243418
-1.165720 1.439662 -0.591234
0.043487 1.413110 -0.637180
0.525880 0.928802 -0.053427
-1.062294 1.236270 -0.751150
-0.160326 1.677952 -0.191328
-0.096497 0.133244 0.025267
0.027690 0.158332 0.046411
0.983106 1.213518 -0.543426
0.264196 1.676046 -0.342022
0.355120 1.727938 -0.396252
-0.779824 -1.029962 0.380414
-0.201382 1.599124 -0.498374
-0.795166 -0.905726 0.074979
-0.589680 0.926264 0.100067
0.577766 -0.756072 0.291142
-0.798534 -0.060383 0.049960
-1.161034 1.175400 -0.899534
0.411990 0.415016 0.170218
-0.131052 1.686382 -0.498060
-0.422904 1.851052 -0.542140
-0.703816 -0.013407 -0.046779
0.577632 1.297216 0.039927
0.279150 1.678936 -0.349534
0.599304 -0.421612 0.477312
0.429840 0.810250 0.054302
-0.767092 -0.945630 0.402444
-0.482466 -0.816754 0.272488
0.183377 1.052166 -0.243712
-0.495084 -0.298966 0.144986
-0.058721 0.788008 -0.220990
0.707328 1.274494 0.072640
0.998396 0.988586 -0.288260
1.141936 1.396564 -0.101481
-0.824526 -0.195462 0.144385
0.676780 -0.970986 0.330574
1.060512 1.519858 -0.600224
0.396568 1.924822 -0.482210
0.464710 0.903704 0.428926
0.380812 1.735806 -0.411862
0.326678 -0.336864 0.233680
-0.253398 1.689844 -0.456066
-0.337566 0.328372 0.013673
-0.731978 1.101974 -0.305500
-0.300032 1.484658 -0.324280
0.450030 -0.474502 0.526918
-0.415974 0.972658 0.580274
0.074190 1.118164 -0.849586
-1.192370 1.177854 -0.734432
-0.424454 -0.468824 0.242498
-0.416246 0.438312 0.438206
-0.179238 1.676072 -0.293296
0.374824 0.699716 0.235330
-0.162534 0.375180 -0.034721
-1.018330 1.464920 -0.789158
0.495094 0.884828 0.058958
1.207822 1.217380 -0.402840
-1.257758 1.230620 -0.804304
-0.423892 1.050736 0.592032
-0.360462 1.071142 -0.245516
-0.222378 1.615504 -0.181675
0.970974 1.468322 -0.201826
-0.155054 0.256460 -0.018668
-1.044116 1.018566 -0.317714
0.332730 0.358146 0.474200
0.084137 0.695550 -0.167151
0.634978 -0.975442 0.370166
-0.622302 -0.257452 -0.001054
-0.833690 -0.259156 0.134567
0.122990 1.125736 -0.556546
-0.109199 0.396684 0.618322
-0.939404 1.355104 -0.602958
-0.568758 0.117027 -0.032739
0.406738 -1.001940 0.076267
-0.473570 -0.341020 0.156211
-0.979914 1.006884 -0.416120
0.091211 0.939518 0.754806
0.480370 0.840550 0.228728
-0.232640 0.270434 0.007840
-1.013356 1.478122 -0.774942
0.684230 1.261942 0.174848
-1.047532 1.528202 -0.695404
-0.140662 0.062288 0.287470
0.298478 -0.819030 0.438768
0.623062 -0.308940 0.291556
0.487516 -0.375236 0.027202
1.223414 1.344420 -0.507156
0.507200 -0.362164 0.453992
-0.283714 1.324250 -0.415520
0.065988 1.173192 -0.920102
-0.440808 0.480048 0.379290
0.649564 0.054360 0.313234
-0.058438 0.299704 -0.081547
0.681656 -0.037599 0.244270
0.068124 0.963682 -0.259202
1.233454 1.318858 -0.386290
-0.742354 1.194828 -0.300382
-0.518588 -1.016148 0.276860
0.360410 -0.065348 0.455236
-0.579752 -0.891274 0.468076
0.262206 1.744516 -0.586372
0.190099 -0.022227 0.168600
-0.932276 1.451828 -0.590514
0.314398 -1.032296 0.333004
-0.624234 -0.492962 0.038357
-0.429070 0.470204 0.177894
-1.073760 1.119212 -0.667902
0.255446 1.716884 -0.469300
-1.005444 1.450086 -0.644418
-0.461706 -0.783552 0.297082
0.491404 1.342308 0.028066
-0.059419 1.525026 -0.595422
-0.440914 -0.633210 0.189922
-0.960062 1.324048 -0.195083
1.051600 1.468530 -0.574496
0.470728 1.319408 -0.051525
-0.772970 1.291544 -0.379988
0.389068 1.918000 -0.473690
-1.147190 1.078206 -0.517668
0.372720 0.370864 0.433632
0.483068 0.945248 0.342154
-0.513950 -0.900648 0.260174
-0.236836 1.573578 -0.368334
-1.113720 1.056428 -0.468350
-1.234420 1.360118 -0.663484
-0.394086 0.535824 0.141048
0.205656 0.082220 0.450696
-0.591324 1.396594 0.093592
0.474142 0.353526 0.206622
-0.138594 1.245882 -0.762040
-0.455400 -0.545542 0.113553
-0.651698 -1.038020 0.054999
-0.782382 1.317972 -0.407194
0.014681 1.531282 -0.569060
0.174678 0.113463 0.486276
1.155472 1.614214 -0.461110
0.441646 -0.332016 0.432348
0.267180 0.435456 0.497932
-0.183750 0.781054 0.646524
-0.294670 1.693624 -0.393832
0.303210 -0.446328 0.425220
0.960050 1.287286 -0.438994
0.358474 0.666020 0.172425
0.651574 -0.284458 0.200526
0.250686 0.239920 0.002040
0.152384 1.160694 -0.637368
-0.210420 1.722174 -0.334600
-0.059189 0.594344 -0.179321
0.509100 -0.234268 0.385278
-0.398852 0.164564 0.515736
-0.506802 0.396000 0.215298
0.736676 1.261132 0.023383
0.552476 -0.297132 -0.015514
0.135356 0.044614 0.198420
-0.630426 -0.886986 0.456586
0.276764 -0.642874 0.267926
0.152491 0.581882 -0.113315
0.226544 0.871524 -0.274612
-0.118847 0.344194 0.591438
0.318358 0.512862 0.136332
-0.524192 -0.888632 0.263642
0.579280 -0.532038 0.517530
0.318290 -0.858582 0.382174
0.324160 0.738284 -0.110188
0.350258 1.674828 -0.403164
0.364562 1.334264 -0.231390
1.213686 1.408186 -0.442680
0.225108 0.089922 0.468894
0.384004 0.107432 -0.024952
0.096757 0.074186 0.140131
-0.016147 1.281150 -0.798612
-0.768512 -0.767944 0.377704
0.025700 1.227512 -0.939550
0.320504 -0.858830 0.377952
-0.125817 1.256496 -0.756852
-0.133193 1.144122 -0.343478
-0.343796 -0.133839 0.269192
-0.115734 1.152312 -0.777612
0.561208 -0.946698 0.474662
1.031256 1.508718 -0.256872
0.186871 1.713890 -0.330888
-0.442826 0.951050 -0.205900
0.289424 0.662184 -0.012947
-0.311154 0.384470 0.531616
-0.403556 0.479898 0.150974
-0.220656 0.437640 -0.031001
-0.431414 0.753940 0.306538
0.045213 0.145581 0.072259
-0.685252 1.034340 -0.246606
-1.206556 1.194724 -0.729286
0.419414 1.545704 0.307772
0.917540 1.129756 -0.430426
-0.187887 1.749720 -0.350454
0.200094 -0.027403 0.152182
-0.857748 1.231320 -0.466126
-0.453832 0.999792 -0.212056
-0.413952 0.736028 0.031532
0.411652 -0.462352 0.092980
0.029138 0.165301 0.027098
0.571464 -0.312472 0.354234
-0.670518 -0.631152 0.458880
-0.076184 0.109785 0.062923
-1.020560 1.562630 -0.790392
0.622940 0.218932 0.264048
0.363236 1.920458 -0.482720
-1.174692 1.116916 -0.374466
-1.021004 1.483712 -0.546782
1.113904 1.490416 -0.343506
-0.453348 -1.039758 0.386208
-0.353344 1.752126 -0.447350
1.160822 1.561080 -0.406978
0.129815 1.721322 0.457828
0.492146 -0.846164 0.270158
-0.924256 1.346954 -0.579002
0.612102 -0.997956 0.401696
-1.172284 1.511744 -0.828056
0.213656 1.766372 -0.366108
-0.423174 0.542566 0.313408
0.773480 1.112986 0.182776
-0.247930 0.648222 0.595476
-1.033692 1.427230 -0.770770
0.339292 0.182261 0.488558
-0.649956 -0.178580 -0.032052
-0.338840 0.549134 0.519398
-0.635834 1.316508 -0.094295
0.435182 0.825196 0.054938
-0.493192 -0.827970 0.371460
-0.419198 -0.116955 0.080150
0.000062 0.710966 -0.195109
0.282378 1.480644 -0.140937
-0.838242 -0.871222 0.282944
-0.804806 1.071370 0.140442
-1.059304 1.518698 -0.868114
0.217526 1.613086 -0.527668
0.951210 1.436876 -0.414942
0.376408 0.613410 0.307252
0.495588 0.873710 0.120934
-0.502092 0.327132 0.434456
0.459470 -0.257918 -0.002230
0.241356 -0.493162 0.288038
0.353026 -0.276706 0.106940
-0.089094 0.119907 0.111707
-0.238242 1.455212 -0.486996
-0.413646 0.632584 0.318738
-0.803212 -0.165852 0.193563
0.476572 1.112018 -0.135956
-0.057206 1.298084 -0.708506
0.597684 -0.558578 0.496346
-0.798120 1.308734 -0.230302
-0.626918 0.937336 -0.114867
-0.439576 0.481136 0.321946
-0.718056 -0.711430 0.443518
-0.214916 1.549848 -0.481360
1.047772 1.603446 -0.647980
0.490212 -0.729074 0.221352
1.133120 1.578270 -0.385624
0.792274 1.196416 0.145460
0.400764 1.834208 -0.439010
-0.831004 -0.217534 0.133664
1.187908 1.578900 -0.545088
-0.318926 1.454970 -0.267880
0.054069 1.528420 -0.574192
1.096616 1.098792 -0.405770
-0.002866 1.085786 -0.374152
-1.121992 1.550996 -0.699770
0.267812 1.721002 -0.350580
0.420180 0.420326 0.273578
0.314390 -0.574864 0.170522
-0.418060 -0.525504 0.246492
0.710238 -0.951694 0.262916
-0.611202 0.924212 -0.072067
-0.742548 -0.769614 0.170997
0.032816 1.369152 -0.690028
0.659512 -0.429562 0.165027
-0.560952 -0.261612 0.316684
-0.407506 -0.024259 0.474440
0.393894 -0.296960 0.389028
-0.656676 -1.010602 0.058969
0.328170 -0.340822 0.326166
-0.761154 1.205564 0.157922
0.163935 1.246644 -0.686436
-1.080936 1.352244 -0.872090
1.187842 1.414064 -0.755236
0.103632 0.526604 0.640584
-0.850462 -0.350378 0.086774
-0.481772 0.342292 0.120893
-1.108672 1.111976 -0.635396
-0.628850 -0.787314 0.147626
-0.779464 -0.214408 0.236128
-0.030147 0.940194 -0.240322
0.365076 0.465504 0.156294
-0.613478 0.238582 0.054739
-0.829802 -0.411680 0.325726
0.395986 0.296550 0.428604
-0.350594 0.236640 0.521650
-0.396070 -0.068365 0.026376
-0.462802 1.031752 -0.202332
-0.889126 -0.903236 0.255244
-0.444402 1.080164 -0.214832
-0.849748 -0.429310 0.148223
0.460758 1.249348 -0.135400
0.659190 -0.310484 0.151277
-1.028048 1.487614 -0.661948
0.044928 1.156634 -0.914892
-0.538240 0.340118 0.177412
0.378290 -0.286848 0.377218
0.624982 1.073824 -0.151627
1.091824 1.534608 -0.699682
-0.549216 -0.834158 0.445026
-0.815408 1.003228 0.074434
-0.661726 1.031956 -0.231824
0.398488 -0.273882 0.047037
-0.995930 1.450418 -0.685270
-0.426992 1.929886 -0.608376
0.186503 0.299924 0.531402
0.527484 0.156302 0.455414
1.204330 1.365938 -0.684072
0.110867 1.610052 -0.493940
0.044620 1.032248 -0.268620
-0.801716 -0.876786 0.334916
0.395360 0.357906 0.400086
-0.834732 -0.257012 0.061146
-1.210872 1.268436 -0.652372
-1.249258 1.335246 -0.853660
-0.806016 -0.637586 0.238776
-0.709942 -0.220650 -0.041834
-0.644208 -0.651222 0.460740
1.001986 1.614044 -0.417836
0.682326 1.219230 -0.122101
0.518554 -0.792944 0.281416
-0.880758 1.023696 -0.430588
-0.428350 1.404500 -0.158077
0.671636 -0.163007 0.066349
-0.793256 1.330408 -0.339672
0.461518 -0.360890 0.034986
-0.785664 -0.917182 0.384996
0.506228 1.066556 0.361894
-1.111182 1.104572 -0.618090
0.031379 1.067870 -0.511020
-1.190406 1.135760 -0.582712
-0.376236 1.924906 -0.517312
-0.493006 -0.317830 0.174590
1.253672 1.422544 -0.684508
0.467032 0.308408 0.340176
-0.825194 -0.175477 0.123854
0.092537 0.061888 0.181846
0.323558 0.632414 0.091968
0.449320 -0.488362 0.530486
0.288770 -0.199589 0.168270
0.300744 -0.879588 0.474594
-1.001362 1.468686 -0.707138
0.956882 0.996738 -0.313496
0.669598 -0.199049 0.107871
-0.049472 0.359320 0.607702
0.223292 -0.093245 0.224590
0.025067 0.142434 0.078204
-0.131758 1.173324 -0.494384
-0.947900 1.368854 -0.236270
-0.474838 0.239890 0.500866
-1.100010 1.422058 -0.373748
0.198022 0.175593 0.518398
-0.072209 1.094666 -0.474280
-0.155797 0.736906 -0.246404
0.906092 0.979312 -0.161030
-0.497880 -0.821984 0.380514
0.645122 -0.296068 0.237712
0.164691 1.352322 -0.627526
0.423528 -0.106963 -0.043209
0.269424 1.405444 -0.340512
-0.437164 0.361468 0.458706
0.062185 1.216990 -0.914532
-0.060377 1.571190 -0.535912
-0.059157 1.262444 -0.783074
-0.003797 0.664276 -0.192178
-0.124591 0.395660 -0.093745
-0.377342 1.804272 -0.469482
-0.764114 1.189692 0.164629
-0.615326 -0.290734 0.005224
0.685382 -0.055533 0.252428
0.195513 0.205436 0.534262
-0.517200 -0.719996 0.419752
-0.443660 0.268164 0.032061
-0.032336 1.447484 -0.609874
1.037952 1.094500 -0.442534
-0.473222 0.079722 -0.027144
-0.028106 1.003566 -0.260900
-0.032686 0.189544 -0.025375
0.477434 1.425516 0.111009
-0.780252 1.143228 -0.406898
0.155346 1.675592 -0.292512
0.412694 0.802564 0.035891
-0.034665 0.911708 -0.243680
0.691370 1.128252 0.269636
0.563412 -0.344674 0.413520
0.295514 0.652172 0.003661
0.328560 -0.313034 0.291378
-0.357834 1.867436 -0.616740
-0.664476 1.326164 -0.054012
0.458948 1.407644 0.454858
0.574426 0.058655 -0.003389
0.378218 -0.262188 0.066239
0.363310 -0.653870 0.563228
1.216734 1.375236 -0.286844
-0.831232 -0.185949 0.100775
-0.103572 1.719672 -0.217312
0.650926 -0.574978 0.416486
1.020332 1.003234 -0.239402
0.418574 0.436912 0.235688
-0.236082 0.160406 0.495040
-0.936412 1.444850 -0.417858
-0.639684 -0.933596 0.486784
0.681960 -0.323530 0.081168
-0.215300 0.056918 0.181071
0.520322 -0.238232 0.381270
-0.981848 1.307350 -0.666952
-0.813814 -0.837896 0.270862
0.642484 -0.218064 0.198197
-0.669976 -0.831462 0.168553
0.427942 0.377904 0.139984
-0.415408 1.206896 0.662948
0.108357 1.508012 -0.577398
0.283318 1.707442 -0.354230
-0.525080 0.883284 0.039676
-1.089896 1.523424 -0.658874
0.402956 -0.283536 0.047038
-0.019973 0.863002 -0.239146
-0.472524 -0.488008 0.067610
0.404260 0.745432 0.136002
0.444924 1.918008 -0.514744
0.207912 0.560068 -0.012608
-0.703720 -0.882806 0.118300
0.464552 -0.328546 0.419730
-0.202516 0.626678 0.616092
0.432316 -0.650712 0.581274
-1.107280 1.469908 -0.465818
-0.407374 0.703062 0.209716
-0.274930 0.121324 0.043426
0.657324 -0.404610 0.295612
-0.707576 -0.278176 -0.016230
0.649896 0.939806 -0.138333
0.291316 -0.570640 0.200164
-0.348022 1.867976 -0.621918
-0.515614 -0.297244 0.270694
-1.042710 1.444750 -0.384752
-0.193721 1.639116 -0.541320
-0.329714 0.180607 0.015011
-0.663484 -0.626356 0.091695
0.587124 -0.693138 0.503690
0.395500 1.930438 -0.525426
0.010010 0.134189 0.049156
0.373536 1.798528 -0.450992
-0.237006 0.787552 0.628146
-0.015442 0.953908 -0.233474
-0.251670 1.169762 -0.262728
0.464268 1.327098 -0.060546
0.161967 1.228676 -0.534202
0.310532 1.331074 -0.260058
-0.453980 -0.208776 0.153826
-0.940578 1.252620 -0.608088
-0.087466 0.586770 -0.170531
-1.202612 1.265198 -0.624268
0.114363 0.178775 0.025325
-0.131575 1.192232 -0.823356
0.014504 0.119163 0.170795
0.439200 1.903796 -0.495586
0.329844 -0.358888 0.218236
-0.876008 1.214574 -0.497636
-0.612056 0.129422 -0.025374
0.488984 -0.512114 0.544158
-1.071664 1.397978 -0.896204
-0.201508 0.588880 -0.083140
-0.798314 -0.319102 0.317136
0.217992 1.570362 -0.252396
-0.608750 -0.908636 0.488372
0.255726 1.743478 -0.546542
0.608592 0.181478 0.333310
-0.694050 1.311698 -0.159859
0.300228 0.511876 0.106549
0.310954 -0.015909 -0.009235
-0.723930 -0.663826 0.117932
0.683752 -0.440388 0.179565
-0.084435 1.166660 -0.892426
0.692094 -1.005126 0.336724
-1.037078 1.482978 -0.521958
-0.507494 -0.880108 0.298046
-0.555246 -1.023450 0.222956
-0.826388 -0.283298 0.029606
-0.228798 0.260894 0.561944
0.594256 -0.307330 -0.031595
-0.999744 0.992904 -0.334336
-0.717160 -0.667272 0.110812
0.302848 -0.948636 0.359682
-0.600824 -0.484656 0.449610
0.873608 1.451608 -0.360708
-0.087662 0.561264 0.630750
-0.410822 -0.484284 0.174431
0.464096 0.902628 -0.031386
-1.125768 1.572162 -0.737256
-0.086231 1.103242 -0.525332
0.144425 0.031223 0.205512
-0.500806 0.417808 0.232710
-0.544926 0.883106 0.223162
0.499180 -1.026730 0.520686
-0.921664 1.096270 -0.493650
0.741754 0.912762 -0.089666
-0.529670 0.390506 0.280072
-0.032080 0.297328 -0.080629
0.157307 0.424504 -0.032876
0.751118 1.232046 -0.109854
-0.098393 1.128786 -0.357864
0.261302 1.837426 -0.409916
-0.010347 1.310964 -0.774020
0.288064 1.779032 -0.567664
-1.050976 1.459882 -0.910592
1.063210 1.668320 -0.415142
0.348396 0.892478 -0.214012
0.326806 1.833154 -0.399736
-0.266536 0.255422 0.536976
-0.673524 1.145108 -0.269572
0.484064 1.087276 -0.133045
-0.210068 0.577584 -0.064233
0.045746 1.663154 -0.410714
0.428246 0.323868 0.352456
0.301058 -0.880618 0.516928
-1.184450 1.540550 -0.760564
0.323534 1.833056 -0.540854
0.918486 1.398808 -0.142651
0.342484 1.787528 -0.391574
1.149378 1.354392 -0.672282
0.251458 1.455490 -0.384302
0.386740 -0.319324 0.086631
-0.945658 -1.015414 0.274530
1.170922 1.372744 -0.105036
0.687514 -0.990600 0.330198
0.113789 0.577120 -0.135339
-0.135943 1.706586 -0.183881
-0.684660 -0.929256 0.027142
-0.637054 -0.970178 0.114190
0.612866 -0.559096 0.160021
-0.486480 -0.283994 0.196409
-0.160913 0.700840 -0.196126
0.128411 0.055954 0.350276
-0.163672 1.381680 -0.634308
-0.264668 0.541308 0.000419
0.019972 1.660868 -0.451420
-0.280814 1.625790 -0.410352
-0.540408 1.123466 -0.189212
-0.279612 0.020787 0.115155
-0.354478 1.936578 -0.580480
0.248942 -0.152323 0.257266
0.565378 -0.973100 0.457048
-0.370810 0.955152 0.636914
-0.658994 -1.017562 0.027200
-0.688822 -1.019410 -0.011016
-0.782998 1.286730 -0.248546
0.374610 0.468262 0.190924
1.252158 1.445610 -0.523320
0.550720 -0.832036 0.328398
-0.958170 1.352450 -0.646884
0.325612 -0.320244 0.215576
-0.473502 0.789188 0.208072
0.395256 0.742546 0.117917
0.914152 1.493650 -0.372638
0.266832 -0.993846 0.427998
0.122443 1.190052 -0.396604
0.147783 1.224286 -0.483886
0.320794 -0.361426 0.294862
-0.708002 1.136362 -0.295364
0.158598 0.134944 0.491152
0.635990 -0.306962 0.265022
0.132108 1.093810 -0.268308
0.413864 0.240112 0.023829
-0.709084 -0.969666 0.450762
1.215506 1.476488 -0.455306
0.815584 1.381748 -0.302248
0.947040 1.084582 -0.439712
-1.033000 1.481132 -0.553852
0.345566 -0.885182 0.579320
0.272070 -0.750802 0.402242
-0.609766 1.276348 -0.154721
0.408344 -0.239018 0.390152
-0.493812 -0.104081 0.426850
0.650356 -0.922808 0.306248
0.035641 0.802524 -0.248876
-0.407066 1.110686 0.653066
-0.256078 -0.048301 0.232480
0.622600 -0.239714 0.259408
0.824040 1.373106 -0.216400
-0.146362 1.734262 -0.350660
-1.067468 1.231798 -0.760666
-0.482660 -0.321830 0.218056
0.279104 -0.946512 0.414660
-0.712872 0.217514 0.324254
-0.597404 -0.918642 0.166467
-1.109378 1.476890 -0.519340
1.193290 1.253752 -0.478516
0.359846 -0.361358 0.143189
-0.800692 1.339304 -0.379334
-0.564196 -0.952246 0.197910
-1.211266 1.412868 -0.447210
1.152878 1.362040 -0.691354
-0.688622 0.963244 -0.197431
0.390956 -0.340090 0.093990
-0.291610 1.372938 -0.422388
-0.233882 0.314906 -0.010108
-0.120727 1.153518 -0.392666
-0.429050 0.331084 0.481646
1.066380 1.653026 -0.403992
-0.654436 -0.994632 0.058979
-1.020088 1.587544 -0.815088
0.334646 -0.835372 0.568194
-0.588908 0.333046 0.232232
1.002042 1.519826 -0.284172
-0.266082 1.329316 -0.350158
-1.125890 1.161422 -0.669200
0.461114 -0.896164 0.156215
0.261336 0.652518 -0.074655
-0.808872 -0.684980 0.278640
-0.525348 -0.238490 0.065487
0.442588 -0.872092 0.228568
0.033638 0.093528 0.153153
-0.054099 1.673694 -0.436754
-0.017855 0.704988 -0.195931
0.512854 -0.164378 0.395206
0.659336 -0.292792 0.162151
-0.647464 -0.589306 0.069594
0.042323 1.161568 -0.922288
-0.830794 -0.259518 0.080252
-0.919150 -0.972286 0.280098
0.286500 1.850722 -0.416268
0.294538 0.279572 0.004541
-0.490262 -0.334578 0.124544
0.115339 1.175836 -0.498614
-0.593812 -0.188223 -0.011328
-0.692222 -0.270400 0.329222
0.155819 0.096058 0.462054
-0.041992 0.941184 -0.249924
0.659448 -0.527120 0.411994
0.277300 1.709574 -0.447320
-0.791254 -0.308132 0.017158
-0.600372 0.330448 0.213920
0.078553 0.241682 -0.000158
-0.439524 1.546396 0.211212
1.121598 1.277544 -0.539722
-0.396324 1.520822 -0.105027
0.521408 -0.301372 -0.003800
-0.166707 1.203094 -0.714540
-1.008984 1.424928 -0.726992
0.611094 -0.313564 -0.029488
-1.104314 1.210630 -0.887318
0.417302 -0.980288 0.607140
0.123353 1.082746 -0.259986
-0.279302 1.741778 -0.485454
-0.717724 -0.877816 0.414180
0.618940 -0.933824 0.370778
-0.204124 1.620316 -0.459422
-0.287572 0.157031 0.510380
0.050094 1.592818 -0.533796
-0.577584 1.050916 0.288340
-0.328418 1.420176 -0.311588
1.039702 1.282590 -0.550370
0.521922 -0.994694 0.503320
-0.073365 0.106868 0.076322
1.190456 1.498856 -0.411288
0.327600 0.586022 0.426278
-0.924314 1.447874 -0.496138
-0.807288 -0.972344 0.359530
1.238918 1.531010 -0.637300
0.230566 1.357426 -0.286214
0.292114 0.170955 0.498418
0.639340 1.272414 -0.009608
1.126316 1.284392 -0.539246
-0.360942 1.907134 -0.615924
0.044708 1.095420 -0.428126
0.410000 0.445854 0.267796
0.689222 -0.994918 0.332390
0.060821 1.105666 -0.506700
0.246678 -0.057750 0.069458
0.417364 0.816492 0.005242
-0.757542 1.180024 -0.335984
-0.310548 0.114039 0.027949
0.125630 1.138210 -0.795900
-0.139684 1.172370 -0.392892
0.871126 1.456742 -0.317182
-0.640722 -0.983004 0.106898
-0.750914 1.121634 -0.316926
0.206336 1.303334 -0.317460
0.243754 0.165821 0.518142
-0.072594 0.760560 -0.210374
0.330896 -0.359488 0.211942
0.012545 1.090666 -0.351192
-0.636070 1.315182 -0.103493
0.076177 0.591786 -0.165873
-0.120317 1.705122 -0.280730
1.235058 1.492772 -0.654158
0.281206 -0.544774 0.199362
-0.257532 1.567934 -0.255494
0.221436 -0.119453 0.280928
-0.450970 -0.152639 0.075680
-0.095198 1.024758 -0.238940
1.237660 1.495170 -0.497726
-0.766384 0.125086 0.251458
-0.737806 0.174404 0.127031
-0.185800 0.535648 -0.063394
0.593600 1.096558 -0.138361
-1.000726 -0.975620 0.216852
-0.587672 -0.956940 0.504488
0.560698 -0.890268 0.439286
-0.435108 -0.223270 0.224852
0.386328 -0.110137 0.437596
-0.800540 -0.105592 0.206976
0.002218 0.255214 -0.072288
-0.281816 1.412594 -0.441114
-0.572364 0.331088 0.190261
-0.710188 0.154260 0.069943
-0.381788 -0.046706 0.443538
-0.127876 0.654810 -0.164082
0.163517 1.273882 -0.419366
-0.487306 -0.771556 0.391420
0.367696 1.139802 -0.165389
-0.486178 -0.278940 0.189518
-0.514892 0.392786 0.337410
-0.058746 0.602122 -0.182752
0.033112 1.008552 -0.261176
0.543200 -0.900874 0.476026
-1.223726 1.464084 -0.774496
0.057227 1.222288 -0.961996
-0.781176 0.103699 0.147142
-0.431492 0.272648 0.029995
0.323196 -0.433140 0.166608
-0.639296 -0.900968 0.128040
0.991764 1.242888 -0.548556
0.312030 -0.873980 0.531958
0.703468 1.208098 -0.136550
1.165098 1.302840 -0.530112
-0.331856 0.477068 0.059648
1.091228 1.616226 -0.376620
0.310836 0.541502 0.129561
-0.128710 0.655882 0.646802
0.263466 -0.169158 0.302736
-1.017606 1.460832 -0.783406
0.772142 1.220810 -0.226114
-1.222136 1.232490 -0.680628
0.575660 -0.278294 0.344752
0.221702 1.571092 -0.230946
-1.001756 1.008548 -0.310706
-0.482360 -0.143566 0.396572
0.355454 -0.965290 0.259004
-0.403642 -0.080267 0.430656
-0.798718 -0.914926 0.374694
-0.298846 0.291080 0.532688
-0.565252 -0.856478 0.456048
-0.018248 1.026572 -0.266140
-0.725524 -0.835364 0.176693
-0.265604 1.398954 -0.480752
0.244500 1.372674 -0.465436
-0.041400 0.147230 0.240070
0.375664 -0.376120 0.123549
-1.216954 1.188990 -0.775988
0.471790 1.446088 0.133589
0.242428 0.709298 -0.181144
-0.267156 1.613014 -0.414038
1.051238 1.448704 -0.176396
0.290802 0.407872 0.040575
-0.838530 -0.857570 0.262638
-0.021978 1.085408 -0.379714
0.225128 1.462912 -0.439710
-0.021612 0.901182 -0.241468
-0.656352 0.929172 -0.112631
-0.118563 1.720518 -0.389772
-0.948144 1.427828 -0.621758
0.508064 1.384458 0.149478
0.250588 1.304964 -0.409542
0.628100 -0.628812 0.273306
0.669284 0.899676 0.115419
-0.523410 -0.921924 0.234192
1.017036 1.412778 -0.502202
-0.588966 1.276158 -0.133392
-0.413726 -0.078765 0.050923
-0.766806 0.023573 0.295440
-0.802730 -0.859786 0.324234
0.203342 1.639444 -0.476174
-0.513122 -0.671400 0.418650
0.344624 -0.340370 0.161166
0.975660 1.531952 -0.456514
-1.103506 1.157016 -0.682190
-0.595960 1.342884 0.190816
-0.433706 1.921278 -0.564588
0.775806 1.138444 -0.280426
-0.428234 -0.165545 0.130934
0.308038 -0.229648 0.271224
-0.458920 -0.532696 0.097316
-0.806482 1.358350 -0.365658
0.674216 -0.181763 0.089151
-1.218008 1.157310 -0.481834
1.252420 1.440354 -0.515154
-0.431314 0.994768 -0.239498
-0.910368 -0.905476 0.224598
-0.202010 0.048483 0.380950
-0.282562 1.753900 -0.496710
-0.153109 1.457524 -0.635206
0.194308 -0.014761 0.147019
-1.054282 1.233866 -0.730066
0.073052 0.244316 -0.002186
0.267936 -0.935680 0.486612
0.603600 -0.969756 0.403590
-0.533796 -0.999000 0.257568
0.652158 -0.491256 0.168259
0.466302 1.345518 -0.012869
0.037591 1.143196 -0.901622
0.251052 1.347842 -0.426394
0.578046 -1.016118 0.437750
-0.637234 1.241412 -0.227184
0.254564 1.845776 -0.512012
-0.287606 0.556176 0.016086
-0.850318 -0.409270 0.117464
1.178074 1.605762 -0.594436
-0.145603 1.687620 -0.208528
-0.997814 1.477576 -0.688854
-0.266622 -0.056337 0.351072
0.970654 1.510314 -0.423312
-0.345898 -0.150287 0.207978
0.580392 -0.354970 0.417116
0.183633 1.276694 -0.351994
0.322078 0.487528 0.446816
0.567506 -0.240656 0.345498
-0.138597 0.471470 0.631798
0.338936 -0.262102 0.332972
-0.589510 -0.905872 0.174090
-0.675094 1.051612 -0.257044
0.273216 1.395972 -0.331306
-0.591344 0.929142 0.114889
0.274070 -0.435344 0.340404
0.017499 0.272182 -0.055675
0.981592 1.519572 -0.294694
0.639928 -0.611676 0.306132
-1.237650 1.201750 -0.928222
0.511752 0.131307 0.464148
0.123431 1.258062 -0.721764
-0.836526 -0.410132 0.083319
-0.791618 1.084310 0.157750
0.282004 -0.433290 0.217108
-0.762926 -0.567610 0.422428
-0.758940 0.136920 0.182423
-0.006923 0.583630 -0.175025
0.684440 -0.922560 0.249120
-0.514522 -0.706626 0.145813
0.310478 -0.256480 0.234464
-0.760604 0.065567 0.051664
-1.152240 1.171054 -0.886316
-0.387080 0.302256 0.502712
0.398976 1.932670 -0.516262
-0.443190 0.482432 0.271732
0.332450 -0.847506 0.352722
0.344758 1.794458 -0.461752
0.331164 -0.298614 0.163611
0.522240 -0.291262 0.382880
-0.042947 0.814102 -0.224208
-1.272332 1.214300 -0.438750
-0.749484 -0.819500 0.201196
0.300400 1.874448 -0.440218
0.292802 -1.044106 0.616788
0.271562 0.828024 -0.246162
-0.211142 1.517792 -0.537050
1.253818 1.392028 -0.640786
-0.290990 0.214396 0.019382
-0.262320 -0.018386 0.198595
0.105638 1.171084 -0.334178
-0.045991 1.158640 -0.910740
0.007312 0.678724 -0.191973
-0.317256 1.771110 -0.411580
1.148874 1.119680 -0.318952
0.142409 1.225946 -0.461650
-0.472204 0.438224 0.179023
-0.579894 0.344022 0.261504
0.564834 -0.813312 0.479808
-0.363080 -0.168594 0.229210
-1.083592 1.513736 -0.642106
0.565856 -0.879806 0.254334
1.221524 1.507330 -0.488860
1.212282 1.496886 -0.436900
0.006072 1.159042 -0.927948
-0.274906 0.547706 0.003715
0.612320 -0.585764 0.484588
-0.780150 1.105334 -0.348712
0.042659 0.428648 -0.102944
-0.370838 0.354768 0.499262
0.258976 0.526622 0.050371
0.138298 1.212760 -0.398832
0.456686 0.292562 0.078422
0.181521 1.619282 -0.255318
-0.751628 -0.816930 0.389208
0.379248 1.395940 -0.046326
-0.622800 1.192680 -0.204674
-0.006147 1.175848 -0.963804
0.259686 -0.693566 0.387974
-0.423134 1.264700 -0.271710
1.000122 1.598638 -0.404778
-1.019870 1.561622 -0.825084
-0.024303 1.060444 -0.281512
-0.866562 1.016878 -0.351192
-0.539260 1.034318 -0.170503
-0.287634 0.574724 0.567912
0.476934 0.239444 0.437472
0.384690 0.466464 0.314698
-0.049489 1.206670 -0.919914
0.927072 1.373724 -0.119522
-0.385858 0.719226 0.403892
0.325022 -0.007678 -0.012938
0.135104 0.661372 -0.130819
-0.737656 -0.807068 0.395172
-0.614030 -0.433736 0.024197
-0.126886 0.623940 0.637014
0.091925 0.334626 0.576864
-0.496776 0.383474 0.395878
-0.251976 0.081068 0.099626
-0.804332 -0.607832 0.384104
0.270288 0.064925 0.002842
-0.452850 0.304090 0.062276
0.362628 -0.616238 0.557610
0.619638 -0.647314 0.297060
0.047796 1.406558 -0.644768
0.578918 -0.802490 0.477102
-1.236694 1.338024 -0.712362
-0.836390 -0.226686 0.092770
-0.548648 0.324578 0.155236
-1.061096 1.557456 -0.730622
0.388250 -0.983438 0.099605
-0.494294 -0.901092 0.299700
-0.381176 0.988412 -0.275784
0.134727 0.337640 0.576376
-0.126018 0.166052 0.037449
-1.007814 1.419880 -0.722184
-0.461686 -0.223964 0.177251
0.250784 0.457510 0.541228
0.338524 -0.303190 0.150925
-0.491694 -0.988960 0.312872
-0.576964 1.374064 0.295390
-0.752604 0.992070 -0.256522
0.654624 -0.933420 0.333184
-0.044197 0.146076 0.268586
-0.147673 1.186712 -0.790626
0.576896 -0.649306 0.196556
-0.793870 -0.816338 0.330328
-0.509358 -0.266882 0.103281
1.234802 1.510912 -0.610858
1.209588 1.574956 -0.658466
0.486750 0.165239 0.014756
-0.257706 0.749620 -0.240842
0.653646 -0.218918 0.173295
-0.600358 -0.935474 0.160666
0.894866 1.219350 0.048429
0.252490 1.453694 -0.381924
-0.962510 -0.920964 0.191292
-0.097900 1.142330 -0.856774
-1.184516 1.527162 -0.721548
-0.283220 0.559308 0.575270
-0.218264 1.228720 -0.312286
-0.450244 -0.533424 0.103922
-0.795842 -0.800740 0.267572
-1.209428 1.381322 -0.911904
0.275724 1.679366 -0.435006
0.116056 1.534144 0.681456
-0.619634 -0.814138 0.454100
0.608670 -0.228182 0.286286
0.458074 -0.921712 0.570322
0.237640 -0.075851 0.133982
-0.836992 -0.203492 0.071905
-0.629056 -0.542380 0.055020
-0.658222 -0.859242 0.165479
0.637112 -0.655750 0.369394
-1.214552 1.467086 -0.821610
0.853112 1.383542 -0.331304
-0.290510 1.801562 -0.543732
0.648626 -0.922246 0.237208
-0.647912 -0.327790 -0.014496
0.389242 -0.561240 0.553930
0.282988 -0.421012 0.360364
0.746204 0.977948 0.180581
0.341012 -0.489346 0.496256
-0.709532 -0.380148 0.433014
1.072138 1.551518 -0.347940
0.370728 -0.932034 0.240976
0.783432 1.101174 -0.257958
0.649850 -0.573306 0.424088
-0.790728 0.026593 0.247534
0.890922 1.310764 -0.360464
0.393692 0.453332 0.175625
0.254006 1.375994 -0.436470
0.856528 1.145090 -0.354334
0.475808 -0.404938 0.055959
-1.027858 1.524826 -0.718126
-1.012754 1.084144 -0.620252
1.009834 1.072152 -0.103188
-0.808520 -0.114865 0.062169
0.386170 0.034371 -0.036160
0.359138 -0.931424 0.269992
-0.621860 -0.177295 0.358214
-0.325084 0.790146 0.543198
0.996942 1.349102 -0.490686
-0.461720 1.141760 -0.234242
0.679568 0.992514 -0.152435
0.257514 1.405794 -0.378826
-0.157122 0.170702 0.039510
0.201840 0.086444 0.460406
0.645116 -0.654054 0.396800
0.492360 0.315098 0.308478
0.264998 1.417150 -0.354380
0.308044 0.446322 0.077004
-0.523168 -0.814802 0.212446
0.242816 -0.069488 0.096614
0.262784 -0.177803 0.290678
-0.234002 1.446928 -0.499366
-1.047326 1.541752 -0.712630
-1.083912 1.355962 -0.910278
-0.793320 -0.894730 0.087855
1.205234 1.363350 -0.662504
-0.803576 -0.832460 0.251002
-0.556092 -0.337640 0.040088
-0.324510 1.919084 -0.587448
0.661394 -0.544772 0.330722
0.465348 -0.797678 0.591158
1.116390 1.665508 -0.500300
-0.161721 0.244832 -0.000516
0.329470 -0.344142 0.213062
0.179133 1.257214 -0.304024
0.027106 0.771860 -0.210768
0.053538 1.162794 -0.919332
-0.491184 -0.900474 0.324466
0.426188 -1.040450 0.173790
-0.438138 -0.399508 0.248390
-1.214374 1.288562 -0.607606
0.328942 -0.361926 0.233280
0.351248 1.733104 -0.394082
-0.730508 -0.661314 0.125587
-0.032646 0.568658 -0.159526
-0.234730 1.513562 -0.487178
-0.744008 -1.016180 0.421372
-0.817412 -0.128786 0.091100
0.336190 1.782282 -0.457254
0.987402 0.986712 -0.273468
-0.530678 1.224628 -0.175639
0.349938 0.458982 0.122966
-0.807752 -0.607094 0.244598
1.148592 1.352922 -0.662398
0.418756 0.346022 0.340224
0.081736 1.687078 -0.287024
0.668430 1.053762 -0.169665
1.200488 1.396546 -0.405338
-0.924062 1.218314 -0.580116
1.172086 1.433460 -0.372754
-0.756722 1.295032 -0.239750
-0.197918 0.295008 -0.011426
-0.705204 0.916776 -0.018720
0.890698 1.419406 -0.201770
-0.653120 -0.921662 0.478194
0.637572 0.940748 0.218938
-0.450842 0.440888 0.367486
0.538362 0.907076 0.162073
-0.207584 1.586444 -0.504700
0.171638 1.213400 -0.654562
-0.682838 1.104350 -0.275770
0.207720 1.727496 -0.338118
-0.543386 -0.504762 0.043691
0.367336 -0.393900 0.128253
0.625852 -0.683342 0.353802
0.424400 1.908704 -0.551758
-0.004159 1.075748 -0.455148
-0.456244 1.288174 -0.240142
0.187193 0.566994 -0.043743
-0.466986 1.003020 -0.187357
-0.764740 -0.184048 0.251256
-0.202062 0.786192 0.669678
-0.832608 -0.252752 0.146543
0.153398 0.227088 -0.003937
-0.875186 1.370978 -0.580612
0.421428 1.365182 -0.082657
0.642784 1.261450 -0.051886
0.666356 -0.477364 0.342128
-0.743406 -0.038013 -0.014963
-0.300536 0.314620 0.007984
0.427066 0.788946 0.105125
0.142235 1.204236 -0.561982
-0.648878 -1.039072 0.492148
1.181604 1.374606 -0.706202
0.457748 -0.288586 0.400800
-0.915164 1.434392 -0.586850
-0.196046 0.189040 0.028413
0.412548 0.757854 0.247864
-1.122116 1.243042 -0.927576
0.313026 -0.750192 0.301238
0.455206 -0.468252 0.063265
0.982062 1.637366 -0.447074
-0.805544 1.337418 -0.341500
0.187336 0.348774 -0.020084
-0.672358 1.236888 0.176424
-0.181604 0.625524 -0.117837
-0.414776 -0.497300 0.226114
-0.667314 -0.971482 0.040214
0.978446 1.376586 -0.456626
-0.778964 1.142922 -0.393664
-0.466106 -0.359746 0.138942
0.205066 0.757222 -0.234218
-0.060993 0.752492 -0.190003
-1.173680 1.168472 -0.846196
0.225168 1.617882 -0.434782
0.282532 1.218692 -0.220040
-0.058052 0.108717 0.043144
-0.498970 0.344734 0.134871
-0.491684 -0.822462 0.371772
-0.740224 -0.325992 -0.006860
0.113655 0.697604 -0.164389
0.094408 1.293716 -0.668950
-0.837322 0.961284 -0.191287
-0.141737 1.688354 -0.517306
0.686472 -0.072284 0.237776
-0.794678 -0.194730 0.207784
-0.865064 1.349066 -0.542752
-0.000685 0.126171 0.038260
0.317674 1.160508 -0.212122
0.057562 1.164936 -0.919858
0.774682 1.146044 -0.276240
0.194263 0.197073 0.531878
-1.023422 1.073504 -0.601740
-0.363394 1.846644 -0.554876
-0.722870 1.240230 -0.285096
-0.536382 -0.593500 0.074107
0.335720 -0.022938 0.467920
0.926764 1.409096 -0.149851
0.083544 0.061337 0.206912
0.570220 -0.882960 0.247932
-0.285614 -0.010151 0.146948
0.396438 0.051964 0.491300
-0.745586 -0.948584 0.417502
0.424284 1.873290 -0.493616
-0.096074 1.055062 -0.273282
0.092426 1.117954 -0.748908
0.219820 1.536340 -0.473978
-0.598136 1.262216 -0.172953
0.305886 -0.207946 0.136583
-0.298198 1.784612 -0.513582
-0.647160 -0.736456 0.459594
0.370138 1.872304 -0.538858
0.736240 0.910424 -0.048931
-0.553750 -0.912134 0.201146
-0.230566 0.374212 0.567514
0.924314 0.983194 -0.141133
-0.273476 1.586356 -0.142743
0.050954 0.259224 -0.027419
-0.024049 1.072864 -0.463804
0.544904 -0.918060 0.492196
0.549642 -0.781996 0.293828
-0.625726 1.198392 -0.205016
-1.114194 1.558924 -0.706828
0.242992 1.265778 -0.220444
-1.065672 1.608212 -0.781010
0.598350 -0.939272 0.403412
0.382116 0.850748 -0.154817
0.997838 1.013612 -0.161102
-0.784138 -0.800204 0.339310
-0.080328 1.076726 -0.667164
-0.009137 1.085918 -0.365656
-0.226540 1.565404 -0.457422
-0.346842 0.480886 0.071029
0.223812 0.129810 0.499354
0.776278 1.131880 -0.255176
0.569122 -0.201138 0.339022
-0.441494 -0.590086 0.151423
0.314276 -0.791336 0.541934
-0.778714 -0.344512 0.368768
-0.280434 1.695390 -0.380430
-0.423376 -0.597418 0.271376
0.954398 1.491260 -0.405854
0.313614 0.601982 0.100703
-0.491292 -0.035894 0.467330
-0.013565 0.880594 -0.242892
0.133000 1.156216 -0.295318
0.030028 0.981474 -0.248038
0.080971 0.580918 -0.156928
-0.334412 0.033061 0.022344
0.650044 -0.376874 0.137148
-0.691772 1.313676 -0.110774
-0.263112 1.248994 0.735908
0.262128 -1.033942 0.443144
-0.391764 0.463660 0.458898
1.185750 1.358602 -0.691296
0.614600 -0.907702 0.214938
-0.580012 -0.981936 0.185491
1.222552 1.338490 -0.431530
-0.452172 1.914862 -0.596138
0.315710 0.503152 0.471780
-0.965610 1.022868 -0.086123
-0.589294 1.317968 -0.038992
-0.031307 0.801640 -0.219666
-0.122096 1.278418 -0.711928
0.359944 0.322028 0.460040
-0.550464 0.901586 0.281950
1.070738 1.364528 -0.571574
-0.419174 -0.590828 0.181098
0.888828 1.244374 0.012378
0.896678 1.301010 -0.364628
0.544788 -0.069876 0.421608
-0.461350 -0.212528 0.143417
-0.155683 1.421012 -0.634816
0.104813 1.173164 -0.345058
-0.776980 1.084672 -0.321806
-0.675248 -0.253128 0.322094
0.586988 -0.810694 0.370946
0.394648 1.929384 -0.528712
-0.459850 -0.171849 0.082087
0.605448 0.061690 0.386170
-1.157786 1.170442 -0.864338
0.318218 1.313324 -0.243632
-0.570506 1.304586 0.379106
-0.621202 -1.025014 0.125344
0.356314 0.091647 -0.029022
-1.090768 1.247514 -0.846030
0.383546 0.436406 0.138309
0.662196 -0.179602 0.063878
-0.274912 1.760666 -0.379058
0.461626 -0.356732 0.032661
-0.201510 0.663566 -0.128237
0.226290 0.187977 0.004853
0.110968 1.178286 -0.333290
-0.554062 -0.209754 0.338880
-0.041498 1.386000 -0.677364
-0.840342 -0.247820 0.046636
-1.117478 1.181412 -0.760936
-0.681740 -0.950692 0.018253
-0.687846 -0.773200 0.443544
1.054112 1.085532 -0.417004
-0.968088 1.463564 -0.575304
-0.483580 -0.072842 -0.018847
0.010260 0.819160 -0.231632
0.095590 0.071614 0.374948
0.488092 -0.860866 0.247366
-0.087893 0.714700 -0.172118
-0.174153 1.698228 -0.564896
0.338750 -0.176374 0.378958
0.668748 -0.420072 0.246516
-0.390364 1.894236 -0.623750
0.298362 -0.807596 0.481266
-0.877964 1.314454 -0.185923
-1.023952 1.596862 -0.812046
0.580646 -0.681616 0.241126
0.435302 0.384938 0.188646
-0.194464 1.320528 -0.581838
0.314638 -0.791160 0.329244
-0.007408 0.982000 -0.248580
0.154462 1.230378 -0.333698
-0.008375 0.113485 0.068660
-0.699096 -0.870374 0.426688
-0.292912 1.415310 -0.416984
1.241846 1.378748 -0.672906
-0.512922 0.400450 0.238048
0.725948 1.018514 -0.185180
-0.125518 1.156534 -0.450680
1.081036 1.046476 -0.238492
0.503034 -0.545538 0.083500
0.578028 -0.846048 0.429906
-0.620682 -0.116663 -0.045859
0.635698 -0.292892 0.262570
-0.589700 -0.661150 0.085235
1.213914 1.189886 -0.172664
-1.249920 1.295326 -0.746632
1.242374 1.487102 -0.691268
0.020913 0.498604 -0.137051
-0.981328 -0.975776 0.239320
1.006184 1.454214 -0.173586
0.573790 1.224730 -0.089948
1.171486 1.309036 -0.550834
0.434940 -0.874908 0.230320
-0.432866 -0.411272 0.146024
-0.234304 0.109283 0.083936
-0.506886 0.332526 0.132499
0.614082 1.253978 0.231946
0.449310 -0.868378 0.226166
0.567404 1.202770 -0.103635
-0.412802 1.929778 -0.611978
0.397776 0.444462 0.313686
0.237492 1.549396 -0.347936
-0.669412 -0.068477 0.379102
0.770868 1.045136 -0.218936
0.639586 -0.597374 0.299508
0.325442 -0.322868 0.239664
0.578390 -0.790436 0.494262
-1.190856 1.171962 -0.783530
-0.107451 0.196735 -0.006359
0.544592 -1.043330 0.463230
0.445216 -0.011231 0.467452
0.655774 -0.248652 0.163064
0.383394 -0.899576 0.249556
1.235060 1.485508 -0.611410
0.363744 0.731462 0.369178
0.868472 1.439334 -0.258596
0.358080 0.606196 0.214232
0.203678 1.469226 -0.474422
0.345208 1.784278 -0.392664
-0.460380 -0.118851 0.412656
-0.115616 0.729380 -0.200272
0.108021 1.671652 -0.226320
0.384174 1.385062 -0.082990
-1.190938 1.114858 -0.336994
1.050794 1.572122 -0.631804
1.167722 1.333862 -0.614408
0.650870 1.067550 -0.161487
0.307202 -1.013250 0.345282
0.092363 1.166482 -0.899460
-0.935620 1.005108 -0.340610
-0.258614 1.560242 -0.282754
-0.500006 1.461474 -0.055842
0.265472 1.372778 -0.349824
-0.541090 1.311176 -0.101148
0.872106 1.201554 0.071046
0.183659 0.218202 0.536016
0.144667 1.151636 -0.716678
0.623202 -0.913474 0.318878
0.402210 0.462306 0.241454
-0.360330 0.400748 0.507500
0.583558 -0.668682 0.231798
-0.695130 -0.047317 -0.041323
0.988898 1.015010 -0.329596
-0.643672 1.304878 -0.134496
0.350052 -0.277956 0.114304
0.593650 -0.162909 -0.021700
-0.217926 1.427540 -0.534946
-0.018972 1.424706 -0.638262
-0.922810 -1.035722 0.288042
0.589896 -0.918958 0.420702
-0.502848 -0.141670 -0.006744
-1.038938 1.514504 -0.844790
-0.736936 -0.869638 0.135698
-1.205892 1.245824 -0.650114
0.789610 1.279756 -0.185655
0.310768 0.573978 0.129632
0.396258 1.874382 -0.450076
-0.341202 0.271534 0.519626
-0.143305 1.545702 -0.564898
0.372582 0.419448 0.410834
0.111991 1.671282 -0.188524
0.625868 -0.505124 0.131462
1.147040 1.351980 -0.643904
-0.534708 -0.221904 0.317706
-0.759258 0.142336 0.154840
-0.466076 -0.334176 0.226460
0.830538 1.396670 -0.275530
-0.613872 -0.035413 -0.056037
-0.598048 -0.851046 0.181257
0.311234 -0.866304 0.395966
-0.590688 0.927444 0.109371
0.261216 0.263802 0.523990
0.462950 0.276514 0.380280
-0.338342 1.623018 0.436578
-1.060616 1.286510 -0.791716
0.265738 1.380474 -0.358530
0.067075 0.662796 -0.178122
0.302716 1.473412 -0.097500
-0.610022 -0.703664 0.101805
-0.027141 1.031934 -0.268814
0.658656 -0.328972 0.161046
0.451248 1.345778 -0.059633
-0.534828 0.092394 -0.039044
0.013135 0.112958 0.338264
-1.216798 1.336332 -0.581260
-1.106006 1.301308 -0.922490
0.538176 -0.825948 0.311548
-0.814532 -0.652246 0.335820
0.687738 1.013822 0.252538
0.329818 -0.519214 0.495008
0.374380 -0.997510 0.154410
-0.091083 0.121280 0.069756
-0.053793 1.336298 -0.681774
0.326870 -0.352396 0.299762
0.660536 -0.453314 0.300612
0.606166 1.056430 -0.147487
-0.190683 0.746688 -0.256120
-0.205522 1.399718 -0.564256
-0.478634 0.295500 0.069681
0.462752 1.400176 0.008987
0.209034 0.720028 0.588196
-0.448650 0.464868 0.292606
0.379388 -0.346676 0.111716
0.255884 1.561182 -0.419000
0.574678 -0.834336 0.374316
-0.328702 0.322236 0.522104
1.007946 1.544118 -0.366816
-0.368918 0.102245 0.510974
-0.119211 1.280422 -0.679414
0.478236 0.835714 0.293210
-0.809454 1.292410 -0.263272
0.607408 -0.922404 0.377880
1.113752 1.362978 -0.631166
0.719776 1.265148 0.021175
0.120278 0.611160 -0.146146
0.437536 0.383182 0.197907
0.187012 1.572468 -0.522850
1.226180 1.353802 -0.584120
-0.490678 0.425502 0.196436
-1.194110 1.132838 -0.516916
-1.110470 1.365336 -0.250552
-0.773042 1.261666 0.100284
0.679014 -0.155392 0.228910
-0.716036 1.150640 -0.299708
-0.541806 -0.312580 0.068429
-0.478156 -0.923892 0.375656
0.701702 -0.943276 0.239512
-0.830366 -0.437482 0.213366
-0.473708 1.043494 -0.197669
0.635266 -0.401316 0.099128
-0.538742 -0.871918 0.444096
0.521824 -0.961520 0.506084
-1.043224 1.404196 -0.848846
1.199696 1.401564 -0.743516
-0.278782 1.633784 -0.401538
0.108157 1.610972 -0.481786
-0.982012 0.994552 -0.346578
0.492022 -0.208876 0.387956
-0.043633 0.782906 -0.209840
-0.514772 -0.277674 0.266296
-0.483864 -0.825832 0.313784
0.431288 1.258772 -0.181231
1.092740 1.482112 -0.668334
-0.640976 -0.984386 0.099507
0.362476 0.418716 0.424520
0.499028 -0.316226 0.003652
1.081484 1.491766 -0.241752
1.258242 1.469954 -0.668476
-0.742572 -0.939958 0.419614
1.227962 1.425440 -0.472946
1.021018 1.013196 -0.212056
0.974496 1.585918 -0.463186
0.111726 0.575316 -0.134281
-0.709434 -0.213170 -0.042514
0.020051 1.080486 -0.444836
-0.231536 1.183402 -0.269796
1.244928 1.530548 -0.567604
0.290446 1.459626 -0.215394
-0.241976 1.552376 -0.418672
0.443768 1.904192 -0.520348
0.434700 -0.256488 0.000095
-0.427212 0.283754 0.032842
-0.515754 -0.016753 -0.039451
0.663406 -0.472610 0.360566
0.650856 -0.352384 0.009165
0.103599 1.246688 -0.777294
-1.178580 1.431930 -0.552024
1.169354 1.343528 -0.644714
-0.854384 0.960064 -0.159832
-0.863886 -0.889742 0.160511
0.658046 0.980186 -0.139446
-0.768580 -0.790016 0.204450
0.624302 1.271466 -0.013403
-0.494516 1.138294 -0.202536
-0.689858 -0.821396 0.440684
0.343442 0.700938 0.045779
0.819108 1.064504 0.133017
0.171696 0.044258 0.116762
0.284788 1.657662 -0.351832
-1.120466 1.574282 -0.738846
0.358646 -0.262686 0.356164
-0.548154 -0.240700 0.045015
-1.172028 1.540588 -0.719226
0.392342 -0.147949 0.422922
-1.019696 1.253032 -0.172602
-0.349466 1.448330 -0.184599
1.156304 1.290588 -0.522708
-0.202100 0.123356 0.091639
0.606018 1.178148 -0.130994
-0.240030 1.307784 -0.407590
1.157884 1.447482 -0.361632
-0.662922 -0.740294 0.128337
-1.000754 1.309054 -0.689186
0.013858 1.088448 -0.344028
1.057072 1.661746 -0.411754
-0.547816 -0.266268 0.044417
-0.177755 0.168040 0.041913
-0.228520 0.143159 0.053331
1.081890 1.107206 -0.433452
0.174918 1.268484 -0.390114
0.309018 -0.874262 0.412368
-0.610408 -0.604370 0.064500
0.387732 1.801440 -0.422230
0.313162 -0.874806 0.392148
-0.653816 1.022254 -0.219734
-0.168529 1.236350 -0.686878
0.661150 -0.144126 0.029057
-1.007788 1.532306 -0.752958
-0.734480 0.014435 -0.014771
0.541400 0.912942 -0.016762
-0.778872 -0.613848 0.406040
0.520008 0.918278 0.202700
-0.325310 1.278320 0.707472
-0.038543 1.720436 -0.291786
-0.721480 1.322126 0.012816
0.152209 1.247310 -0.708088
-0.401374 0.347870 0.040197
0.264864 0.342846 0.518946
0.495946 1.327322 -0.004139
-0.164628 1.328918 -0.609448
0.523562 0.071851 0.459296
0.269762 -0.175534 0.301494
0.011472 0.499244 -0.137836
-0.728162 -0.900852 0.059263
-0.290640 0.796680 -0.259394
-0.353256 0.075212 0.011485
-0.185825 1.790342 -0.402640
-0.546990 -0.810308 0.184291
1.263316 1.432220 -0.563426
0.326152 0.467932 0.112323
0.226928 1.313410 -0.398378
0.060466 1.093234 -0.805896
0.359870 -0.960016 0.252930
-0.542234 -0.894380 0.232368
-0.357560 -0.137636 0.198356
0.246860 1.758436 -0.356820
-0.419998 -0.453994 0.212680
-0.028695 1.076256 -0.329730
0.657536 -0.331366 0.182796
0.413262 -0.354232 0.076181
-0.515052 1.143434 -0.194211
-1.267464 1.235156 -0.490252
0.461404 -0.343736 0.026622
-0.505168 -0.153694 0.006096
-1.060790 1.248820 -0.762618
-1.003744 1.482742 -0.682066
1.234132 1.530306 -0.553674
-0.794156 0.949842 -0.110760
0.606652 -0.898966 0.226328
0.690998 0.043728 0.200656
0.025541 0.983640 -0.250536
-0.588800 -0.920040 0.173241
0.560014 0.979548 -0.103321
0.430216 -0.836496 0.582538
-0.628192 -0.349302 0.404790
0.379104 0.446400 0.143249
0.136071 0.183861 0.523342
0.337934 0.445812 0.093976
-0.233218 1.581370 -0.332946
0.076884 0.188892 0.030822
1.200794 1.378078 -0.246654
0.472160 -0.893940 0.148082
-0.942390 -1.044568 0.271762
1.173704 1.551670 -0.415192
0.166271 1.736496 -0.497322
1.145770 1.361414 -0.680068
0.210170 0.451136 0.579070
0.626588 -0.431930 0.444992
0.281986 0.291160 0.516322
-0.656164 -0.947982 0.073667
0.372922 1.393852 -0.135365
0.439298 0.802268 0.245750
0.354708 1.386890 -0.170819
-0.762064 -1.013940 0.403420
0.328568 0.694558 -0.010623
-1.050372 1.343082 -0.784858
-0.178161 0.611566 -0.118191
-0.556396 0.336448 0.188315
-0.476064 -0.821122 0.335560
-0.001587 0.879886 -0.244012
0.637912 -1.043190 0.376270
-0.302332 1.494702 -0.291868
0.627596 1.267384 -0.030986
0.163579 1.718244 -0.500848
0.114543 0.053106 0.218436
0.296806 1.449820 -0.252384
-0.338406 1.695506 -0.438772
-1.076026 1.552328 -0.708502
0.137303 1.201406 -0.489452
0.437614 -0.726750 0.241620
0.643960 -0.379208 0.373366
0.172035 1.609364 -0.202454
0.576880 -0.876820 0.390138
0.280000 1.819782 -0.563520
0.024995 0.806472 -0.234808
-0.645170 -0.713776 0.113057
0.026691 1.047500 -0.561018
0.216944 1.482004 -0.444776
0.548464 -0.664198 0.192838
-0.493418 -0.770816 0.399860
-0.649554 0.002510 -0.043459
-0.096876 0.296196 -0.067396
-0.019665 0.634618 -0.188514
0.334818 0.706914 0.030963
0.609884 0.918972 -0.091187
0.317362 0.741158 0.478632
0.169991 0.156009 0.507706
-0.807536 1.021826 -0.307946
-0.995094 1.051920 -0.552142
0.276464 1.732878 -0.355302
0.272800 1.471252 -0.287522
0.689646 1.275348 0.015891
-0.499318 -0.376398 0.070406
0.389038 -1.012650 0.113043
0.365948 1.285700 -0.240396
0.670130 0.897778 0.101653
0.222170 0.765738 -0.234256
0.249788 0.973024 0.690304
0.612942 1.172668 -0.129479
-0.433590 1.137188 -0.237812
-0.271876 0.733196 0.578850
1.106374 1.681266 -0.519652
0.959892 1.322156 -0.068337
0.485284 -0.247680 0.397376
0.139160 0.266694 0.544956
-0.812482 -0.208960 0.181814
-0.885524 1.421890 -0.552638
0.105053 0.579490 -0.144348
1.023990 1.304832 -0.524910
0.438564 1.029104 0.554578
0.322280 1.411802 -0.223600
0.560918 1.189668 0.322604
0.562742 0.284404 0.258664
0.300504 -0.888290 0.535242
0.610956 0.931204 -0.111801
-0.053093 0.571196 -0.161673
0.887370 1.449012 -0.372080
-0.658042 -0.970636 0.062442
0.006228 0.462644 -0.113585
0.701310 1.076862 0.256766
-0.661894 1.240446 -0.247268
1.007264 1.298490 -0.502554
0.411328 -0.408392 0.495676
0.012997 1.107916 -0.833722
-0.561350 -0.869790 0.219132
-0.594056 -0.784754 0.152158
0.738350 1.248750 -0.028680
0.457910 -0.507600 0.084023
0.662872 1.293676 0.125945
-0.273682 0.558500 0.001147
0.067437 1.778348 -0.050676
0.195744 1.614040 -0.277700
-0.681572 0.217690 0.110717
-0.953930 -0.939318 0.243304
-0.563966 1.428678 0.100533
0.304258 -0.749374 0.312202
0.375902 1.870414 -0.521544
0.437620 0.824408 0.061362
-1.229214 1.412130 -0.760762
-0.998326 1.412814 -0.698490
-0.008918 1.148016 -0.906722
0.938776 1.095990 -0.454362
0.130880 1.208290 -0.473188
-1.176942 1.166618 -0.631988
-0.486334 -0.288536 0.190359
-0.099928 0.129862 0.047526
-0.344222 0.736726 0.495370
-0.767074 -0.873046 0.372282
-0.596526 -0.194102 0.347236
-1.223930 1.403110 -0.448744
0.383890 -1.027406 0.129938
-0.819862 -0.155556 0.136634
-0.097173 0.141693 0.008726
-0.137897 0.214768 0.519458
0.548348 -0.876858 0.238988
0.171625 0.067750 0.426108
-1.020268 1.001260 -0.342772
-0.339514 1.170560 -0.257322
0.249940 1.446512 -0.391924
0.263682 -0.525806 0.400444
-0.067972 0.124039 0.013273
-1.010314 1.534056 -0.740712
-0.320466 0.535716 0.055716
0.653030 -0.521866 0.286756
-0.838268 -0.151242 0.017088
0.134028 0.058743 0.385504
-0.803194 -0.697842 0.331394
0.515766 1.333176 0.024014
0.393294 1.924452 -0.538346
-0.075729 0.127808 0.008983
-0.765030 0.126988 0.160005
0.453370 0.918950 -0.056432
0.603872 1.145186 -0.113718
-0.175230 1.467128 -0.561078
0.203190 1.771278 -0.378760
-0.825432 -0.532832 0.193192
-0.384662 0.328284 0.501472
0.598662 -0.901552 0.245720
0.233614 0.517610 0.023980
-0.343080 1.872766 -0.455558
-0.202548 1.467400 -0.521922
-0.623200 -1.034772 0.503578
0.595552 -0.796802 0.433246
0.253484 0.277844 0.524118
-0.493670 -0.840282 0.307858
-0.704000 1.317698 -0.110872
-0.688906 -0.969114 0.001896
0.263336 0.805922 -0.238910
-0.848320 -0.877486 0.278820
0.201476 1.321258 -0.262576
0.429314 0.835398 0.014599
0.551964 -0.184321 -0.031752
-0.760806 -0.894574 0.090912
-0.675504 -0.894562 0.456730
0.417448 0.423504 0.196781
0.013350 1.283930 -0.793950
-0.833968 -0.418224 0.255856
-0.304742 1.381614 -0.393906
0.149393 1.154420 -0.687986
0.179840 1.765624 -0.492996
-0.159061 1.737888 -0.549054
0.354148 0.413258 0.079774
0.314742 -0.875128 0.387556
0.352792 1.384956 -0.230126
0.184386 0.337876 0.547254
-0.821584 -0.849832 0.273586
1.083448 1.516096 -0.313922
-0.682570 1.245782 -0.261088
-0.395710 1.911566 -0.517116
-1.050274 1.443766 -0.830200
0.025557 1.260438 -0.860516
-0.884488 1.420724 -0.535042
-0.049807 1.071406 -0.523634
0.299128 -0.947090 0.368344
-0.857834 -0.925606 0.309258
0.150711 1.235202 -0.737854
1.110852 1.372972 -0.635040
-0.834424 -0.206722 0.088388
-0.930370 -1.006988 0.285866
0.011633 1.696018 -0.342494
-0.086507 1.249840 -0.810504
0.402624 0.382580 0.353906
-0.104049 1.109112 -0.743796
-0.755156 -0.188958 0.263088
-0.767372 -0.014156 0.295494
0.537532 -0.687002 0.557092
-0.210618 1.470940 -0.509346
0.037774 0.593962 -0.175953
0.481456 0.997322 -0.119293
-0.039262 1.011378 -0.261928
-0.159743 1.243994 -0.728760
0.215380 1.557556 -0.473142
-0.155907 0.537698 -0.110528
0.309812 -0.916532 0.345326
-1.228390 1.303404 -0.674968
-0.810256 1.155416 -0.446786
-0.064847 0.356374 0.607012
0.352168 -1.038262 0.639578
0.433038 -0.371208 0.063728
-0.397256 -0.104243 0.089044
-0.048250 0.598228 -0.180868
-0.883688 1.028472 -0.002927
-0.725850 0.941236 -0.163290
-0.532440 -0.832070 0.226694
-0.950896 1.359860 -0.219670
-0.267808 0.482702 0.576402
0.515312 -0.836842 0.534274
-0.287600 0.148488 0.508346
0.652148 -0.302102 0.204858
-0.819898 -0.174126 0.147577
-0.518894 -0.901152 0.451658
1.094086 1.403876 -0.125370
0.530826 -0.752664 0.562508
-0.797178 0.017872 0.213828
-0.487584 -0.319238 0.224468
-0.449426 0.394820 0.425312
0.428836 0.358442 0.305440
-0.465016 0.848018 -0.055878
-0.121312 0.083045 0.281946
-0.111043 0.473164 0.634152
0.422122 -0.266896 0.015681
-0.698082 1.096014 -0.283140
0.622022 -0.913906 0.228882
-0.030247 1.270742 -0.819070
1.239986 1.395608 -0.504462
0.223350 -0.071998 0.156287
0.314830 0.436854 0.452592
0.376466 1.897394 -0.454416
-0.552944 0.915258 0.279344
0.051821 1.225494 -0.906178
0.553520 -0.988544 0.469958
-0.833386 -0.264558 0.143559
-0.350580 -0.051768 0.094303
0.378346 -0.876688 0.287748
-1.091782 1.157870 -0.225126
0.016770 0.581956 -0.173337
-0.955244 1.418626 -0.636502
0.101041 1.672908 -0.340496
-0.642752 1.073974 -0.245860
0.136650 0.518532 0.637912
0.618764 -0.662660 0.292196
0.055390 1.199840 -0.971398
0.014878 0.145321 0.023773
-0.338526 1.784916 -0.427128
0.618234 -0.634966 0.294830
0.259020 1.430290 -0.370968
0.397612 0.361180 0.392946
-0.065843 1.035192 -0.594908
0.453116 -0.835776 0.573524
-0.286240 1.798860 -0.554442
-0.840604 -0.347932 0.214660
-1.226720 1.344620 -0.484622
-0.811904 -0.214294 -0.041471
0.479398 -0.087640 0.432698
0.283320 1.836308 -0.402242
-0.131395 0.286288 -0.038164
-0.200394 1.612502 -0.513750
-0.313220 1.650046 -0.431494
0.152962 1.157384 -0.659280
0.107183 0.376558 -0.041289
0.073608 0.178968 0.038303
0.228834 1.648426 -0.446840
0.437712 -0.262830 0.001450
-0.482814 0.136335 0.510100
-0.518660 -0.520322 0.417904
-0.324704 1.832688 -0.582508
0.121633 1.212366 -0.858676
-0.786416 -0.084632 0.022123
-0.743114 -0.851042 0.170317
0.373466 1.239614 -0.210744
-0.303674 1.377132 -0.395142
-0.600838 1.269100 0.271556
-0.822626 -0.869766 0.180911
0.215696 1.807130 -0.501642
-0.338434 0.271380 0.016212
-0.395372 0.329950 0.497116
0.586710 0.164145 0.378144
-0.247438 1.224348 -0.278758
0.554266 0.177518 0.057312
0.386674 0.758320 0.034423
-0.689294 -0.762022 0.143456
0.096307 1.298574 -0.657328
0.386436 -0.282792 0.383410
-0.538262 -0.146139 -0.020510
-0.830602 1.380392 -0.421434
0.019790 0.143679 0.071908
0.983080 1.583064 -0.425860
-0.800888 -0.711672 0.348806
0.455354 1.357748 0.012576
-0.773276 -0.261666 0.273384
0.405332 0.288674 0.419184
0.549786 -0.885754 0.458448
0.773350 1.264834 -0.221090
-0.631662 -0.244356 -0.002095
-0.030535 1.078024 -0.330974
0.301250 -0.223272 0.259096
0.379496 1.734836 -0.423528
0.283642 -0.579162 0.466762
-0.018140 0.971750 -0.236306
-0.067724 1.098336 -0.776716
-0.589236 -0.805074 0.454030
-0.807482 1.054184 -0.313520
0.275692 0.058331 0.475212
-0.319370 -0.046983 0.134796
0.293734 1.781744 -0.487684
-0.453398 0.297652 0.481670
-0.513150 -1.046864 0.303346
-1.040412 1.412674 -0.794420
-0.288458 1.651746 -0.448288
0.263010 1.374160 -0.363678
0.554690 0.922090 -0.041725
-0.623692 0.196928 0.455576
0.560290 -0.460424 0.058902
-0.849328 1.397236 -0.370008
1.259014 1.389258 -0.607740
-0.967460 1.056346 -0.563286
-0.790528 1.041906 0.136374
-0.920134 1.399624 -0.293746
-0.469786 0.847310 -0.048778
0.259730 1.396898 -0.372190
0.383590 1.772560 -0.414480
-0.305446 0.322996 0.008896
0.002690 1.560000 -0.536206
0.406024 1.795332 -0.431972
-0.699938 1.268580 -0.248370
-0.067588 0.312856 -0.091718
0.320588 -0.459838 0.456874
0.255814 1.487918 -0.338936
-0.015905 1.471816 -0.613876
0.279946 -0.796366 0.423110
0.241854 1.805906 -0.388276
-0.250974 1.510658 -0.452086
-0.569738 1.318128 -0.046564
-0.412130 1.840974 -0.534690
-0.812318 -0.086951 0.088039
-0.810720 1.268416 -0.449658
0.417656 0.869130 -0.118496
0.541168 -0.114141 0.394256
0.920522 1.349104 -0.391866
-0.462982 -0.221660 0.161678
0.346736 1.666554 -0.393448
-0.507910 0.367518 0.174737
-0.144311 0.420690 -0.072238
0.600586 0.238140 0.193760
-0.736122 1.245864 -0.291820
0.405136 0.432854 0.308412
0.330428 0.929264 -0.236928
0.007943 0.129880 0.061277
-0.745984 0.118698 0.313902
-1.040284 1.594956 -0.782542
0.146965 1.416434 -0.666296
0.476350 0.854422 0.101382
-1.207188 1.245560 -0.307054
-0.469802 -1.020054 0.349704
0.485804 -1.001144 0.540970
-1.104214 1.324436 -0.221696
-0.471630 -0.229632 0.155292
-0.727788 0.964436 -0.220734
-0.212354 1.345934 0.714524
-0.785900 1.323204 -0.089766
-0.099159 1.094964 -0.290692
-0.929152 1.449146 -0.438822
0.740668 1.171702 -0.188198
0.384790 1.230904 -0.211064
-0.436722 -0.099029 0.011577
-0.720552 -0.410642 0.447982
0.561894 -0.878464 0.283900
-1.190106 1.144466 -0.278730
-1.068618 1.383252 -0.862790
0.310674 0.433468 0.456796
1.009030 1.258904 -0.515022
-1.104144 1.151732 -0.241894
-0.056257 1.767154 -0.169729
0.440722 0.372896 0.171442
-0.588900 -0.950708 0.502040
0.995758 1.621504 -0.426644
-0.043980 0.348866 0.610552
-0.887110 1.167788 -0.508602
0.306348 -0.957120 0.356218
0.255204 1.088788 0.715566
-0.710990 -0.252352 0.309330
-1.240718 1.368476 -0.855462
1.058394 1.490140 -0.598230
0.358670 -0.245506 0.358932
-0.261578 0.750528 0.588280
-0.438244 -0.012267 -0.022314
1.051008 1.479118 -0.207712
-0.486840 0.915372 0.477428
0.301736 1.448608 -0.218716
-0.493478 0.391366 0.388668
-0.469222 0.441638 0.301914
0.246800 1.771716 -0.365486
-0.838856 1.145238 0.095912
0.261148 0.622126 0.002172
0.985414 1.636332 -0.438766
0.426108 0.380956 0.295638
-0.813930 -0.137879 0.152999
0.626052 -0.965604 0.380464
0.580200 -0.895942 0.407592
-0.034820 0.103728 0.071764
0.259120 1.434800 -0.368122
-0.705924 -0.308972 -0.004031
0.059324 1.216164 -0.967702
0.225048 0.121689 0.021739
-0.343722 0.244912 0.011829
0.203858 1.325670 -0.328506
0.857460 0.959072 -0.109314
0.338470 -0.880932 0.332796
0.697316 1.203476 -0.145469
0.181982 0.020807 0.351064
1.179636 1.297084 -0.504462
-0.251638 1.794278 -0.387254
-0.294134 0.551314 0.024488
0.298848 0.623414 0.060868
-0.028189 1.071516 -0.317982
1.001972 1.643992 -0.565124
0.477902 1.078256 0.454320
0.980518 1.527054 -0.472266
-0.795260 -0.800406 0.289384
0.024594 1.247746 -0.899868
0.369450 1.826154 -0.415032
0.683020 -1.036528 0.338022
0.385680 1.838956 -0.430256
-0.613176 1.214090 -0.199707
-0.823928 -0.570888 0.330196
-1.090972 1.559760 -0.705268
0.823678 1.058940 -0.344772
0.392740 0.862058 -0.150894
-0.266774 0.241704 0.010889
0.530670 -0.865090 0.276394
0.290396 -0.746720 0.336114
0.302958 -0.893540 0.376470
-0.238356 1.525628 -0.472938
0.073037 1.123764 -0.417432
-0.696956 1.309970 0.062643
0.988462 1.595248 -0.420668
0.049573 1.044598 -0.625050
0.548482 -0.366376 0.013789
0.806802 0.970856 -0.190690
0.393158 -0.171118 -0.004230
-0.668508 -0.930202 0.072553
0.804230 1.262946 -0.089182
-0.070758 0.316856 0.589636
1.183186 1.624084 -0.536988
-0.018839 0.573176 -0.167006
0.822238 0.986290 -0.221088
0.015561 0.990610 -0.259384
-0.966314 1.139524 -0.572742
-0.497568 0.823694 0.164902
-0.275956 0.247224 0.533502
-0.305124 0.960530 0.708950
-0.572030 -0.915604 0.491662
-0.478838 -0.727332 0.367888
0.966892 1.658390 -0.485284
-0.425724 -0.182861 0.187759
0.313222 0.077009 -0.012525
-1.037804 1.015678 -0.351236
-0.265226 1.528732 -0.390902
-0.727274 -0.829402 0.180013
-0.596250 -0.349184 0.025291
-1.258312 1.250086 -0.810882
1.018082 1.551866 -0.531638
-0.389454 0.925970 0.600906
0.589816 -0.045466 -0.030647
0.555978 -0.350720 0.431574
0.192987 1.732148 -0.543628
-0.448072 -0.201828 0.156809
0.241816 0.341634 0.518278
-1.093922 1.222570 -0.841184
0.341804 0.358222 0.468204
0.142585 0.025918 0.252512
-0.634674 -0.996932 0.096544
1.110428 1.501658 -0.297044
0.078402 1.688730 -0.293434
-0.720060 0.199822 0.228126
1.071160 1.522606 -0.317000
0.675170 -0.298720 0.027754
0.313428 1.435698 -0.175791
0.583886 -0.907750 0.424008
-1.177190 1.469014 -0.639602
-1.124598 1.181568 -0.803332
0.030657 0.351212 0.602866
0.589082 -0.793264 0.345088
1.233722 1.363194 -0.525146
1.094534 1.298930 -0.549752
0.785672 1.085028 -0.280792
0.013932 1.535016 -0.553106
-0.045794 1.072124 -0.488050
-0.620180 -0.455344 0.027371
-0.382934 1.918746 -0.616370
-1.131172 1.581060 -0.747526
-1.057362 1.484492 -0.554800
0.704696 -0.960472 0.302636
-0.139007 1.091168 -0.278260
0.245430 -0.100348 0.146226
1.181078 1.239554 -0.475072
0.317204 -0.924266 0.332778
-0.137348 1.196258 -0.812952
0.617824 0.195344 0.154497
-0.432906 -0.605344 0.171531
-0.518186 0.847216 0.243592
-0.495410 -0.855548 0.307068
0.425328 1.888102 -0.475458
0.591856 -0.896184 0.398810
0.905160 1.026360 0.070022
0.433080 0.845666 -0.029526
-0.021102 1.168744 -0.939010
0.297582 -1.026096 0.366380
-0.755810 0.035946 0.010621
-0.348738 1.893512 -0.617288
-0.409636 1.229522 -0.269642
-0.550490 -0.303580 0.329086
0.430032 1.901234 -0.484688
0.320442 -0.287642 0.260882
0.314776 -0.279412 0.231974
0.260002 0.349748 0.516922
1.037704 1.083746 -0.098826
-0.360454 0.633122 0.078455
0.287238 -0.778802 0.489060
-0.258640 1.527782 -0.365228
0.444146 0.947026 -0.098105
0.440240 0.269518 0.404490
1.268448 1.434366 -0.629458
0.201334 0.285680 0.537462
0.263346 1.407828 -0.361022
0.588686 -0.997990 0.423852
-0.008745 0.114002 0.061680
-0.031975 1.221710 -0.916140
-0.822752 1.103892 -0.462206
0.816510 0.963992 -0.178334
0.067761 1.046876 -0.270758
-0.809170 -0.684302 0.306730
-0.543590 1.277886 -0.131522
0.120071 0.130427 0.048698
0.306804 -0.705674 0.264486
-0.504140 -0.320224 0.128278
-0.780882 1.074574 -0.319084
0.297682 -0.847540 0.492872
0.431240 0.364834 0.277852
-0.603764 0.139980 -0.021251
0.332816 -0.360768 0.205554
0.305192 -0.881714 0.427280
-0.360088 1.485106 0.555978
0.513106 -0.380636 0.026706
0.655654 -0.378698 0.169733
-0.739216 1.323914 -0.042660
-0.334700 1.676068 -0.450376
-0.155417 1.779508 0.315772
0.366204 0.352106 0.449368
-0.530798 1.112874 -0.188308
-1.071194 1.031784 -0.485778
-0.792142 1.137638 0.145224
0.433318 0.389006 0.269724
1.102190 1.069878 -0.235220
-0.289562 1.801014 -0.592698
0.982182 1.641818 -0.450408
-0.845492 -0.250142 0.019916
0.345818 1.850514 -0.563244
