-0.634262 0.080550 0.080997
1.067200 1.056176 -0.276585
0.285327 1.339626 -0.875370
1.349972 1.260808 -0.541288
-0.176778 1.918607 -0.740659
1.321575 1.475603 -0.637686
-0.411909 0.794720 0.381395
-0.493007 -0.529912 0.244795
-0.608511 0.949657 -0.071482
0.009873 0.625416 -0.280726
0.736563 1.176528 -0.320486
0.610422 1.775206 -0.639879
-0.796205 -0.452432 0.465750
0.246220 1.514374 -0.764288
-0.415500 -0.203933 0.336971
0.418042 -0.802203 0.545705
0.154675 0.077588 0.230791
0.464114 -0.873968 0.421056
-0.504660 -0.903138 0.409147
0.485644 -0.207461 0.579873
0.191550 1.344453 -0.899806
-0.849217 -0.959972 0.400177
-0.704502 0.220340 0.249090
0.177894 0.254700 0.606065
-0.371953 0.058507 0.118472
-0.820893 -0.310567 0.287564
0.562057 1.841184 -0.649501
0.406629 1.357908 -0.611658
-0.100252 1.493505 -0.639406
-0.137519 0.448791 -0.089656
-0.722106 1.571498 -0.788137
0.027498 0.086787 0.305777
-0.609910 1.316981 0.115906
1.231781 1.197224 -0.756844
-0.411361 0.319954 0.518780
0.118293 0.347920 0.600875
1.348377 1.111372 -0.573873
0.431231 1.396214 -0.410367
0.677635 0.063336 0.386081
0.142472 0.695889 -0.294074
-0.997672 1.434381 -1.046093
-0.849085 1.139406 -0.710100
-0.640916 -0.949930 0.273496
0.417184 1.626950 -0.675124
-0.732155 0.996432 -0.053445
0.398439 -0.785715 0.686364
0.256630 1.585896 -0.687251
0.400580 1.441232 -0.499306
0.819516 0.895935 -0.160203
-0.099732 1.961163 -0.721385
0.566147 1.764367 -0.682152
-0.415708 0.909993 -0.309205
-0.252402 0.813802 -0.407618
0.493764 0.272953 0.491027
-0.596007 -0.918113 0.347318
0.639374 -0.817210 0.686610
0.379162 -0.959290 0.601159
0.591256 -0.278441 0.594302
0.147624 1.278989 -0.921462
0.291022 -0.504376 0.441806
-1.002125 1.519580 -0.939227
0.664312 -0.879299 0.355819
0.471698 -0.551592 0.763634
-0.007674 1.164254 -0.563881
0.182181 0.177979 0.098930
0.384695 1.509010 -0.541926
0.395482 1.338107 -0.535485
0.196750 0.391571 -0.016138
0.416523 -0.204005 0.560931
-0.382533 1.011520 0.541846
0.039070 0.133341 0.188399
0.555743 -0.535473 0.770371
0.315749 1.594057 -0.667746
-0.058820 0.717233 -0.295415
-0.415911 -0.002160 0.629874
-0.326696 0.670170 -0.092225
0.293582 0.606685 -0.041185
-0.468898 1.467535 -0.194931
-0.501089 -0.557670 0.249826
0.325258 1.613327 -0.479555
1.412984 1.188699 -0.953201
-0.578106 -0.306484 0.199305
-0.316833 -0.059743 0.277832
-0.792484 1.230651 -0.779319
0.361168 -0.282916 0.503160
-0.197896 0.379535 0.618335
0.000891 0.166108 0.083033
-0.343568 0.542793 0.031629
0.412429 1.512825 -0.630616
0.678728 1.228363 0.028831
-0.580903 1.295825 -0.463387
1.173941 1.437364 -0.703831
-0.584783 0.292742 0.390635
0.445538 -0.344686 0.672299
-0.731831 1.254261 -0.067469
0.556800 -0.233682 0.560558
-0.743352 1.489950 -0.566563
0.401676 -0.253493 0.557609
-0.895603 1.042924 -0.284100
-0.823213 1.677769 -0.866220
0.979549 0.907274 -0.459173
0.377517 0.485258 0.232496
0.457014 0.026329 0.605719
-0.709672 1.481100 -0.571767
0.350474 1.256031 -0.406395
-0.549263 1.009347 0.310088
1.267523 1.300046 -0.812725
0.885331 1.234065 -0.257760
-0.721243 1.710151 -1.004283
0.144062 0.130760 0.585585
-0.494638 -0.925165 0.416531
-0.024459 1.193799 -0.590520
0.236517 0.340968 0.553592
-0.383764 0.518697 0.092629
-0.346621 0.718019 0.426894
0.365247 -0.286401 0.512183
-0.996223 1.420162 -1.062758
-0.531638 0.886840 -0.046964
0.220154 0.456707 0.002095
-0.104477 0.376703 -0.067021
-0.199421 0.149660 0.155396
0.628918 -0.199265 0.473572
0.329668 1.514799 -0.734859
0.140725 1.721890 0.184178
0.375726 -0.957968 0.632704
0.983953 1.356123 -0.491005
-0.632973 -0.209774 0.146197
0.678653 1.828950 -0.718848
0.596488 -0.710634 0.786167
-0.001024 0.885211 0.519329
-0.093264 0.416747 0.619033
0.323487 0.663030 0.287867
0.325186 0.679895 -0.217793
0.057950 0.861906 -0.422988
-0.709405 -0.308053 0.472525
-0.013430 0.375521 -0.087077
0.784532 1.196693 -0.285722
0.396493 1.413375 -0.643976
-0.633300 1.303483 -0.637774
0.446895 -0.426635 0.273644
-0.826255 -0.275773 0.248014
-0.310187 0.009345 0.592672
-0.939902 1.624457 -1.023365
-0.984905 1.504572 -1.040507
-0.807200 -0.208172 0.318154
0.419655 -0.475226 0.304659
-0.005722 0.355508 0.627216
0.701928 -0.105565 0.289897
-0.905056 -1.014524 0.422748
0.161440 0.015878 0.396524
-0.465993 -0.975206 0.424414
-0.756714 0.094449 0.385039
-0.532035 1.276616 -0.417532
0.619285 -0.838333 0.419923
-0.284015 -0.045831 0.320119
-0.765126 -0.122689 0.121684
0.122389 1.212198 -1.061645
-0.021047 0.593758 -0.256391
-0.709641 1.171136 -0.653052
0.035079 0.865922 -0.419538
0.684378 -0.686848 0.578350
0.665254 0.891188 -0.298424
0.531857 0.326589 0.234999
-0.768373 1.096824 -0.540992
0.084974 0.220721 0.090230
-0.018795 0.114383 0.149257
-0.036061 1.654314 -0.649348
0.348925 1.666994 -0.662680
0.317421 0.470661 0.410862
0.445705 -0.830145 0.508878
0.780666 -0.966782 0.536901
0.044116 1.726695 -0.436141
0.277130 1.224693 -1.060737
-1.024064 1.238768 -0.712263
0.666286 1.851047 -0.700023
0.547467 1.282920 -0.237988
0.200392 -0.049848 0.441811
-0.819963 -0.253520 0.153993
0.281939 1.306442 -0.894675
0.027603 1.201396 -0.880337
0.340537 -0.252818 0.341691
-0.502363 1.027804 0.374710
0.419953 0.391549 0.271371
-0.862890 1.080587 -0.222015
-0.812713 -0.121358 0.305926
1.472050 1.227778 -0.882515
0.474076 1.335522 -0.377711
0.074416 1.086354 -0.721301
-0.391523 0.681452 -0.007508
1.068919 1.403507 -0.420978
-0.070605 0.123292 0.337645
0.937009 0.993452 -0.572809
-0.752443 1.484308 -0.534787
-0.059143 1.638716 -0.473561
0.245142 1.092876 -0.911730
-0.597225 1.244027 -0.470376
0.610065 1.804317 -0.729175
0.181010 1.654350 -0.648802
-0.461587 0.439750 0.390731
-0.832419 1.365709 -0.371966
0.100637 1.520517 -0.791374
0.695618 -0.256931 0.270937
0.800801 1.094388 -0.373826
-0.049865 0.224130 0.004095
-0.441353 1.415837 -0.258321
0.887526 1.019822 -0.520187
0.147182 1.044428 -0.720402
-0.822727 -0.227752 0.258291
0.099075 0.759921 -0.383397
0.470457 0.859171 -0.284760
-0.774980 0.036852 0.377507
-0.445330 -1.063315 0.459912
0.312107 0.211295 0.091428
-0.633589 1.358502 -0.388712
1.113035 1.149659 -0.662917
-0.822198 -0.289587 0.297110
-0.653316 0.273545 0.378703
0.971677 0.952914 -0.573057
0.388551 1.468256 -0.392063
0.313286 -0.087848 0.552978
0.439843 -0.962600 0.390879
-0.814654 1.734582 -0.933035
0.281740 1.194369 -1.127868
-0.779397 1.553722 -0.630414
-0.178349 1.364078 -0.551912
0.384765 -0.236590 0.238863
0.477332 -0.567918 0.347553
-0.801867 -1.092962 0.502560
-0.295610 0.354109 0.567748
-0.153057 0.099049 0.265246
-0.947566 1.497363 -1.131536
0.322120 1.584546 -0.688210
0.558226 0.303925 0.346277
1.164464 1.497718 -0.638963
-0.828401 1.744937 -0.940967
0.421003 -0.323526 0.635343
0.401289 0.013672 0.093672
-0.738351 -0.916517 0.337460
-0.014767 0.114210 0.222925
0.050566 1.811460 -0.685000
-0.135870 1.398916 -0.624066
1.023136 1.235224 -0.561655
0.006403 1.257359 -0.802138
1.098704 0.943458 -0.402522
-0.433920 1.369825 0.432426
-0.101218 1.132468 -0.473943
0.355073 -0.315765 0.474981
-0.567230 -0.478234 0.623213
-0.683377 -1.035185 0.574748
-0.811613 1.610599 -0.791217
0.576008 -0.894366 0.783277
0.118306 1.648042 -0.658779
0.478784 0.018081 0.602406
-0.673789 -0.419920 0.182073
0.276553 -0.136411 0.333679
0.150021 1.084458 -0.589323
0.148811 0.033835 0.323048
-0.366521 0.725192 0.399406
0.642634 -0.963712 0.694026
1.193777 0.958052 -0.577235
0.334627 1.269736 -0.615577
-0.573190 -0.422383 0.596630
-0.800292 -0.020717 0.321277
0.079389 1.288417 -0.860275
1.035095 0.941001 -0.363408
-0.611996 -0.441254 0.612122
-0.553089 1.110580 -0.439764
0.546263 1.725516 -0.651267
-0.811190 -1.023990 0.486280
0.095500 0.092377 0.230752
-0.901279 -1.059660 0.441043
1.425714 1.392810 -0.836589
0.383621 1.217124 -0.402070
-0.636491 1.252962 -0.513369
0.625238 -0.703483 0.760751
-0.790185 -0.578944 0.410417
0.866445 0.885563 -0.208242
0.465377 -0.101399 0.583819
-0.418188 1.349424 -0.366215
0.646825 1.183089 -0.299721
1.281296 1.490170 -0.596322
-0.395022 -0.196280 0.359546
-0.580991 1.221721 -0.466295
0.409950 0.365033 0.360292
-0.654907 1.463548 -0.685082
-0.762725 1.700618 -0.930169
1.354087 1.150027 -0.817123
1.118972 1.338579 -0.629984
-0.775740 1.489737 -0.902133
-0.265022 1.323689 -0.494138
0.383977 1.412842 -0.679974
-0.085474 1.385754 -0.705455
0.240826 1.079346 -1.035340
-1.037752 1.273004 -0.746841
0.176930 1.260463 -0.983609
0.351946 0.496586 0.196925
-0.411070 1.298685 -0.397600
-0.424393 0.806719 -0.188516
0.303552 1.626654 -0.460193
0.402543 1.373885 -0.586742
0.166368 1.688381 -0.407457
-0.461024 -0.793568 0.649490
-0.146252 0.062793 0.364542
-0.805104 -0.174336 0.310000
0.706339 -0.492595 0.635905
-0.772193 -0.656106 0.351706
0.602770 0.162341 0.171710
0.629002 0.149584 0.452671
-0.498268 -0.420387 0.571542
0.864932 1.157987 -0.474467
0.460508 -0.980215 0.827576
0.356009 0.307811 0.508357
-0.047781 1.283017 -0.752064
0.426446 -0.734989 0.757922
1.273936 1.450328 -0.573830
0.312508 1.114223 -0.888225
-0.167512 1.941403 -0.740158
-0.686292 -1.088609 0.571295
1.313329 1.121432 -0.716347
-0.475337 -0.353005 0.327057
0.256508 1.453846 -0.811042
0.098598 1.081231 -0.591645
0.010870 0.136060 0.176667
0.540361 1.673843 -0.597283
-0.941193 1.385442 -1.118124
-0.605018 0.984588 -0.345729
-0.786431 1.749951 -0.958023
-0.396241 0.654895 0.395058
-0.132583 1.907060 -0.763591
0.380529 0.785324 -0.327919
0.707234 -0.402908 0.518228
1.291531 1.557027 -0.682985
0.111794 0.536778 -0.165562
0.494369 1.585899 -0.595345
0.137096 0.781326 -0.418998
0.207024 1.119237 -0.588328
-0.292459 0.052746 0.184060
-0.787566 1.436974 -0.447360
-0.762685 -0.286990 0.414920
0.111633 0.523918 0.582235
0.074238 0.756984 -0.350452
0.312234 -0.393763 0.444803
0.147967 0.046168 0.452615
0.666407 -0.173911 0.349758
0.090966 1.080708 -0.555268
-0.607121 -0.587912 0.257188
0.106764 0.434271 -0.064112
-0.869124 1.695173 -0.878678
0.394232 -0.803589 0.646008
-0.360358 -0.198074 0.375847
-0.130503 1.433023 -0.625811
-0.055535 1.448782 -0.707161
-0.976910 1.582242 -0.924770
0.650029 -0.442991 0.703438
0.610343 -0.709229 0.481034
0.562989 -0.894768 0.320036
1.224544 1.087967 -0.310984
-0.005819 0.136377 0.107990
-0.726695 -0.611284 0.595510
1.124971 1.023426 -0.713972
-0.778446 -0.319865 0.412244
0.566628 1.836014 -0.733245
0.618869 -0.581621 0.370139
-0.800483 -0.214066 0.338254
0.425892 1.623964 -0.541342
0.221049 0.352251 0.558227
0.308826 -0.424629 0.508129
-0.426622 0.201614 0.572977
0.599283 0.212626 0.209741
-0.148555 1.795916 0.087132
-0.474154 -0.364962 0.302103
-0.133613 0.652923 -0.241909
-0.221262 1.372885 -0.511802
0.203389 0.496612 0.527075
-0.168494 1.948824 -0.750433
0.384901 0.340911 0.441071
0.297595 1.167010 -1.171198
0.646523 0.070234 0.459437
0.170923 0.610362 0.520344
0.609633 1.168332 -0.305295
-0.318857 0.750373 -0.278518
0.197704 0.002154 0.270631
0.896575 1.236524 -0.309785
0.700635 -0.897411 0.608487
1.002022 1.309875 -0.547721
-0.561151 1.225281 -0.443538
-0.764441 1.612278 -0.864107
0.795662 1.223083 -0.212815
0.185612 1.146333 -1.111711
0.394977 0.323774 0.452930
0.619233 0.911791 -0.007186
-0.778414 1.518492 -0.942036
0.245446 0.427760 0.022649
0.104954 0.999403 -0.461217
-0.553949 -0.333030 0.223493
0.465519 0.346684 0.350818
-0.661503 0.953167 -0.085317
-0.296582 -0.030167 0.273769
-0.453410 -0.908458 0.456789
1.421046 1.252255 -0.705248
1.277077 1.500814 -0.604966
0.215875 0.567484 -0.104121
0.140346 0.058075 0.294844
-0.799512 -0.112227 0.214888
0.668772 -0.819730 0.603240
-0.165857 1.861047 -0.693213
-0.574666 -0.260006 0.194483
-1.042667 1.489006 -0.718942
0.233011 1.225438 -1.095208
-0.099126 1.968174 -0.739806
-0.749985 -0.700171 0.447647
-0.333561 0.481990 0.029522
0.187891 -0.023790 0.356496
-0.764312 -1.101618 0.520978
0.065065 1.781521 -0.753261
-0.721396 -0.684280 0.594988
-0.765555 1.298235 -0.781616
0.391089 0.349233 0.113131
0.136076 1.063373 -0.669322
-1.003122 1.437606 -0.850408
0.989498 1.351630 -0.430276
0.307610 1.209606 -0.446397
-1.047616 1.290149 -0.730841
0.760620 -0.880065 0.504038
0.339536 -0.206877 0.285672
1.012307 1.360046 -0.556090
-0.084472 1.622909 -0.634826
0.475704 0.854177 0.036264
-0.721074 -0.858630 0.441119
-0.141047 0.759868 0.520441
0.391035 0.755208 0.070022
-0.283750 0.072848 0.184037
0.195583 0.599774 -0.182650
-0.646707 1.397504 -0.663823
0.379871 -0.974348 0.615147
0.143656 1.705639 -0.459449
0.436620 0.341890 0.393667
-0.731129 0.159136 0.313490
0.503007 1.717046 -0.738474
0.299118 0.321514 0.534804
0.349981 0.612329 0.140024
-0.742377 1.577995 -0.789765
-0.563819 0.310825 0.397479
0.412974 -0.843173 0.552845
-0.197898 1.020376 0.568323
-1.032583 1.527271 -0.679299
-0.612530 0.230235 0.128420
0.113623 1.058808 -0.705198
-1.008279 1.175337 -0.535977
-0.678846 -0.988032 0.588421
0.133369 1.078583 -0.616116
0.572054 -0.927305 0.796152
0.339598 -0.341658 0.481777
0.154561 1.415912 -0.860822
0.147742 0.698713 -0.303738
-0.262528 1.341856 -0.491606
0.502179 1.416130 -0.050006
0.367104 1.221573 -0.404944
0.440024 1.080897 -0.384655
0.194223 1.091319 0.489538
0.266423 0.917473 -0.484336
-0.466058 -1.083294 0.443092
1.213725 0.983020 -0.646728
0.403275 1.405558 -0.596183
0.497679 -0.940107 0.838112
0.807127 1.215277 -0.224243
0.709801 -0.579936 0.604176
0.101936 1.279730 -0.917006
0.340535 -0.360552 0.420883
-0.673598 1.496907 -0.799506
-0.497353 0.388027 0.368865
-0.650267 0.936958 -0.136792
-0.149343 0.649068 -0.225272
0.049720 0.943860 -0.432761
1.281797 1.142572 -0.762992
0.408974 1.497328 -0.638280
0.417849 -0.752401 0.497409
-0.806831 -0.154421 0.274859
0.239236 -0.086604 0.405118
-0.781851 1.027976 -0.082747
0.493270 1.313281 -0.384710
-0.468719 0.444530 0.211396
0.108961 1.190226 -1.059857
-0.847940 1.376291 -0.940258
-0.088876 0.116613 0.270573
1.149325 1.285604 -0.660526
-0.995172 1.380992 -0.915108
0.070819 0.919008 -0.434985
0.463202 1.362595 -0.322381
0.616486 -0.788036 0.734138
0.992703 1.341960 -0.352879
-0.824114 -0.269824 0.275140
1.255716 1.009814 -0.547293
0.226705 -0.035155 0.483518
0.034257 0.077140 0.357441
0.454794 -0.149978 0.575456
-0.245515 -0.036941 0.374342
0.031072 0.230662 0.023184
0.292369 1.679884 -0.324112
0.649110 -0.112037 0.170131
-0.552163 -0.318554 0.220096
-0.582054 -0.721337 0.298295
0.386539 -0.381649 0.652125
-0.741394 -1.089992 0.534024
-0.839002 1.040611 -0.384384
-0.952211 1.133453 -0.602617
0.219866 1.153807 -1.149979
-0.035784 1.506650 -0.698871
0.160959 0.775722 -0.419716
0.341397 -0.071911 0.577855
-0.178723 1.047771 -0.467024
-0.609394 -1.059596 0.246164
-0.188457 0.624650 0.540211
0.413355 -0.664918 0.419465
0.682854 -0.429354 0.662261
0.174405 1.169352 -1.112265
-0.781365 -0.089681 0.406927
1.268536 1.359840 -0.534610
0.050114 1.013418 -0.463591
0.073708 1.052035 -0.777948
0.441115 1.787853 -0.678087
0.176210 0.166159 0.111123
-0.293281 1.534955 -0.309521
-0.400051 -1.058809 0.512540
1.410328 1.408817 -0.814252
-0.595457 1.326649 -0.440654
0.042678 1.815833 -0.791129
0.216907 -0.014066 0.256086
0.308771 1.631646 -0.031928
1.164897 1.509336 -0.654201
0.967168 0.912864 -0.440032
-1.093389 1.322283 -0.666730
0.754952 0.963384 -0.051258
0.021816 1.176697 -0.794303
0.787619 0.909355 -0.369271
-0.177313 1.569805 -0.371614
-0.356064 -0.200503 0.435311
-0.368373 0.176209 0.098358
1.278750 1.030494 -0.672207
-0.401002 0.938953 -0.345758
0.229905 -0.070924 0.327954
1.388825 1.353158 -0.685492
0.268569 -0.126279 0.402655
-0.919667 1.294242 -0.872007
0.296555 0.282198 0.059420
0.499661 -0.831305 0.436753
-0.275632 0.653880 -0.142233
-0.906080 1.120335 -0.333421
-0.127662 1.789811 0.125654
-0.571552 -0.276453 0.500872
0.726303 0.969362 -0.357679
0.105525 1.228231 -1.026327
-0.114591 1.346458 -0.662251
-0.737222 0.961513 -0.112138
0.612228 0.915542 -0.291288
0.044059 0.724642 0.521937
0.733461 -0.891261 0.557020
1.291087 1.531002 -0.644776
0.327493 1.270546 -0.597684
0.238138 0.209780 0.607270
-0.461799 -0.366183 0.460445
0.110170 0.467401 -0.123375
-0.425491 -0.929610 0.631973
-0.385315 0.746142 0.376889
0.386310 1.301987 -0.572430
0.024272 0.094634 0.401633
-0.104209 1.917090 -0.810756
0.479120 -0.151767 0.568972
-0.618646 -1.044015 0.227083
-0.524277 -0.216460 0.200358
0.170976 1.072496 -0.683426
0.380553 1.375489 -0.845608
0.078067 1.080328 -0.544993
-0.808693 1.688829 -0.889664
-0.761124 1.686602 -0.925096
1.053289 0.906020 -0.521539
-0.419008 -0.140550 0.241026
0.365960 -0.344147 0.363729
-0.803063 -0.123179 0.229118
0.480692 1.705143 -0.566810
0.612571 -0.241924 0.520292
0.079016 0.067138 0.354698
0.346031 1.690903 -0.644057
-1.017081 1.427741 -1.009320
-0.833845 -0.271069 0.220206
0.398938 -0.706683 0.738944
0.069343 1.095069 -0.610688
0.396298 -0.807924 0.608765
-0.290844 1.437624 -0.385502
0.046344 0.526653 0.595798
-0.881197 -1.043820 0.461943
0.349275 1.685252 -0.654973
0.610718 0.217777 0.234624
0.584174 -0.077313 0.534745
-0.096760 0.126181 0.138714
0.125719 1.459724 -0.815656
0.690151 -0.261604 0.219038
-0.049736 0.345320 0.633568
-0.369516 -0.003459 0.146904
0.552714 -0.881586 0.319231
1.385596 1.158293 -0.843042
0.789024 1.125763 -0.371394
-0.233390 0.710136 0.531596
-0.563005 1.071628 -0.418445
0.680247 -0.335049 0.485399
-0.081695 0.113500 0.268496
0.394956 1.585791 -0.678792
1.204972 1.391495 -0.726496
-0.755060 1.675965 -1.056339
1.181216 0.948738 -0.593295
-0.765249 -0.174339 0.406057
0.960450 1.326033 -0.364446
-0.315998 0.956725 -0.442351
0.280728 1.199899 -0.637333
-0.696441 1.539560 -0.798817
0.617965 -0.332015 0.677840
0.323881 -0.630656 0.579909
1.363128 1.149202 -0.852526
0.609738 1.155283 -0.311990
-0.386362 0.734797 0.371692
-0.821379 -0.325613 0.275016
-0.387623 1.606857 -0.000933
-0.915480 1.614776 -1.072403
0.412903 1.618888 -0.535373
0.449945 1.340565 -0.447942
0.467779 -0.556582 0.330831
-0.725733 1.173147 -0.663841
-1.021629 1.545032 -0.662937
0.224168 1.105947 -0.474309
0.192158 -0.010753 0.476004
1.426406 1.180683 -0.931630
0.649336 -0.203330 0.416684
0.236908 1.339230 -0.900861
-0.717756 -1.022297 0.548527
-0.370152 -0.162459 0.520290
-0.652108 1.351759 -0.214068
-0.814290 1.693260 -0.892726
-0.751712 -0.305613 0.431933
-0.302652 -0.008398 0.580586
-0.553478 -0.875876 0.646781
-0.478610 -0.901442 0.656477
-0.740368 1.703010 -0.951430
-0.117290 0.142158 0.147242
-0.058452 1.640178 -0.488585
0.225812 1.270371 -0.985964
0.294470 0.851001 -0.458734
0.937262 1.311210 -0.493424
-0.025530 1.530011 -0.713958
-0.535189 1.103586 -0.425594
-0.111722 0.883414 -0.483115
-0.634018 1.264599 -0.605392
-0.875108 1.391961 -1.129168
0.996636 1.277065 -0.268672
-0.203397 1.543555 -0.366352
-0.520987 0.389300 0.234371
0.401017 -0.840178 0.639247
-0.439970 -0.888803 0.636355
0.802577 0.880388 -0.186248
-0.641391 -0.528544 0.649537
-0.752589 1.618798 -0.896833
0.633408 -0.891646 0.713225
-0.015294 1.780145 -0.761694
0.380927 -0.959449 0.595988
-0.455986 -0.208720 0.272725
1.166248 1.495507 -0.680416
-0.924372 -1.073639 0.416641
-0.774813 -0.095775 0.164998
0.350438 -0.712161 0.574144
1.170265 1.501071 -0.628155
-0.011521 0.503389 -0.177376
-0.155882 0.057777 0.355405
-0.526643 -0.955799 0.656716
-0.520479 -1.088295 0.693935
0.088691 0.109222 0.206099
-0.070008 0.102290 0.196572
-0.620447 0.280037 0.207881
0.693203 -0.416080 0.372165
-0.960703 1.336464 -0.860472
0.283716 0.572688 0.000789
-0.568543 -0.855929 0.646730
0.567412 0.190695 0.491545
0.403657 1.507345 -0.668002
-0.569078 1.318886 -0.052409
-0.449580 -0.941795 0.657800
0.042927 0.899725 -0.430550
-0.152798 1.386276 -0.596308
0.134917 1.030320 -0.470357
-0.746178 1.564723 -0.707648
0.939704 1.078653 -0.172861
-0.810452 -1.016612 0.483783
-0.619049 1.207597 -0.505653
-0.406180 -1.086661 0.513277
0.304096 0.570382 0.353291
0.312640 -0.603608 0.487746
0.277212 1.221952 -0.506132
-0.664134 1.499802 -0.732391
-1.049939 1.490640 -0.685238
-0.388401 -0.604472 0.513834
-0.510379 0.939603 0.348515
-0.117039 0.125564 0.219608
-0.399624 0.964192 -0.369008
0.400039 0.746672 -0.075064
0.389432 -0.242507 0.239232
0.066941 1.755526 -0.763344
0.386703 0.930737 -0.445186
0.396851 1.430527 -0.618341
1.235792 1.544582 -0.630640
1.348345 1.154194 -0.731138
0.114851 1.163655 -1.067100
-0.546978 -0.909989 0.650100
0.490200 0.905506 -0.282067
-0.597203 1.349376 -0.358749
0.118727 1.546992 -0.774522
-0.147196 0.626624 -0.224834
-0.470285 -0.342257 0.405641
-0.002003 0.359453 -0.064482
-0.816238 1.028186 -0.289163
0.061727 0.856116 0.518822
-0.381565 0.274920 0.555928
-0.661704 1.385063 -0.656949
-0.465565 0.797716 0.391315
0.175971 -0.006270 0.392386
0.547958 -0.035895 0.092988
-0.668888 1.508192 -0.759645
0.033086 0.110474 0.237474
-0.681121 1.415063 -0.530460
-0.622220 -0.371857 0.175343
-0.806155 -0.209498 0.322069
0.861646 1.197500 -0.343829
0.339393 0.498433 0.175445
0.407718 -0.180290 0.557066
0.094788 0.975048 0.518930
0.619141 1.790303 -0.685801
0.626899 -0.831562 0.722431
-0.879910 -1.095777 0.418628
-0.796723 -0.496533 0.455030
-0.770497 1.690559 -0.918616
0.878140 1.209862 -0.467197
0.005017 1.195148 -0.682799
-0.791014 -0.533772 0.308199
-0.436391 0.647569 0.261188
0.602978 -0.466518 0.273090
-0.670133 -0.972577 0.589604
0.216709 -0.013529 0.250319
-0.150020 1.858234 -0.665692
0.403482 -0.835461 0.684088
0.878546 0.989735 -0.449818
-0.814459 -0.179027 0.240262
0.414432 0.404385 0.172924
-0.189181 1.550344 -0.378714
0.614205 -0.742025 0.739003
0.480717 -0.875232 0.817540
0.400209 1.473551 -0.674939
-0.510061 -0.793582 0.662153
-0.173215 0.684372 -0.279988
1.349111 1.449746 -0.665032
-0.415740 -0.973719 0.494742
0.380875 1.689691 -0.535111
-0.785589 -0.602592 0.381445
0.433189 -0.263521 0.209728
0.119327 0.427831 0.583261
-0.434410 0.494780 0.371475
-0.755802 -0.607674 0.563742
0.194975 0.574348 -0.135359
0.477493 -0.161794 0.567943
0.410379 1.509933 -0.633333
0.041362 0.485970 0.606600
-0.511845 -0.328034 0.486519
0.336964 1.275298 -0.802736
0.723832 -0.854558 0.493106
0.046489 1.268945 -0.894846
1.386798 1.198342 -0.695555
-0.514072 -0.602519 0.265747
0.536815 -0.140143 0.557273
-0.084405 1.883264 -0.779041
0.564110 -0.794157 0.772812
-0.807438 -0.131259 0.151106
0.431482 0.326249 0.424070
0.365708 1.025451 0.359978
-0.055372 0.121827 0.309949
-0.030149 0.104662 0.203950
1.258868 1.122591 -0.742632
-0.680579 1.055651 0.016445
-0.101686 1.394409 -0.679500
0.222990 1.651619 -0.589501
-0.438132 -0.126625 0.208705
0.138238 0.144438 0.138376
0.603110 -0.486168 0.302327
0.391332 -0.974571 0.766691
-0.479737 0.954538 0.400030
0.205259 1.312547 -0.920356
-0.443897 -0.221435 0.525480
-0.009728 0.205743 0.049358
0.238963 1.367927 -0.874567
-0.795865 1.229444 -0.757570
-0.488356 1.060607 -0.371121
0.174158 0.073150 0.529373
0.288359 0.255941 0.069492
1.263803 1.296086 -0.805564
0.808794 -0.975516 0.470519
1.315672 1.482754 -0.630819
-0.570488 -0.533668 0.230470
-0.484361 -0.330785 0.315395
0.359163 -0.304968 0.350714
-0.479776 -0.323844 0.427192
-0.528166 0.197721 0.074958
-0.554869 1.301061 -0.422994
1.446932 1.319973 -0.829706
0.236775 -0.041497 0.496984
-0.609955 -0.900367 0.626807
-0.900545 1.346290 -0.923546
0.345650 0.003527 0.606301
0.322653 1.133381 -1.099309
1.341778 1.148632 -0.699303
-0.107668 0.143500 0.115475
0.336962 -0.260849 0.415739
-0.147921 1.472240 -0.578830
-0.437275 0.459300 0.146776
0.156256 0.416559 0.571497
-0.055965 1.653959 -0.510953
0.035917 0.885849 -0.427534
-0.028388 1.211227 -0.600387
0.718841 -0.854219 0.455794
-0.665887 1.024741 -0.421886
0.452142 1.615279 -0.554993
0.288280 0.674780 0.358536
-1.019241 1.412812 -0.925231
-0.601836 -0.875461 0.368546
0.247131 1.541426 -0.729600
0.481585 -0.833655 0.787332
0.334504 0.462684 0.094435
1.129034 1.086608 -0.264379
-0.084552 0.110900 0.253879
-1.009008 1.480797 -0.994563
-0.617608 1.314857 -0.476042
-0.104982 0.594634 -0.236543
0.150125 0.027413 0.344814
-0.313708 0.404487 0.546010
-0.100920 1.973494 -0.777286
0.438049 1.651022 -0.715577
-0.573328 0.940861 -0.190894
0.487039 0.896060 0.057899
-0.062290 1.956437 -0.752497
-0.766515 -0.514286 0.264984
-0.651446 1.383867 -0.568357
-0.970157 1.244604 -0.794990
0.208739 0.040244 0.541818
-0.559058 0.322444 0.224730
-0.643241 -1.049369 0.204450
0.674173 -0.252650 0.367765
-0.929285 1.577566 -0.644259
-0.653385 1.371504 -0.654800
-0.019780 1.754401 -0.546160
0.340941 -0.686540 0.575437
0.750644 0.894511 -0.343554
0.641234 0.880745 -0.066920
0.594438 0.985023 -0.309797
-0.579790 -1.069330 0.294404
0.427550 1.786107 -0.653328
0.270258 1.157664 -1.161173
-0.137319 1.732466 -0.663080
1.382219 1.182420 -0.923903
1.283664 1.243248 -0.815132
-0.501364 0.413649 0.206662
1.436573 1.278142 -0.739028
-0.430975 -0.377678 0.421727
0.257077 1.327924 -0.899798
0.683212 -0.145815 0.258260
0.625088 -0.849504 0.384293
0.596426 -0.389682 0.250200
-0.450429 0.507084 0.225215
-0.635513 -0.161243 0.125455
-0.699472 1.149525 -0.606122
0.072287 0.581848 -0.244724
0.451732 -0.223115 0.579053
0.630051 -0.818019 0.704201
-0.093015 0.274961 -0.005520
0.010562 1.820297 -0.618406
0.671765 0.093707 0.243956
-0.271743 0.581188 -0.063702
-0.433037 0.049021 0.099949
0.056315 0.074037 0.351241
0.325995 0.421352 0.447007
-0.643271 -0.350978 0.541520
-0.083901 0.496356 -0.162535
1.311211 1.149613 -0.795766
-0.055576 1.290398 -0.662444
-0.632957 -1.019576 0.217425
0.619514 1.250272 -0.219316
0.904295 1.266970 -0.359320
0.348901 -0.296260 0.427562
0.260980 0.804412 0.402128
0.368981 1.388177 -0.775552
0.209992 1.251803 -1.035737
0.392828 -0.236610 0.549029
-0.433331 -0.374062 0.394016
-0.124804 1.962793 -0.727575
-0.753385 1.598167 -1.065660
-0.720111 1.415424 -0.773880
-0.761587 -0.663212 0.539963
-0.751345 1.636182 -1.024138
0.238214 -0.046476 0.251726
0.557754 1.330537 -0.034654
-0.724335 -0.504745 0.233320
-0.647743 1.439910 -0.683454
-0.473322 0.833515 -0.119620
0.677736 -0.318237 0.437784
-0.471721 0.442523 0.173629
-0.532668 1.109994 -0.427052
-0.685897 1.497629 -0.671847
0.304825 0.876722 -0.465026
-0.389587 -0.753514 0.467179
0.744943 -0.867691 0.504853
0.788591 1.087733 -0.370931
0.619047 -0.313180 0.163240
0.673846 -0.241028 0.363415
0.457383 -0.472819 0.280677
-0.478960 1.541025 0.053438
-0.724286 1.334297 -0.737505
0.550801 1.798498 -0.615886
-0.395599 -0.114609 0.235281
0.330795 0.614423 0.292149
-0.709621 -0.558433 0.616813
0.483301 0.024162 0.081977
-0.441298 0.793098 -0.129193
-0.756526 -0.552044 0.569737
0.134090 0.334640 0.005026
0.724546 -0.853901 0.461930
0.667050 -0.759069 0.601773
-0.726161 1.683284 -1.000104
-0.654627 -1.032219 0.188723
-0.053340 0.607670 -0.261548
-0.361909 0.440604 0.063820
-0.434641 1.465584 -0.252383
0.392065 -0.872952 0.570282
0.413538 -0.980762 0.518321
0.075059 0.552469 -0.201498
0.560863 -0.766257 0.774716
1.188009 1.331303 -0.705879
0.493431 1.311730 -0.330716
-0.345416 -0.139527 0.529410
-0.758954 -0.334872 0.189717
0.281305 1.119390 -1.109101
-0.524514 1.206250 -0.417817
-0.171463 0.679497 -0.252022
0.533397 1.234403 -0.349606
-0.622109 1.197370 -0.507489
0.379187 0.317824 0.475134
-1.014254 1.344528 -0.824178
0.458327 -0.962097 0.276725
1.441274 1.181163 -0.909349
-0.781573 -0.248082 0.126282
-0.429262 -0.888053 0.479251
0.569350 -0.711033 0.449324
0.061059 0.919249 -0.432278
-0.862055 1.384659 -1.025094
-0.092726 1.507991 -0.643960
-0.843366 1.605762 -0.709818
0.597841 -0.981967 0.757134
-0.453962 0.196169 0.078978
0.360608 -0.647832 0.675672
-0.189506 1.152909 0.568894
-0.975699 1.399229 -0.427191
-0.636738 1.295411 -0.643959
-0.417873 1.079109 -0.389367
0.363329 -0.523584 0.682383
-0.475437 0.184786 0.577603
0.194460 1.086715 -0.640151
1.106717 1.409309 -0.432974
0.154561 1.078362 -0.941206
-0.081051 1.325381 -0.576715
-0.754060 1.675432 -0.927478
0.215793 1.601384 -0.664999
0.252123 1.640818 -0.388210
0.305903 -0.422310 0.457886
-0.754579 0.123071 0.296760
-0.011388 1.525955 -0.733316
0.655552 -0.743251 0.685733
0.698539 -0.410446 0.421521
0.055721 1.212597 -0.963424
-0.504149 -1.023589 0.392103
-0.648852 -1.042052 0.196979
0.018152 0.850470 -0.418799
-0.908845 1.106406 -0.479926
0.100616 1.608879 -0.725310
0.383028 1.421708 -0.676555
-0.329921 0.205879 0.596790
0.549518 1.208846 -0.298905
-0.696549 1.291546 -0.083977
0.639090 -0.128910 0.449464
0.461735 -0.553885 0.761892
-0.456645 -0.269923 0.353245
0.456674 -1.020774 0.284177
0.300009 0.090713 0.111555
-0.141622 0.091499 0.292489
-0.965579 1.588009 -0.829795
0.464240 1.342993 -0.409545
0.684945 -0.582211 0.533124
1.183027 1.517605 -0.623486
-0.827971 1.431653 -0.982610
-0.413107 -0.724943 0.399956
1.333596 1.174985 -0.873122
1.199086 1.270196 -0.716881
0.743006 1.101072 0.014717
-0.764387 -0.546468 0.286341
1.341885 1.191122 -0.901288
-0.766473 1.658304 -0.904607
-0.354008 1.390324 -0.387330
0.208991 1.084640 -0.989776
-0.528388 -0.790790 0.341925
-0.856214 1.678168 -0.864132
-0.600341 -0.430569 0.603492
-0.407083 -0.787800 0.439305
0.071761 0.752417 -0.344518
1.143357 0.934697 -0.497915
-0.620200 -0.975988 0.259530
-0.805113 1.513390 -1.023354
-0.821885 1.545225 -0.600445
1.455553 1.206624 -0.799114
0.475988 -0.396313 0.258475
-0.803822 1.501540 -1.107246
-0.525917 -0.512329 0.627757
-1.012537 1.246633 -0.732619
1.187632 1.421474 -0.492238
-0.775196 0.988079 -0.205907
0.292925 1.136743 -1.128719
-0.732314 -0.915805 0.342041
1.288706 1.152777 -0.798143
0.535953 1.751051 -0.689657
-0.164922 1.904101 -0.708658
0.219155 0.590057 -0.124402
-0.644907 -0.851812 0.607945
0.601546 -0.914463 0.759752
0.353202 0.483884 0.317649
-0.010369 1.051657 -0.466551
0.031868 1.142780 -0.698288
-0.451450 0.817326 0.422077
0.335252 -0.245283 0.428348
0.515778 -0.284823 0.635373
-0.751490 1.350123 -0.287242
-0.327672 0.071315 0.138792
0.677936 -0.826126 0.549091
-0.039372 1.116606 -0.485864
1.251174 1.256904 -0.776395
-0.083286 1.557939 -0.608318
0.054128 0.813608 -0.397465
0.143347 0.527316 0.565209
0.811625 0.914532 -0.131908
0.407130 1.364442 -0.653056
1.228014 1.164594 -0.749173
0.376418 1.484082 -0.398060
1.154500 1.172956 -0.697653
0.090367 1.640361 -0.675901
-0.772151 1.441237 -0.461557
-0.795968 1.517005 -1.115503
-0.398459 -0.982999 0.524289
-0.659018 -1.052228 0.597031
0.409797 -0.987671 0.531583
0.093945 1.080232 -0.551538
0.265552 1.288468 -0.936721
0.345255 0.689522 0.160241
0.371066 -0.763185 0.620281
-0.815685 -0.320665 0.345047
0.060379 1.289287 -0.842520
0.202401 1.074363 -0.962396
0.010961 1.192189 -0.719828
0.264473 1.200977 -1.140246
0.101140 1.021435 -0.804320
-0.031062 1.707492 -0.667514
-0.659692 -1.118547 0.583929
0.240803 1.068176 -1.022681
-0.711707 -0.802968 0.574752
0.710094 0.894910 -0.096541
0.078709 1.065508 -0.501130
0.153386 1.072406 -0.485259
0.296428 0.504518 0.068596
0.722211 1.242592 -0.031659
-0.507564 -1.073494 0.392203
0.405026 1.405708 -0.618029
-0.513559 -0.282310 0.479113
-0.656168 -1.103765 0.591548
0.697477 -0.901046 0.614336
0.233334 1.094439 -0.474387
0.182167 1.720159 -0.366016
-0.819873 -0.307315 0.276055
-0.646416 -0.217868 0.513221
0.572090 0.182734 0.150212
-0.104313 1.970758 -0.793390
0.209466 0.180744 0.610160
-0.856726 1.422814 -0.418331
-0.498546 0.955456 0.360580
-0.098503 1.638367 -0.639465
1.324965 1.161459 -0.825645
0.219119 0.023910 0.184152
1.447920 1.359389 -0.840216
0.477735 -0.898903 0.829073
-0.148869 1.252596 -0.479017
-0.510374 0.061729 0.078518
0.422338 -0.351906 0.281470
0.259677 1.158447 -0.653561
0.144377 1.261746 -0.969902
0.338769 -0.341354 0.526592
0.058917 0.078201 0.308979
-0.021225 1.924253 -0.771733
0.556244 0.908781 -0.254326
-0.207640 0.070932 0.273669
-0.540057 1.042551 -0.388686
0.031796 1.152166 -0.804514
1.222046 1.395753 -0.472309
-0.696515 -0.489794 0.620898
-0.569205 -0.262146 0.505049
-0.737777 1.073992 -0.010091
0.257473 0.545452 -0.014499
-0.462585 -0.295633 0.381583
-0.458343 1.275613 -0.365329
0.037128 1.739867 -0.564451
-0.459952 -0.281981 0.385633
-0.941225 1.665084 -0.920349
-0.192123 0.267453 0.053385
-0.172862 0.725313 -0.346374
1.149439 1.387981 -0.660425
-0.685810 0.194936 0.184668
-0.619958 0.282237 0.389443
-0.795320 -0.053077 0.364321
0.141083 1.712099 -0.376833
0.447404 0.129424 0.073798
0.679305 -0.727182 0.598063
0.394059 -0.666289 0.428657
1.233506 1.387934 -0.458632
0.871241 1.225297 -0.343444
0.232795 1.068416 -0.449802
0.600458 -0.975580 0.750713
0.528677 -0.248033 0.169676
0.682276 -0.522533 0.432746
-0.440517 -1.048153 0.465691
-0.303327 0.144269 0.121877
-0.807292 1.263534 -0.829740
0.037333 1.749243 -0.581959
0.411165 -0.948634 0.523458
0.403063 -0.118549 0.139649
-0.323231 0.667990 0.490557
0.157432 0.324218 0.018173
0.591703 1.130855 -0.323222
0.404971 1.377480 -0.600933
0.704377 1.256962 -0.189745
-0.430786 1.401615 -0.302196
0.485011 1.323866 -0.384465
-0.722428 0.196170 0.357375
0.747209 1.238829 -0.058398
-0.979443 1.575681 -0.879976
1.195158 1.446746 -0.737883
-0.672347 0.217029 0.422815
-0.030621 0.119482 0.125884
0.102703 1.531345 0.440688
-0.559133 -0.645481 0.268932
-0.667724 1.209063 -0.646085
-0.065580 0.785030 0.511786
-0.406749 0.507885 0.103891
-0.289677 -0.106125 0.369811
0.202872 0.530748 0.522464
0.661416 -0.846234 0.418616
0.421314 1.560371 -0.549054
-0.526726 -0.308584 0.240676
0.243003 1.062170 -0.998548
0.388308 -0.777653 0.623959
-0.471004 0.191691 0.572390
-0.799060 1.091575 -0.589130
-0.743737 -0.920193 0.358432
0.411501 -0.349760 0.648091
1.191716 1.535809 -0.641241
-0.572510 -0.809910 0.342749
0.141579 0.375203 -0.015881
0.783148 -0.922651 0.526322
-0.901930 1.088904 -0.521267
-0.348481 0.684013 -0.067845
0.023052 0.129141 0.201774
-0.641688 -0.316577 0.178875
0.444824 -0.903392 0.426184
0.764992 0.877767 -0.223522
0.223770 1.096115 -1.063752
0.667130 -0.559682 0.412378
-0.450902 -0.261844 0.358936
-0.853553 1.271231 -0.218740
-0.398892 -0.192507 0.507589
0.224249 1.124748 -1.101868
0.469533 0.924027 -0.349081
0.516362 -0.285522 0.181665
1.168063 1.517722 -0.660085
-0.405629 -0.942130 0.546325
-0.489829 0.986151 0.394167
0.671910 -0.350324 0.339002
0.449172 -0.939726 0.324922
0.400104 1.339949 -0.593143
-0.090411 1.667845 -0.361625
-0.632258 1.355260 -0.601735
0.403330 1.365131 -0.539661
-0.203275 0.029603 0.502221
0.810233 -0.969199 0.477362
-0.019457 0.342874 0.635587
-0.689041 0.980820 -0.313190
0.205788 -0.035575 0.399768
-0.757233 1.265906 -0.745237
-0.798834 -1.048811 0.502140
0.711625 -0.857885 0.539366
-0.243621 0.086571 0.572274
-0.403316 -0.946501 0.621994
-0.455856 1.129165 -0.386641
-0.088566 0.373445 -0.067776
0.122959 1.081415 -0.571340
-0.876388 -0.986030 0.421348
0.417277 1.366824 -0.500501
0.613997 1.172493 -0.301908
0.580812 -0.037377 0.111439
0.424699 0.351350 0.381698
-0.698075 -0.857346 0.552910
0.713620 -0.437979 0.559697
0.068047 1.210519 -0.992880
0.163695 0.589698 -0.208258
-0.935521 1.359155 -0.990511
0.126126 1.078639 -0.614486
0.555488 0.249500 0.173878
-0.607786 -1.003204 0.265383
0.178113 0.814877 0.466034
1.230980 1.159026 -0.749284
-0.795420 -0.001899 0.315383
0.074410 0.153980 0.152790
-0.330301 -0.157907 0.454903
-0.824404 1.398763 -0.404533
-0.015428 0.463779 0.611332
-0.320310 -0.142126 0.499028
-0.971195 1.583250 -0.853462
0.468115 -0.485898 0.288118
-0.554155 0.341018 0.354668
0.377923 0.481613 0.200267
0.440477 -0.968830 0.366223
1.212316 1.564502 -0.647667
0.060987 0.927140 -0.431305
-0.431031 -0.201991 0.294858
0.233834 1.483642 -0.802956
0.968589 1.307935 -0.321004
0.368718 0.926400 0.319908
-0.620895 -0.690035 0.299392
-0.794430 1.550538 -1.045536
0.125956 0.049528 0.393405
0.355797 -0.224605 0.500635
-0.094666 0.592206 -0.238626
0.951335 1.268238 -0.291896
-0.143665 1.261796 -0.486235
-0.438543 -0.870400 0.454393
0.729993 1.263803 -0.112323
0.097538 1.282196 -0.886424
0.655981 -0.351123 0.215218
-0.129023 0.616185 -0.237943
-0.824458 -0.234687 0.251845
0.026784 0.837150 -0.405226
0.286285 1.132557 -1.125627
0.417678 0.392452 0.159775
0.337179 0.380807 0.473901
-0.654705 1.325794 -0.131531
-0.725673 -0.911306 0.369031
0.145734 1.090974 -0.565650
0.147731 0.212696 0.612121
0.452951 1.544733 -0.599398
0.522743 -0.796082 0.482097
0.603671 -0.027253 0.122919
-0.096578 1.553331 -0.575743
-0.480639 0.415664 0.344879
0.285175 1.242477 -0.976750
-0.613392 -1.015529 0.636212
0.679791 -0.837863 0.631171
-0.499744 1.168951 -0.411818
-0.803460 -0.944599 0.347774
0.707559 -0.402831 0.562920
-0.937310 1.337212 -0.877523
-0.006963 1.814985 -0.603186
0.374670 1.328019 -0.513538
-0.849053 1.731558 -0.927018
1.216927 0.998747 -0.451311
0.678002 -0.285422 0.356885
-1.002283 1.421865 -0.831912
0.187233 0.582569 -0.176986
0.164158 0.434366 0.561455
-0.253216 1.314673 -0.490164
-0.289091 0.597538 -0.071268
-0.019116 0.123456 0.125445
-0.548041 1.097632 -0.429885
-0.495620 0.099412 0.078148
1.247135 1.420638 -0.550269
0.677094 -0.276858 0.346569
0.265492 1.113654 -0.468843
0.384928 1.331203 -0.534487
-0.420833 0.286735 0.082829
-0.500628 -0.306772 0.471384
-0.446036 1.478949 -0.187064
-0.507424 -0.037526 0.619535
0.711071 -0.431830 0.577548
-0.690101 -0.724323 0.615736
-0.437281 0.107366 0.084862
0.410570 0.752615 -0.048705
0.439402 -0.427512 0.277539
0.102962 0.054249 0.385545
-0.201169 0.704460 -0.307153
-0.476516 0.432959 0.326647
1.112119 0.920030 -0.475268
-0.399589 0.784440 -0.182793
-0.474233 -0.254167 0.291437
0.404189 -0.297969 0.267343
-0.574834 0.249434 0.129602
-0.025152 0.140732 0.331565
-0.630579 1.075079 -0.456530
0.285798 1.337003 -0.875812
-0.697328 -1.033484 0.563531
0.305836 0.537953 0.081876
0.327834 -0.368372 0.519313
0.646501 -0.299105 0.168101
-0.247699 0.602998 -0.120153
-0.408771 0.411130 0.076263
0.304310 0.410987 0.048612
0.604020 1.785131 -0.638538
0.449348 1.023966 0.188109
0.398901 1.759872 -0.605164
0.473933 1.232727 -0.429912
0.431868 -0.785451 0.521675
0.436413 -0.441180 0.285693
-0.729727 -0.876503 0.480967
0.717744 -0.853416 0.499194
0.028432 0.960152 -0.443318
-0.750600 -0.283728 0.426662
0.240314 0.018102 0.551054
-0.097487 0.159097 0.078891
-0.320960 0.690408 0.481450
-0.094281 0.135937 0.109855
0.019398 1.142075 -0.604775
-0.868306 1.396092 -1.128566
0.262110 0.556962 -0.018616
-0.790356 1.563573 -0.639053
-0.759288 -0.078592 0.442916
-0.133064 0.237177 0.038021
0.434541 -0.453525 0.293097
-0.482715 0.422922 0.162617
0.401347 0.729373 -0.098433
0.121616 1.080247 -0.579213
0.946381 1.066897 -0.545472
1.212803 1.530528 -0.616571
-0.821322 -0.952682 0.412535
0.337715 0.680771 -0.154545
0.532710 1.197799 -0.325860
0.641634 -0.825259 0.493681
-0.594777 -0.165258 0.127774
1.223764 1.391941 -0.769314
0.627001 -0.691735 0.481126
0.087153 0.446770 -0.102296
1.131555 1.411302 -0.560378
0.255247 1.382660 0.418121
0.641759 -0.525454 0.360494
-0.749620 1.598668 -0.891627
1.427514 1.213799 -0.750008
0.651354 1.846632 -0.749228
0.433965 0.800230 -0.048520
0.272184 1.622764 -0.417566
-0.413815 0.539919 0.403600
0.796279 0.960198 -0.383383
-0.759049 -0.270366 0.131671
0.605990 0.880762 -0.137871
0.456649 -1.022861 0.285152
-0.628214 -0.989143 0.626687
0.129405 0.494515 -0.137231
0.378217 1.455453 -0.332282
-0.045008 1.804833 -0.733550
-0.472684 0.407972 0.136984
0.466855 1.034836 0.167056
-0.631381 0.935689 -0.115233
0.032962 1.300921 -0.810831
0.216458 1.070568 -0.749020
0.298011 -0.506347 0.424625
-0.809932 -0.174842 0.283998
-0.514139 1.138421 -0.423129
-0.715136 -0.831281 0.543995
0.659356 -0.161319 0.222293
-0.531080 -0.687541 0.289882
0.133547 0.048155 0.334683
-0.858750 1.090189 -0.572029
0.387449 0.250766 0.088202
-0.164685 1.375535 -0.571641
-0.561310 1.311874 -0.416187
0.920764 0.966019 -0.204916
-0.574222 -0.920412 0.364586
1.142904 1.429588 -0.606773
-0.297592 0.522193 -0.011720
1.199590 1.336830 -0.722420
-0.763341 -0.923527 0.328786
0.595714 1.861823 -0.684180
-0.546889 0.864713 0.032214
0.125594 1.611904 -0.703767
0.033571 1.799173 -0.273691
-0.924679 1.368747 -1.055581
0.287776 1.236558 -0.977644
0.045054 0.581651 -0.247752
-0.996217 1.553619 -0.898201
-0.901297 1.643013 -0.821328
-0.687278 -0.299645 0.164025
0.372911 -0.721596 0.685609
0.539569 0.991247 0.071859
0.670732 -0.747100 0.594246
0.119294 0.478869 0.582628
-0.354673 0.259503 0.570627
0.081439 0.931147 -0.438778
-0.451248 0.481037 0.207103
-0.380086 -0.177076 0.353874
0.107463 0.278784 0.040844
0.835843 1.200338 -0.303157
0.917044 1.126089 -0.090296
0.443542 -0.067999 0.103173
-0.363584 0.539951 0.472080
-0.647154 -0.965061 0.219187
0.019539 0.830077 -0.401354
0.600041 -0.696414 0.789253
1.143335 0.975123 -0.664489
0.258408 1.101033 -1.053243
0.568573 -0.345193 0.196323
0.083031 1.035883 -0.793567
0.352069 -0.293872 0.456442
0.716115 -0.476958 0.591432
-0.044719 0.434982 0.617638
0.012248 1.789153 -0.810062
0.641904 1.836925 -0.672845
0.562612 1.052304 -0.331201
-0.418299 -0.956586 0.483778
0.217874 -0.049320 0.310545
0.267368 0.522414 0.017952
-0.666909 -0.877495 0.378272
0.547291 -0.365391 0.220257
1.242565 1.352059 -0.774075
-0.349323 0.782720 0.445420
0.698304 -0.658696 0.656629
0.399895 1.452657 -0.618997
1.173878 1.268210 -0.683948
0.054063 1.255470 -0.934030
0.578458 -0.768323 0.485804
0.389981 -0.291875 0.281805
0.448356 -0.612523 0.373934
-0.501676 -0.325261 0.466066
0.674039 -0.226157 0.307194
-0.530044 -0.193044 0.560739
-0.539799 0.329863 0.406913
0.325124 1.107714 -0.955721
0.463047 -0.218119 0.579845
0.469746 -0.704280 0.453574
0.408802 1.547268 -0.729716
-0.273410 -0.076909 0.369816
-0.675084 -0.321682 0.497622
-0.611645 1.296062 0.042491
-0.824336 -0.256332 0.268316
-0.736754 -0.574896 0.270527
1.313415 1.529866 -0.719021
0.291279 1.276665 -0.902163
1.340743 1.353774 -0.608017
0.470495 0.842705 -0.134165
0.413176 0.400525 0.160819
-0.051132 0.405471 -0.113696
1.347019 1.425010 -0.645367
-0.585615 -0.475925 0.624700
0.776998 1.217933 -0.068134
-0.029635 1.709891 -0.513121
0.446215 -0.937011 0.363199
-0.830875 -0.949310 0.380413
-0.873458 1.431371 -0.438283
1.319264 1.494603 -0.684446
0.347061 1.160820 -1.073641
0.497679 1.265888 -0.406774
-0.422818 0.904951 -0.297822
-0.819578 -0.291071 0.314849
0.242692 0.491977 0.483230
0.231828 0.135792 0.595578
0.899461 1.174607 -0.482211
-0.906606 -1.067020 0.436746
-0.142815 0.265927 0.035418
-0.588901 -1.034330 0.276014
-0.402949 -0.108147 0.222249
-0.852485 1.721110 -1.032766
-0.973003 1.609998 -0.936566
-0.821137 1.752583 -0.946714
0.398107 1.474926 -0.685007
0.413659 -0.781307 0.530222
1.308010 1.400722 -0.828730
1.236522 1.367024 -0.403035
1.414451 1.184769 -0.949433
0.224977 1.148980 -1.148077
0.428848 1.521792 -0.609697
0.058634 0.775929 -0.369990
0.134222 0.232465 0.611997
0.973816 1.185792 -0.531305
0.343484 -0.460120 0.636602
-0.607691 1.095452 0.069246
0.302647 1.179987 -1.115380
-0.598372 1.269190 -0.467066
0.905155 0.939618 -0.187395
0.773183 1.236634 -0.188367
-0.240769 0.570517 -0.085903
0.390693 1.642119 -0.526786
-0.940387 1.667145 -0.906011
0.086444 0.064727 0.397122
-0.131157 1.774739 -0.622196
0.187050 1.081774 -0.665163
0.766208 -0.880722 0.498543
0.308746 1.194591 -0.437132
1.394406 1.207035 -0.699176
0.425441 -0.754087 0.493168
0.243359 0.155543 0.600478
-0.183641 1.438429 -0.529507
0.465301 0.108074 0.612051
0.030899 1.197313 -0.857072
0.455596 -1.010945 0.282859
0.554091 -0.147576 0.543720
0.418415 -0.291924 0.241837
1.330320 1.093796 -0.532657
1.379140 1.154257 -0.769118
-0.936642 1.556323 -1.119128
0.356275 1.178554 -1.005179
-0.366777 -1.089819 0.558910
0.614842 1.150068 -0.313564
0.073403 0.880410 -0.431402
1.124625 0.918453 -0.547877
-0.878381 1.697309 -1.082441
-0.144443 1.743207 -0.664670
0.223594 1.066585 -0.972076
0.032219 0.166258 0.141924
1.140092 1.403300 -0.633672
-0.444788 1.132410 -0.385679
0.315155 1.152015 -1.115007
-0.391381 -0.832953 0.558934
0.558149 1.716990 -0.606064
-0.543588 -1.029972 0.348976
-0.966793 1.360779 -1.058364
0.065428 1.273946 -0.916678
1.153596 1.356358 -0.665415
0.697922 1.166530 -0.327055
-0.671374 1.512364 -0.739115
0.552979 -0.152418 0.543738
-0.966509 1.356129 -0.942169
0.874590 0.947247 -0.427553
-0.435452 -0.443910 0.282708
-0.493285 0.350984 0.156032
-0.568279 0.936121 -0.107871
-0.829504 -1.001762 0.461443
-0.657992 1.354623 -0.507647
-0.567069 0.289744 0.426001
0.014537 0.239135 0.000880
1.352224 1.299411 -0.625577
0.346154 0.276756 0.531155
0.186461 1.082772 -0.646113
-0.808151 -0.076012 0.347784
0.151850 0.023693 0.357644
-0.717708 -0.843187 0.531154
-0.509432 -0.854376 0.377987
-0.072036 0.471865 0.594410
0.053111 0.919145 -0.431253
0.393060 -0.787276 0.608057
0.690177 1.259475 -0.026919
0.796100 -0.899451 0.457787
0.403808 1.515935 -0.576113
-0.710539 1.014384 -0.387206
-0.511932 -0.046125 0.614623
0.624697 1.809542 -0.761872
1.397168 1.381112 -0.724231
0.142947 1.719670 -0.372679
-0.275713 0.175669 0.114610
0.029509 1.200827 -0.846573
-0.379799 -0.989271 0.550474
0.462320 -0.251071 0.583589
0.284874 -0.150459 0.473463
-0.796869 -0.195149 0.341462
-0.403931 -0.881163 0.537250
-0.726258 -0.928244 0.309103
0.349191 1.296688 -0.582655
0.301795 1.168777 -0.451000
-0.389471 0.740315 -0.146268
0.670457 -0.706400 0.705354
0.317753 -0.160692 0.275499
0.332086 0.639964 0.075314
0.098761 0.347198 0.607758
-0.854857 -1.011053 0.452974
-0.488249 -0.455165 0.234894
0.595294 -0.941274 0.763360
0.682580 -0.355240 0.357513
0.169623 0.418520 -0.032097
0.404246 1.382626 -0.594214
0.413245 -0.361066 0.296373
0.622131 -0.844808 0.392456
-0.455888 0.394802 0.107613
-0.109838 1.941684 -0.823361
-0.214696 0.797761 0.507389
0.948019 1.122315 -0.173274
-0.151383 1.015493 -0.481130
-0.792696 -0.568540 0.448343
0.328407 1.688563 -0.553011
0.189745 1.194479 -1.115724
-0.909524 1.713462 -0.928224
1.160516 1.467299 -0.675778
1.375478 1.145758 -0.780530
0.624092 1.856654 -0.675377
0.898865 0.964991 -0.107326
-0.197397 1.245953 -0.452273
-0.639176 1.245797 -0.551707
0.685214 0.867648 -0.233911
-0.676393 -0.697402 0.299202
-0.662989 -0.636717 0.286933
0.408529 1.659416 -0.535341
-0.341337 0.899438 -0.400541
-0.251541 1.679460 0.296097
-0.050961 0.101652 0.180804
0.463953 1.640275 -0.760465
0.067375 0.972318 -0.441523
0.673654 -0.817065 0.590855
0.469397 1.335690 -0.401986
1.026158 1.383510 -0.536964
0.014918 1.884713 -0.765355
1.147724 1.418452 -0.478902
0.466528 1.803074 -0.615963
0.868388 1.015094 -0.443050
-0.822613 1.609998 -0.770436
1.072686 1.414619 -0.527561
1.377781 1.465009 -0.725917
-0.732077 -0.941453 0.245951
0.239388 1.286249 -0.974145
1.024348 1.079252 -0.246726
0.533324 -0.321690 0.192464
-0.295655 1.161407 -0.439586
0.399927 -0.601282 0.371773
-0.444672 0.475589 0.180145
0.614828 0.219761 0.274265
-0.170230 0.657849 -0.210780
-0.874764 1.377979 -1.034239
-0.052725 0.523664 -0.180065
-0.358558 -1.020431 0.688484
-0.875624 -0.970007 0.390541
0.294585 0.657245 0.360891
-0.452199 -0.785081 0.387674
1.044040 1.391958 -0.403343
-0.462378 0.837457 -0.150447
-0.782301 1.382651 -0.857000
1.177237 1.414304 -0.704328
0.343563 0.446545 0.403134
1.280644 1.071323 -0.721242
0.667838 -0.347599 0.297938
1.461634 1.263064 -0.828357
0.367301 0.493390 0.233013
-0.071476 1.607654 -0.556507
-0.765175 -0.924837 0.382966
0.396711 -0.846420 0.632693
1.314977 1.161437 -0.818901
-0.089201 0.130002 0.116269
-0.346139 1.169647 0.553664
-0.409940 0.888191 0.481714
-0.968854 1.175328 -0.425928
-0.504950 -1.077870 0.398903
0.496361 -0.850182 0.413906
-0.835505 1.415039 -0.981544
-0.515779 1.253508 0.425226
-0.977777 1.514119 -1.049735
0.120866 0.945669 -0.455461
0.405483 1.477681 -0.617707
-0.778568 1.501078 -0.918315
0.249597 1.134539 -1.132956
0.379084 0.731377 0.083315
-0.764519 1.042474 -0.451859
0.564660 -0.078015 0.110034
-0.744877 1.726062 -0.970935
0.239671 0.489045 0.487030
0.301249 1.138616 -1.121335
0.428226 -0.863304 0.783375
0.679520 1.844282 -0.707788
-0.686531 -0.677876 0.304112
1.339245 1.166010 -0.867291
0.003917 1.610321 -0.711424
0.342822 1.241126 -0.787226
-0.577432 -0.766171 0.318199
-0.484605 -0.332058 0.439835
1.043830 1.354478 -0.353932
-0.799827 -0.441499 0.247356
0.677178 1.830506 -0.702690
1.360793 1.135174 -0.616086
0.024169 1.344992 0.531206
-0.590509 1.103894 -0.458643
0.322037 -0.160323 0.264108
-0.423999 -0.236845 0.471234
-0.251374 1.058346 -0.476094
-0.347371 0.068110 0.132776
0.364330 0.114181 0.086807
0.638323 -0.956075 0.700293
0.235612 0.534846 -0.033715
1.434010 1.197905 -0.779433
-0.277693 1.369133 -0.471828
0.323719 -0.368943 0.496768
0.930752 1.308923 -0.461708
0.298746 1.657712 -0.560377
0.316507 0.546805 0.328123
-0.640352 -0.878264 0.369157
0.631333 -0.194513 0.464635
0.555622 -0.836052 0.773053
-0.636158 -0.706300 0.308061
-0.815012 1.117294 -0.088847
1.318165 1.250846 -0.404375
-0.012299 0.117375 0.152492
0.668259 -0.769263 0.625233
-0.705146 -0.000496 0.095420
0.208120 -0.001986 0.242089
-0.779266 1.548048 -1.022489
0.096248 1.068681 -0.664892
-0.731367 1.667711 -0.968309
-0.162438 1.543773 -0.455366
0.605729 0.215254 0.404480
0.612744 0.107446 0.479737
0.077729 0.327251 -0.005102
0.451036 -0.782869 0.772516
0.629847 -0.947179 0.718569
-0.088506 1.322544 -0.703958
0.660981 1.853292 -0.737518
-0.514901 -0.706094 0.306163
0.334205 0.498571 0.151613
0.407567 0.802451 0.143605
-0.243360 0.619794 -0.135247
0.306901 -0.558851 0.445148
0.614540 1.802073 -0.770315
-0.901253 1.648522 -0.828155
0.585372 1.829840 -0.644183
0.445666 -0.048596 0.598751
1.425083 1.172642 -0.828139
-0.031884 0.170722 0.066439
0.558910 0.921480 -0.016588
0.410967 0.760115 -0.009944
-0.456382 -0.967925 0.431690
-0.248184 0.094023 0.199865
0.450410 -1.020972 0.308105
0.280451 1.087475 -0.932274
-0.170112 1.347825 -0.548887
0.923252 0.935727 -0.442266
-0.201347 0.434717 -0.042868
-0.560548 -1.016127 0.333711
0.699405 -0.915981 0.615129
-0.877748 1.043581 -0.340542
-0.291993 0.525762 -0.021737
-0.305571 0.741096 -0.278726
-0.665405 0.263275 0.370340
-0.289608 0.410318 0.002304
0.540284 1.354651 -0.153561
0.232590 0.343606 0.016616
0.465466 1.684824 -0.680313
0.792168 0.989034 -0.060774
0.443047 -1.000822 0.335423
0.233725 1.108478 -1.074929
-0.792541 0.018068 0.308445
0.349310 0.693089 0.122688
-0.362401 0.402641 0.062010
-0.122818 1.848599 -0.627390
-0.528198 1.332595 -0.292845
-0.729803 1.144453 -0.649987
0.308370 1.105663 0.407921
-0.623753 -1.040135 0.221175
0.413406 -0.268916 0.230838
0.414576 1.524511 0.045137
-0.805483 1.462072 -0.971363
0.353363 -0.300691 0.458471
-0.029484 0.418238 -0.124086
0.675074 -0.322294 0.477029
0.135632 0.675465 -0.273622
-0.447269 0.833366 -0.193553
0.395669 -0.941519 0.770926
0.315931 1.672373 -0.523766
0.047496 1.657522 -0.735293
0.997148 1.308693 -0.303485
-0.757746 -0.104907 0.135868
0.075762 1.141820 -0.963759
0.331716 -0.244669 0.410717
0.712537 0.871358 -0.217487
-0.821957 -0.368776 0.257967
-0.560123 -0.887125 0.376352
0.093075 1.061431 -0.491431
0.343571 -0.285203 0.390414
-0.369477 -1.022910 0.555254
0.379203 -0.545872 0.701304
-0.692117 -0.456464 0.611361
0.242079 1.086212 -0.808358
0.202098 1.095501 -0.657703
0.661555 -0.820615 0.635356
0.335189 -0.235981 0.441715
-0.417018 -0.127597 0.228345
0.105512 1.146157 -1.035303
-0.587644 -0.347084 0.532985
0.644171 1.852120 -0.681040
1.249809 1.463854 -0.810780
0.262464 1.202849 -1.131554
0.133181 0.091404 0.546506
0.093449 1.042271 -0.475425
-0.590277 1.363874 0.004886
0.007202 0.137724 0.141547
0.306446 0.522958 0.085743
0.443106 -0.200600 0.165963
0.443020 -0.884348 0.459842
0.145337 0.056359 0.467388
0.321744 -0.216532 0.396409
-0.809470 1.765234 -0.972491
-0.981638 1.558783 -0.852018
-0.710543 -0.901605 0.385000
-0.337031 -0.162542 0.474678
0.268334 -0.127838 0.339828
0.318746 -0.619660 0.486447
-0.484438 -0.461665 0.583036
0.634332 -0.359072 0.685332
-0.756415 1.582982 -0.932461
0.362035 0.398394 0.421321
-0.284958 -0.066554 0.353367
0.879455 1.228975 -0.269842
0.363618 -0.742580 0.631574
-0.387856 1.634025 0.143993
0.303256 -0.582267 0.533282
-0.953086 1.348517 -0.905160
0.377842 1.439066 -0.694060
0.034108 0.874690 -0.423303
1.173651 1.508510 -0.626411
0.518829 1.314554 -0.257562
-0.281012 0.837350 -0.407489
0.374929 1.520755 -0.520360
-0.694504 1.385168 -0.696253
-0.439122 -0.195812 0.275122
-0.525653 -0.240251 0.217786
0.107845 0.696703 -0.300858
-0.024939 1.463624 -0.721855
1.246695 1.241089 -0.769527
0.630680 -0.900526 0.716353
-0.109443 0.133502 0.149343
0.423635 1.407549 -0.411262
-0.467775 -0.337801 0.371302
-0.486127 0.158960 0.071964
0.254149 0.213732 0.084346
-0.442163 1.325814 -0.350430
1.430879 1.263046 -0.728233
0.623092 -0.840328 0.412873
-0.734042 -0.214527 0.441428
0.648028 -0.385922 0.291918
-0.295580 0.534491 -0.020560
0.310592 0.653801 -0.109035
0.403556 1.436974 -0.478950
-0.458505 0.092734 0.622277
-0.501551 -0.888232 0.406962
0.347020 -0.270359 0.345593
-0.928598 1.575902 -1.113829
0.342642 0.625136 0.255929
0.321997 1.241235 -0.650869
0.684953 0.977329 -0.344183
-0.853587 1.615637 -0.795448
1.249580 1.294377 -0.782669
-0.927573 1.362967 -1.040385
-0.439075 0.106959 0.611821
0.083467 0.937684 -0.438764
0.411520 -0.270384 0.566183
0.681362 -0.686920 0.571424
-0.488216 -0.165991 0.191633
-0.050685 0.104814 0.230877
0.404463 0.409463 0.303283
0.013823 0.147799 0.122037
0.316924 1.645658 -0.612859
0.700822 -0.555764 0.637719
-0.493712 -0.275535 0.481685
0.648916 -0.599438 0.730213
-0.186750 0.585338 -0.148388
0.347962 0.088395 0.088130
0.012006 0.487256 0.605390
-0.911865 1.373703 -1.085186
0.523523 1.794926 -0.605311
-0.748177 0.992173 -0.301069
0.347362 -0.295659 0.403711
0.871210 1.043727 -0.482682
0.755319 -0.976758 0.561979
0.871710 1.220925 -0.329459
-0.821115 -0.293098 0.250456
-0.047376 1.561581 -0.666059
0.040105 0.592515 -0.257656
0.399675 -0.185711 0.550959
-0.978425 1.366784 -0.952487
0.812263 -0.931898 0.469860
0.710419 -0.544373 0.577083
0.675159 -0.236420 0.339920
-0.792042 -0.554074 0.315361
0.454285 0.824078 -0.046740
0.640782 -0.254156 0.490092
-0.451341 -0.400066 0.306844
-0.407039 -0.077940 0.161317
0.020702 1.655191 -0.745878
0.357536 -0.297033 0.482832
-0.693957 0.181289 0.182845
1.302391 1.146891 -0.772144
-0.781821 1.499967 -0.933029
-0.458811 -0.368665 0.461987
1.356431 1.181140 -0.906565
-0.559186 0.270372 0.461260
0.009665 1.269592 -0.811475
-0.109330 0.128673 0.189831
-0.673594 1.357223 -0.644822
0.116968 1.537066 -0.784354
0.077939 0.735129 -0.328179
0.018175 1.305620 0.558060
0.444521 1.015001 -0.412224
0.127077 1.269534 -0.950687
-0.496813 0.418332 0.222263
0.899405 1.267868 -0.455353
-0.703073 1.404541 -0.485297
0.593409 -0.202609 0.161047
0.353072 -0.334583 0.434724
0.355296 -0.335175 0.405452
-0.027256 1.048141 -0.451858
0.808253 1.112585 -0.377467
0.374545 0.476347 0.273358
0.571816 0.995779 -0.317578
0.421206 -0.355979 0.284939
-0.844642 1.401623 -0.992571
0.428022 -0.757526 0.745032
0.171284 0.169073 0.109782
0.683510 -0.336533 0.592426
0.909789 1.240124 -0.267772
0.508508 1.100507 -0.354888
-0.528209 0.024118 0.625976
-0.490697 -0.218754 0.235145
-0.650227 -0.235088 0.502525
0.380678 -0.368022 0.333053
-0.622545 1.117366 -0.481491
0.693820 0.026733 0.303658
-0.377409 -0.144455 0.301580
-0.326584 1.349890 -0.446179
0.568309 -0.635116 0.391569
0.430306 1.779549 -0.676354
-0.356915 0.667927 0.458293
0.064072 0.137666 0.178346
-0.571935 0.316405 0.228057
-0.864812 1.315874 -0.895369
0.586558 -0.551358 0.760647
0.272421 1.176782 -0.471134
0.497662 0.858771 -0.063714
-0.780449 1.686372 -0.910054
-0.450101 1.474502 -0.145612
0.279474 1.194786 -1.137229
-0.562499 1.091808 -0.433478
-0.687175 -0.970715 0.574390
-0.753252 1.125029 -0.019840
-0.249050 -0.033165 0.368976
0.106017 0.379545 -0.030575
1.171702 1.418995 -0.549540
-0.492720 -0.064051 0.118032
0.305742 0.891896 0.373531
0.652673 1.053378 -0.336801
-0.599546 -1.013169 0.267727
-0.757255 -0.670983 0.445747
0.248107 1.561159 -0.737871
0.164279 1.066564 -0.478200
-0.594103 0.315195 0.301391
-0.801982 1.090691 -0.534893
-0.139130 1.913297 -0.678974
-0.781229 -0.991442 0.491655
-0.873320 1.671527 -0.856707
1.178596 1.446560 -0.713240
0.201803 0.641155 -0.208845
-0.486070 0.429144 0.220672
-0.726823 1.714153 -1.039459
-0.671747 1.347200 -0.459285
-0.662344 -0.419070 0.182598
0.209988 1.735462 0.013468
-0.062195 0.586885 -0.243433
-0.055256 0.202970 0.047102
-0.999498 1.382850 -0.924595
0.072000 1.120529 -0.924623
-0.513049 0.833200 0.284925
-0.049745 1.432645 -0.720635
-0.001403 0.138634 0.108017
0.618362 -0.237253 0.512004
-0.473129 0.446945 0.225550
-0.733636 -0.847351 0.474081
-0.596255 1.348410 -0.279578
-0.444857 -0.977809 0.453184
0.412629 1.557470 -0.627333
0.550750 -0.864753 0.333707
-1.009825 1.402062 -0.901279
-0.669364 0.254009 0.352598
-0.804684 -1.014640 0.486011
-0.658639 -0.949605 0.223592
1.238866 1.536693 -0.611433
-0.030044 1.917667 -0.680230
-0.710268 1.510275 -0.838094
0.110507 0.800479 -0.424597
0.438151 0.960212 0.212500
-0.864643 1.132556 -0.684761
-0.609271 -1.063260 0.245178
-0.767025 0.024829 0.401217
-0.569846 0.940084 0.068449
0.069949 0.938618 -0.432842
-0.768431 1.579064 -0.839094
-0.228166 0.310350 0.032568
0.196642 0.590284 -0.168021
-0.612074 -1.054151 0.240384
0.432582 0.830115 -0.337390
0.377292 -0.270625 0.533564
0.166123 0.621440 -0.228792
1.357167 1.360000 -0.620103
-0.634155 -0.689172 0.649100
0.426896 -0.972819 0.810588
0.688024 -0.709136 0.657128
-0.002772 1.538015 -0.739687
0.341079 0.644410 0.085033
-0.564349 0.341737 0.305163
0.803190 -0.907738 0.463056
-0.755822 1.413784 -0.838994
0.416332 -0.286335 0.239987
-0.591391 0.932947 -0.165107
-0.788763 -0.271970 0.373222
-0.728869 -0.898105 0.416436
1.015112 1.378737 -0.528625
-0.225512 0.017039 0.336384
-0.778444 1.390234 -0.855122
0.891076 1.237804 -0.402563
0.653291 0.884410 -0.243370
0.726682 -0.885458 0.560887
-0.391610 -0.085760 0.602325
-0.082401 1.646076 -0.580908
0.806681 -0.923754 0.488072
-0.573619 0.319788 0.354231
-0.688689 1.433996 -0.537671
0.377117 -0.933824 0.620232
-0.726754 -0.773099 0.556906
0.449609 -0.626508 0.382031
0.521341 1.828301 -0.639275
-0.802118 1.497441 -1.004383
0.402717 1.519768 -0.708850
-0.494860 0.192909 0.567411
-0.008990 0.160423 0.079306
-0.126540 1.408898 -0.636094
0.456215 1.708212 -0.559229
-0.943114 1.368653 -1.068102
-0.224943 -0.026844 0.383327
-0.544777 1.325429 -0.342345
-0.591883 0.959352 0.233194
0.292347 1.287214 -0.860394
-0.351110 0.590535 0.041196
-0.719394 -1.038166 0.546502
-0.830637 -1.104775 0.489015
0.433619 0.015092 0.089731
-0.106154 0.497563 0.581474
0.580735 1.317334 -0.062367
0.016225 0.146002 0.158022
-0.018465 0.432671 -0.123397
0.596098 1.840053 -0.654315
-0.028119 0.745065 -0.324597
-0.827960 -0.266497 0.247534
-0.761327 1.575867 -0.941679
1.218207 1.454506 -0.560681
0.291896 0.554944 0.044439
-0.529489 1.283600 -0.409989
-0.024182 1.573151 -0.676471
0.412215 -0.849755 0.544265
0.964795 1.331796 -0.514796
0.340346 1.152640 -0.439088
0.123516 1.246147 -1.006899
-0.440964 0.301197 0.094681
0.581714 -0.808099 0.473418
0.491061 0.352376 0.301476
0.672070 0.076310 0.232966
0.701005 -0.848039 0.526780
-0.803064 -0.941261 0.364216
-0.738719 0.976836 -0.244121
-0.610201 0.930778 -0.152715
0.044944 1.497316 -0.772427
0.303278 1.598426 -0.646900
-0.872152 1.088505 -0.542620
0.540925 1.380045 -0.127768
0.362501 0.756960 -0.321177
0.252352 0.187951 0.602806
-0.948013 1.162218 -0.391031
0.563465 0.977133 -0.310978
-0.562333 0.175526 0.075095
0.403182 -0.843956 0.577914
0.190299 0.179846 0.607957
-0.750408 -0.713543 0.430619
0.324432 1.206675 -0.970920
-0.092547 1.864907 -0.749789
0.529120 1.240732 -0.359279
0.664474 -0.845313 0.456727
-0.635424 1.254800 -0.595311
0.190711 0.161785 0.607211
-0.401908 -0.975060 0.517439
-0.197305 0.479446 0.595464
-0.606356 0.183004 0.530152
-0.193460 0.665296 -0.219616
0.136502 1.068242 -0.654387
-0.065913 1.929059 -0.814107
-0.738122 -0.896574 0.464993
0.013184 0.365219 0.621039
-0.779284 0.026574 0.369028
0.729948 0.933241 -0.346057
0.360678 -0.708752 0.648413
-0.064936 1.525089 -0.667164
0.740623 -0.918203 0.469406
-0.720211 1.119907 -0.585773
0.398416 1.495914 -0.710275
-0.824799 1.343847 -0.272106
-0.315578 0.159740 0.603669
0.143733 1.084056 -0.989586
0.403611 1.447940 -0.588692
0.630786 0.139064 0.200283
-0.149014 0.645197 -0.225305
-0.049116 1.887445 -0.817240
-0.011122 0.586161 0.581552
-0.972369 1.586216 -0.969829
-0.363872 -0.990090 0.656072
0.361755 -0.257794 0.299648
-0.852879 1.739830 -1.025233
-0.942730 1.182588 -0.369172
-0.787966 -0.598559 0.484420
-0.719111 -0.260113 0.454373
0.217790 0.542952 -0.056247
-0.805192 -0.135087 0.242780
-0.789615 -0.199247 0.357055
0.351499 0.624651 0.138947
0.134347 0.579333 -0.217771
0.344675 0.684722 -0.026112
-0.533117 -0.105309 0.120028
-0.529505 0.350726 0.216346
0.381492 -0.742463 0.524965
