-0.00668045 0.00236165 0.00841455 
-0.00606161 0.0019536 0.0074626 
-0.00607942 0.00150375 0.00761458 
-0.005811 0.000958695 0.00758817 
-0.00566577 0.000420944 0.00781441 
-0.00815297 -0.000392742 0.0122797 
-0.00891414 -0.000741202 0.0138122 
-0.00906063 -0.00173327 0.0153435 
-0.00855798 -0.00200222 0.0150116 
-0.00668711 -0.0025355 0.0133495 
-0.00634584 -0.00306505 0.0141156 
-0.0109216 -0.00544731 0.0261152 
-0.0109329 -0.00544523 0.0261533 
-0.00695883 -0.00271437 0.0166212 
-0.00921439 -0.00166195 0.0196875 
-0.0112186 -0.000787538 0.0220299 
-0.0129692 0.000410013 0.0232503 
-0.0117169 0.000882281 0.0201285 
-0.0136137 0.00268859 0.0205183 
-0.0135904 0.00270019 0.0204567 
-0.0117809 0.00363008 0.0158754 
-0.0118306 0.00368951 0.0158757 
-0.0138892 0.00367818 0.0184038 
-0.00928838 0.00265369 0.0114859 
-0.0113162 0.00322945 0.0132675 
-0.0112085 0.00308625 0.0130485 
-0.0112135 0.00238259 0.0129291 
-0.0110014 0.00226105 0.0126865 
-0.00678505 0.000856833 0.00798959 
-0.0110343 0.000410058 0.0137392 
-0.0110725 0.000318685 0.0138808 
-0.011373 -0.000939161 0.0157424 
-0.0113344 -0.00107672 0.0158774 
-0.00785082 -0.00158554 0.0122857 
-0.0108542 -0.00349239 0.0193147 
-0.0191243 -0.00745924 0.0364971 
-0.0194807 -0.00781033 0.0376113 
-0.0190844 -0.00770917 0.0369784 
-0.00883207 -0.00409465 0.0185559 
-0.00824174 -0.00377004 0.0185815 
-0.00905429 -0.00266806 0.0189011 
-0.0108897 -0.000802351 0.0197466 
-0.0169865 0.000891179 0.0279584 
-0.0167355 0.00128716 0.0269755 
-0.0146525 0.00291726 0.0210048 
-0.0168091 0.00398468 0.0230907 
-0.0186192 0.00539418 0.0231472 
-0.0109113 0.00378506 0.012487 
-0.00971085 0.00338436 0.010595 
-0.0145524 0.00424797 0.0154763 
-0.0144999 0.00420389 0.0154085 
-0.0128546 0.0029571 0.0132827 
-0.0128919 0.00293612 0.013311 
-0.00801572 0.00125887 0.00836177 
-0.0135862 0.00109862 0.0150129 
-0.0135483 0.001076 0.0149915 
-0.0145647 -0.000388329 0.0178416 
-0.0145452 -0.000400644 0.0178325 
-0.00879343 -0.00142587 0.0121906 
-0.00984837 -0.0020943 0.0147442 
-0.0103047 -0.00251878 0.0166726 
-0.0182269 -0.00432362 0.0311157 
-0.0182244 -0.00431167 0.0311165 
-0.0115513 -0.00160249 0.0195412 
-0.0132983 0.00012901 0.0206057 
-0.0215165 0.00288116 0.030402 
-0.0213384 0.00302664 0.0299615 
-0.0189631 0.00520728 0.0239256 
-0.0204286 0.0117183 0.0203522 
-0.0187244 0.0103461 0.0179284 
-0.018318 0.0100697 0.0174951 
-0.0118707 0.00577731 0.011021 
-0.014034 0.00630112 0.0128411 
-0.013957 0.00590479 0.0126938 
-0.0107064 0.00414552 0.00971177 
-0.00862287 0.0026722 0.00789517 
-0.00920272 0.00225114 0.00862374 
-0.00950678 0.00167683 0.0091707 
-0.00976391 0.00101699 0.00978404 
-0.00966311 0.000258279 0.0100902 
-0.0158657 -0.00113434 0.0177031 
-0.0164309 -0.00136697 0.0184907 
-0.0115369 -0.00193812 0.0138211 
-0.0158471 -0.0045764 0.0207374 
-0.0155118 -0.0046626 0.0204701 
-0.0144914 -0.00715901 0.0217545 
-0.0143457 -0.00723171 0.0216751 
-0.0080794 -0.00619027 0.0145061 
-0.00777192 -0.00705648 0.0155753 
-0.0135028 -0.0119422 0.0287084 
-0.0144519 -0.0126656 0.0308249 
-0.0104436 -0.00849173 0.0224826 
-0.0106683 -0.00683273 0.0218373 
-0.0118303 -0.00531397 0.0222206 
-0.0132929 -0.00343288 0.0225357 
-0.0203439 -0.001454 0.0305941 
-0.0229052 -0.00047501 0.033155 
-0.0177189 0.00102194 0.0241658 
-0.0213621 0.00456072 0.0261211 
-0.0258153 0.00643909 0.0308448 
-0.0218545 0.00623301 0.0255958 
-0.0148608 0.00585348 0.0166122 
-0.0133669 0.00650217 0.0143864 
-0.0198174 0.0113542 0.019836 
-0.0215138 0.012966 0.0203613 
-0.0134099 0.00793515 0.0120847 
-0.017331 0.00961166 0.0149808 
-0.0177471 0.00966754 0.0152532 
-0.0130257 0.00648428 0.0109685 
-0.0144784 0.00652714 0.0119651 
-0.0141064 0.00606522 0.0115724 
-0.0114019 0.00436519 0.00923953 
-0.013947 0.00468397 0.0112167 
-0.0131223 0.00427454 0.0105369 
-0.00816882 0.00212443 0.00656606 
-0.00834864 0.0016785 0.00681364 
-0.0086202 0.00122363 0.0072114 
-0.00852818 0.000692385 0.00734907 
-0.0112218 -1.39101e-05 0.0102809 
-0.0145724 -0.000591846 0.0138245 
-0.0134543 -0.00101409 0.0131589 
-0.0168567 -0.00291904 0.0178923 
-0.0166141 -0.00301951 0.0177575 
-0.0172347 -0.00564502 0.0206085 
-0.0173599 -0.00576924 0.0208429 
-0.010833 -0.00482973 0.0144284 
-0.0106008 -0.00622611 0.0159268 
-0.0104129 -0.0076245 0.0175994 
-0.0104031 -0.00883143 0.0196535 
-0.0159094 -0.0136685 0.0318757 
-0.0173411 -0.0146195 0.0348872 
-0.013376 -0.0104108 0.026774 
-0.012218 -0.00720972 0.0229642 
-0.0237708 -0.00798365 0.0381896 
-0.0238738 -0.00793263 0.0382706 
-0.0177587 -0.00312948 0.0261949 
-0.0288421 -0.00113211 0.039702 
-0.0290482 -0.000998989 0.0399039 
-0.0189588 0.00118647 0.0250478 
-0.0174628 0.00340488 0.0216559 
-0.017792 0.00555901 0.0209168 
-0.0185193 0.00798847 0.0207096 
-0.0285612 0.0152708 0.0303683 
-0.0282797 0.015215 0.0299996 
-0.0203597 0.0120251 0.0200049 
-0.0251455 0.015078 0.0241458 
-0.0263232 0.0258901 0.0258945 
-0.0146886 0.0143462 0.0137385 
-0.0135369 0.0125588 0.0121385 
-0.012546 0.0106911 0.0108283 
-0.0149322 0.011453 0.0123833 
-0.0179977 0.0130451 0.0147003 
-0.0153412 0.0106635 0.0123928 
-0.0173695 0.0105876 0.0135093 
-0.0173297 0.0105128 0.0134619 
-0.015988 0.00840311 0.0120548 
-0.0159214 0.00828884 0.011985 
-0.0156133 0.00688658 0.0115351 
-0.0162241 0.00703651 0.0119727 
-0.0114608 0.00444185 0.00839313 
-0.0156744 0.00516987 0.0113715 
-0.0155762 0.00508883 0.011296 
-0.00927958 0.00253053 0.00673746 
-0.00916795 0.00196447 0.00668675 
-0.00950243 0.00154379 0.00706243 
-0.00937751 0.00099275 0.00716377 
-0.00938548 0.000443658 0.00737515 
-0.00932326 -0.000126445 0.00755394 
-0.0092395 -0.000723328 0.00774985 
-0.0102162 -0.00169728 0.00913164 
-0.0157273 -0.0037117 0.0148445 
-0.0153376 -0.00379775 0.0146114 
-0.0108683 -0.00393027 0.0114403 
-0.0184694 -0.00830322 0.0211872 
-0.0185122 -0.00839185 0.0213102 
-0.0118198 -0.00661855 0.0149099 
-0.0109292 -0.00753361 0.0154123 
-0.0107778 -0.00888135 0.0169718 
-0.0144585 -0.0142684 0.0259315 
-0.017012 -0.0176826 0.0318315 
-0.0140148 -0.0154781 0.0274803 
-0.00874278 -0.0128696 0.0209121 
-0.00709937 -0.0138715 0.0210572 
-0.00692654 -0.0180649 0.0265443 
-0.00802031 -0.0235341 0.034598 
-0.00675079 -0.0214573 0.031496 
-0.00568635 -0.0270616 0.0390726 
-0.00563741 -0.0270533 0.0390864 
-0.00444161 -0.0214853 0.0329092 
-0.00501673 -0.0244208 0.0380839 
-0.00421039 -0.0194436 0.0313252 
-0.00786553 -0.0177144 0.0347758 
-0.0109609 -0.0190882 0.0410908 
-0.0105184 -0.0145038 0.0345104 
-0.00959059 -0.00724289 0.0246101 
-0.0110221 -0.00391497 0.0238155 
-0.0125099 -0.000156446 0.0227432 
-0.0218746 0.00674959 0.0327285 
-0.0261657 0.00971757 0.0376668 
-0.021612 0.00998487 0.0295324 
-0.0190298 0.0130244 0.0234259 
-0.0289602 0.0229102 0.0334669 
-0.0278853 0.0224463 0.0319446 
-0.0274925 0.0254976 0.0290253 
-0.0275185 0.0256468 0.028935 
-0.0263627 0.0259045 0.0259894 
-0.0204963 0.0225461 0.0184274 
-0.0148119 0.0150794 0.0127474 
-0.0139504 0.0131394 0.0115262 
-0.0184735 0.0158833 0.0146472 
-0.0196146 0.016385 0.0154069 
-0.0146875 0.0113258 0.0112575 
-0.0191936 0.0131759 0.0141102 
-0.0190923 0.0130437 0.0140172 
-0.0188378 0.0110719 0.0133921 
-0.01883 0.0110138 0.0133724 
-0.0176324 0.00888543 0.0121387 
-0.0181947 0.00903343 0.0125 
-0.012538 0.00561756 0.00851717 
-0.0177557 0.00679369 0.0119702 
-0.0182133 0.00684465 0.0122673 
-0.0121459 0.00406551 0.00812009 
-0.0110639 0.00305813 0.00739205 
-0.0158809 0.00348612 0.0108247 
-0.0186804 0.00375736 0.0127663 
-0.0155482 0.00283199 0.0106498 
-0.0109152 0.00133874 0.00760101 
-0.0109815 0.000734011 0.0078513 
-0.011057 8.82047e-05 0.00815737 
-0.0159189 -0.00104435 0.0123307 
-0.0182339 -0.00160948 0.0143705 
-0.0145838 -0.00178421 0.0118097 
-0.0190691 -0.00443214 0.0168979 
-0.0191285 -0.00451263 0.017005 
-0.0166558 -0.00585729 0.0165461 
-0.0194982 -0.00768396 0.0200916 
-0.016101 -0.00732608 0.0174574 
-0.0126403 -0.00748929 0.0154292 
-0.0128409 -0.00948382 0.0175952 
-0.0124379 -0.0111977 0.0192107 
-0.0110861 -0.0122736 0.0196575 
-0.0100153 -0.0134941 0.0205938 
-0.00890291 -0.015172 0.0219496 
-0.00808338 -0.0190373 0.0257159 
-0.00972658 -0.0278519 0.036866 
-0.00899774 -0.0266741 0.0352339 
-0.00669365 -0.0277743 0.0363304 
-0.00661118 -0.0279258 0.0365376 
-0.00503884 -0.0278842 0.036991 
-0.00491858 -0.02773 0.0368206 
-0.00354736 -0.0277607 0.0373944 
-0.00355531 -0.027865 0.0376038 
-0.00273921 -0.0161248 0.0233258 
-0.00352475 -0.0136404 0.0219272 
-0.00552179 -0.0121019 0.0233634 
-0.0109444 -0.0150443 0.0366395 
-0.0109838 -0.0149039 0.0366132 
-0.00728292 -0.00636422 0.022141 
-0.0131623 -0.001525 0.029377 
-0.016337 0.000590937 0.033524 
-0.0144287 0.00324925 0.0265878 
-0.0132585 0.00824202 0.0201176 
-0.023883 0.0208229 0.0320877 
-0.0238817 0.021001 0.0319078 
-0.0273557 0.0274214 0.0314455 
-0.0274699 0.0276162 0.0314599 
-0.0286053 0.0310196 0.0299335 
-0.0286357 0.0311102 0.0298901 
-0.0286082 0.0321043 0.027976 
-0.0286227 0.0321257 0.0279724 
-0.0218167 0.0244084 0.020273 
-0.0250184 0.0278171 0.0228645 
-0.0163015 0.0214343 0.0147993 
-0.0146612 0.0180087 0.0127675 
-0.0145781 0.0162572 0.0121742 
-0.0143829 0.0144181 0.0114976 
-0.014845 0.013407 0.0113575 
-0.0228989 0.0186325 0.0168269 
-0.0227575 0.0184719 0.0167077 
-0.02211 0.0153371 0.0154668 
-0.0221423 0.0152811 0.0154658 
-0.0201236 0.0120681 0.0134835 
-0.0202503 0.0119557 0.0135069 
-0.0193304 0.0100391 0.0124613 
-0.0189774 0.0096967 0.0121897 
-0.019161 0.0083813 0.0119804 
-0.0198318 0.00854141 0.012372 
-0.0136609 0.00530573 0.00841768 
-0.0162853 0.00533398 0.00999828 
-0.0200739 0.00612635 0.0123023 
-0.01762 0.00510911 0.0107868 
-0.0124295 0.0029179 0.00768866 
-0.012319 0.00230375 0.00773237 
-0.0118686 0.00160272 0.0074998 
-0.0121388 0.00101301 0.00785364 
-0.0121467 0.000346879 0.00807112 
-0.0119683 -0.000353872 0.00818369 
-0.0118528 -0.00113852 0.00843801 
-0.0153368 -0.00276265 0.0115477 
-0.0184155 -0.00404528 0.0143443 
-0.0166849 -0.00441584 0.013502 
-0.0135778 -0.00468644 0.01179 
-0.0190396 -0.00847348 0.0184271 
-0.0229052 -0.0110667 0.0229875 
-0.019293 -0.0101511 0.0201375 
-0.0140851 -0.00933484 0.016637 
-0.0196331 -0.0154335 0.0261212 
-0.0233322 -0.0191874 0.0322227 
-0.0197411 -0.0170476 0.0283334 
-0.0128779 -0.0134712 0.0212703 
-0.01105 -0.0143328 0.0213935 
-0.00977802 -0.0169256 0.0233877 
-0.0129189 -0.0280807 0.0372954 
-0.0128124 -0.0280736 0.0372398 
-0.00666893 -0.01973 0.0251393 
-0.00687286 -0.0232732 0.0297187 
-0.00688336 -0.0243914 0.0314095 
-0.00542496 -0.0196304 0.025658 
-0.0076413 -0.022502 0.0316583 
-0.00805794 -0.0231821 0.0328852 
-0.00597831 -0.0149022 0.0221829 
-0.00645652 -0.0105844 0.0181562 
-0.00768549 -0.00856928 0.0176168 
-0.0131757 -0.00822177 0.0242261 
-0.0161737 -0.00825153 0.0284877 
-0.0140488 -0.00551841 0.0238024 
-0.0165817 0.000794046 0.023519 
-0.0210161 0.00365349 0.0279547 
-0.018871 0.00545554 0.0237934 
-0.0151325 0.00928908 0.0177215 
-0.0150699 0.0133394 0.0171201 
-0.0263089 0.0286027 0.027507 
-0.0270003 0.0296265 0.028093 
-0.0230777 0.0278433 0.0228914 
-0.0264815 0.033115 0.0258201 
-0.0234931 0.0300447 0.0225962 
-0.0248358 0.0328071 0.0232628 
-0.0244158 0.0323897 0.0227166 
-0.0271595 0.0317389 0.0233186 
-0.0183602 0.0197718 0.0151352 
-0.0177129 0.0175845 0.0140267 
-0.0170099 0.0159276 0.0129465 
-0.0169065 0.0147242 0.0123489 
-0.0162256 0.0130627 0.0113706 
-0.0157508 0.0114093 0.0104909 
-0.0227161 0.014973 0.0144786 
-0.0225485 0.014785 0.0143422 
-0.0213969 0.0121876 0.0129546 
-0.0213365 0.0120533 0.0128837 
-0.0210833 0.0103659 0.0122109 
-0.0211704 0.0103543 0.0122457 
-0.0138446 0.00602068 0.00788592 
-0.0209135 0.00792065 0.0117467 
-0.0213877 0.00797324 0.0119885 
-0.0142181 0.00476371 0.0078695 
-0.0197333 0.00555037 0.0108278 
-0.0203877 0.00560941 0.0111683 
-0.0138331 0.00335726 0.00753457 
-0.0126481 0.00245137 0.00696255 
-0.012289 0.00183039 0.00688264 
-0.0117942 0.00116437 0.00663061 
-0.0119789 0.00059574 0.00685586 
-0.0122115 -9.05152e-05 0.00725304 
-0.01284 -0.000910198 0.00792611 
-0.0187637 -0.00275135 0.0121327 
-0.0214137 -0.00364687 0.0140898 
-0.016936 -0.00348351 0.0114244 
-0.0205121 -0.00662581 0.0150691 
-0.0204671 -0.00675245 0.0151274 
-0.021002 -0.00981895 0.0175721 
-0.0225429 -0.0109349 0.0191541 
-0.0162458 -0.00919563 0.0148363 
-0.0144816 -0.00992998 0.0148954 
-0.0220282 -0.017146 0.0252845 
-0.023306 -0.0183989 0.0272646 
-0.0174041 -0.0143707 0.0216732 
-0.0236979 -0.0215496 0.0328784 
-0.0235459 -0.0214612 0.0327885 
-0.0217408 -0.0200002 0.0325383 
-0.021617 -0.019872 0.0324646 
-0.0212177 -0.0188934 0.0333681 
-0.0212944 -0.0188864 0.0334888 
-0.0154142 -0.0114167 0.0233201 
-0.02089 -0.0137901 0.0308447 
-0.0195137 -0.0124311 0.0285593 
-0.0141536 -0.00658976 0.0189097 
-0.0234592 -0.0076665 0.0287081 
-0.0234256 -0.00759363 0.0286142 
-0.0165205 -0.0035393 0.0185748 
-0.0226054 -0.00334414 0.0242528 
-0.0211868 -0.00277682 0.0224708 
-0.0226661 -4.14155e-05 0.0223684 
-0.0229689 0.000184889 0.022599 
-0.0193978 0.00282105 0.0186188 
-0.0201978 0.00401437 0.0194142 
-0.0160201 0.00562113 0.0158009 
-0.0225636 0.0149982 0.0225395 
-0.0225489 0.0152071 0.0225428 
-0.014632 0.0154972 0.0151369 
-0.0216473 0.027427 0.0218588 
-0.0213295 0.0274244 0.0214089 
-0.0186039 0.0242305 0.0177044 
-0.0266193 0.034202 0.0246515 
-0.0252408 0.0322249 0.0232141 
-0.02037 0.0244361 0.0179401 
-0.0286803 0.0337774 0.024778 
-0.0208033 0.0160913 0.0137771 
-0.0270417 0.0189686 0.0169314 
-0.0284816 0.0195274 0.0176403 
-0.0202367 0.0128931 0.0121348 
-0.0262439 0.0148255 0.0148852 
-0.0261076 0.0146814 0.0147789 
-0.0238422 0.0117081 0.0128471 
-0.0237583 0.0115724 0.0127687 
-0.0227921 0.0096302 0.011775 
-0.0230659 0.00964389 0.0118862 
-0.0165488 0.00614612 0.00831444 
-0.0214638 0.00727116 0.0106034 
-0.0201979 0.00667462 0.00994471 
-0.013337 0.00380074 0.00652425 
-0.0143912 0.00340359 0.00696908 
-0.0226831 0.00449151 0.0110548 
-0.0226512 0.0044561 0.0110383 
-0.013601 0.00213143 0.00659224 
-0.0132417 0.00143027 0.00651517 
-0.0135007 0.000810624 0.00675533 
-0.0134827 0.000107721 0.00687123 
-0.0196515 -0.00112615 0.0103834 
-0.0226245 -0.0017408 0.012131 
-0.0185296 -0.00198628 0.0101561 
-0.0146723 -0.0027976 0.00842493 
-0.0230081 -0.00634049 0.0139315 
-0.023045 -0.00647364 0.0140115 
-0.019213 -0.00751495 0.0126596 
-0.0186963 -0.00791871 0.0126515 
-0.0224351 -0.0125832 0.0172534 
-0.0241228 -0.0140757 0.0189193 
-0.0176204 -0.0117456 0.0148653 
-0.0216231 -0.0170541 0.0208868 
-0.0248433 -0.0201588 0.0247913 
-0.020016 -0.0169161 0.0209745 
-0.0174238 -0.0169689 0.0211191 
-0.0217146 -0.0218822 0.0278317 
-0.0193092 -0.0198493 0.025616 
-0.0207634 -0.0239303 0.0315689 
-0.0206421 -0.0238455 0.0315091 
-0.0188708 -0.0221659 0.0313525 
-0.0189311 -0.0221822 0.0314873 
-0.0136635 -0.0136111 0.021987 
-0.0180369 -0.0162975 0.0283791 
-0.0168658 -0.014772 0.0262973 
-0.0118484 -0.0078515 0.0166383 
-0.0198892 -0.00964688 0.0247742 
-0.0199146 -0.00957735 0.0247257 
-0.0127541 -0.00458689 0.014225 
-0.019834 -0.00453457 0.0192806 
-0.0201594 -0.00444795 0.0194086 
-0.0150652 -0.00219851 0.013297 
-0.0204701 -0.00152346 0.0170138 
-0.0195082 -0.00105615 0.0160308 
-0.0179725 0.00249784 0.013927 
-0.0205783 0.00425333 0.0158838 
-0.0164722 0.00527587 0.012777 
-0.0129357 0.00852908 0.0104295 
-0.0154679 0.0151659 0.0128112 
-0.0161606 0.0167201 0.0133883 
-0.0249523 0.0255255 0.0204717 
-0.0263694 0.0269599 0.0216178 
-0.0193177 0.0196352 0.0157435 
-0.0197924 0.0188576 0.0157002 
-0.034282 0.031171 0.0264601 
-0.0343014 0.0311635 0.0264557 
-0.021125 0.018771 0.0158239 
-0.0216634 0.0182763 0.0155179 
-0.0344877 0.0276094 0.0237407 
-0.0344857 0.0275713 0.0237091 
-0.0325014 0.0246652 0.0203328 
-0.0292153 0.0203932 0.0172082 
-0.0319939 0.0216085 0.0185029 
-0.0244428 0.0157658 0.0137942 
-0.0276326 0.0154656 0.0145435 
-0.0278642 0.0154512 0.0146042 
-0.0236713 0.011668 0.011783 
-0.0234022 0.0112185 0.0115176 
-0.0258581 0.0109244 0.0122051 
-0.0257405 0.0108098 0.012128 
-0.0204372 0.00745064 0.00929245 
-0.0231972 0.00808362 0.0104448 
-0.0187466 0.0061427 0.00832528 
-0.0155737 0.00436403 0.00679766 
-0.0249353 0.00598962 0.0107952 
-0.0249822 0.00597061 0.0108121 
-0.0157506 0.00317459 0.00676371 
-0.0148742 0.0023368 0.00641526 
-0.0152596 0.00171334 0.00664623 
-0.0155399 0.00101137 0.00685014 
-0.015561 0.000224782 0.0069532 
-0.015592 -0.000638891 0.00708574 
-0.0163032 -0.00169499 0.00754153 
-0.026049 -0.00434026 0.0124914 
-0.0260157 -0.00439044 0.0124918 
-0.0161203 -0.00394721 0.00804255 
-0.0227212 -0.00797952 0.0120515 
-0.0240117 -0.00888257 0.0128903 
-0.0184676 -0.00836769 0.0104247 
-0.0207939 -0.0116927 0.0126438 
-0.0216508 -0.0133284 0.0136803 
-0.016825 -0.0118247 0.0112975 
-0.0138318 -0.0121094 0.010665 
-0.0142597 -0.0143119 0.0123721 
-0.0213943 -0.0240839 0.0215687 
-0.0229907 -0.026316 0.0237374 
-0.0166108 -0.0202576 0.0186931 
-0.0212569 -0.029868 0.0283456 
-0.021129 -0.0297989 0.0283294 
-0.0185429 -0.0280633 0.0286551 
-0.018494 -0.0280911 0.0288077 
-0.015889 -0.0256601 0.0282163 
-0.0157024 -0.0254107 0.0280634 
-0.0138364 -0.0211215 0.0259264 
-0.0141643 -0.0214181 0.0265593 
-0.00921276 -0.0125392 0.0168005 
-0.0131561 -0.0136201 0.0211602 
-0.0134313 -0.0135527 0.0213105 
-0.00889207 -0.00759972 0.0127704 
-0.0134198 -0.00819506 0.0155553 
-0.0137826 -0.00818327 0.015626 
-0.00941487 -0.00472184 0.00920426 
-0.0148161 -0.00533176 0.011514 
-0.0153111 -0.00534733 0.0116555 
-0.0105624 -0.00295802 0.00719688 
-0.0110458 -0.00122564 0.00674198 
-0.0196387 0.00156726 0.0116575 
-0.0199255 0.00184184 0.0118393 
-0.0178425 0.00589229 0.0109821 
-0.0193542 0.00848091 0.0121939 
-0.0169136 0.00956924 0.0110897 
-0.0174929 0.0125426 0.0122979 
-0.024922 0.0191796 0.01809 
-0.0237378 0.0184967 0.0173275 
-0.0192195 0.0152329 0.0140913 
-0.034353 0.0267091 0.0247678 
-0.0343762 0.0267268 0.0247743 
-0.0254383 0.0200211 0.0178181 
-0.0356336 0.028162 0.0244077 
-0.0340965 0.0269285 0.0232078 
-0.0264162 0.0203115 0.0171267 
-0.0347706 0.0265353 0.0219576 
-0.0292712 0.0224379 0.0171841 
-0.021818 0.0155772 0.0120554 
-0.0203907 0.0134937 0.0106027 
-0.0291642 0.0176762 0.0142673 
-0.0290324 0.0174863 0.014153 
-0.0228577 0.0122281 0.0104661 
-0.0226266 0.0116866 0.0101954 
-0.0263423 0.0120522 0.0113176 
-0.0261882 0.0119081 0.0112242 
-0.0214381 0.00854319 0.00879773 
-0.0233809 0.00896659 0.00946728 
-0.0183992 0.00660808 0.00728915 
-0.0200914 0.00623782 0.00775337 
-0.0247051 0.00723476 0.00943508 
-0.0216281 0.0060717 0.00820379 
-0.0154804 0.0036775 0.00580374 
-0.0155075 0.00306309 0.00571174 
-0.0150838 0.00235916 0.00552617 
-0.0156359 0.00177442 0.00576122 
-0.0159662 0.00108662 0.00591406 
-0.0160378 0.000307283 0.00597724 
-0.0159801 -0.000549332 0.00599863 
-0.0165778 -0.00154413 0.00631669 
-0.0167576 -0.00269448 0.00660398 
-0.0245288 -0.00587599 0.00991283 
-0.0261559 -0.0067159 0.0106642 
-0.0196234 -0.00620982 0.0083053 
-0.0264771 -0.0114015 0.0119231 
-0.0265907 -0.0116224 0.0120145 
-0.0204522 -0.0115787 0.00996306 
-0.0207863 -0.0130547 0.0105422 
-0.0243427 -0.0186615 0.013615 
-0.0237392 -0.0186664 0.0134753 
-0.0165343 -0.0156616 0.0108293 
-0.0262157 -0.0273994 0.0192298 
-0.026149 -0.0274271 0.0192652 
-0.0173282 -0.0202767 0.0147702 
-0.0223487 -0.0272237 0.0209381 
-0.0210849 -0.0261131 0.020423 
-0.0221839 -0.0312651 0.0258398 
-0.0220524 -0.0312039 0.0258492 
-0.0177193 -0.0276882 0.0247249 
-0.0180604 -0.0288996 0.0259861 
-0.0117816 -0.0212912 0.0196028 
-0.0116636 -0.0242397 0.0229361 
-0.0106099 -0.0227424 0.0216797 
-0.00829598 -0.0200774 0.0199726 
-0.00824818 -0.0200724 0.020123 
-0.00577365 -0.0130739 0.0136991 
-0.00698705 -0.0140851 0.0152701 
-0.00661254 -0.0129617 0.0140883 
-0.00680789 -0.00930902 0.0101855 
-0.00746714 -0.00967848 0.0104218 
-0.00647397 -0.00733012 0.0072072 
-0.00801205 -0.00825411 0.00702427 
-0.00783805 -0.00790363 0.00630618 
-0.0089732 -0.00855906 0.00558993 
-0.00876971 -0.00827957 0.00529316 
-0.0094893 -0.00771469 0.00448485 
-0.00950948 -0.00767802 0.00446475 
-0.00509569 -0.00319472 0.00217612 
-0.00472243 -0.000407496 0.00173349 
-0.00465769 0.00314795 0.00155538 
-0.00594592 0.00840284 0.00242758 
-0.00698609 0.0099758 0.00327416 
-0.00828785 0.00854163 0.00447168 
-0.0104986 0.00831333 0.00622512 
-0.0124959 0.00815185 0.00782941 
-0.0153135 0.0100958 0.0102257 
-0.0281368 0.0187881 0.0191351 
-0.0282836 0.0189004 0.0192379 
-0.0208765 0.0144373 0.0141119 
-0.0347968 0.0250466 0.0230455 
-0.0347789 0.0250716 0.0229959 
-0.0325941 0.023997 0.0206465 
-0.034347 0.0255245 0.0215738 
-0.0316946 0.0242193 0.0193313 
-0.0349954 0.0269229 0.020952 
-0.0380359 0.0280684 0.0203477 
-0.0218777 0.0158074 0.0110333 
-0.0201025 0.0137763 0.00955407 
-0.0187588 0.0118256 0.00835368 
-0.0284876 0.016034 0.0117931 
-0.0283885 0.0159057 0.0117238 
-0.0270986 0.0132646 0.0104368 
-0.0271146 0.0132109 0.0104194 
-0.0225603 0.00967055 0.00823243 
-0.0246498 0.0101891 0.00885392 
-0.0191196 0.00743031 0.00670691 
-0.0247355 0.00842277 0.00832477 
-0.0255104 0.00855061 0.00854682 
-0.0172983 0.00532088 0.0056654 
-0.0154183 0.00412286 0.00492655 
-0.0173836 0.00394867 0.00542254 
-0.0272979 0.00526272 0.0084574 
-0.0272801 0.00522713 0.00844652 
-0.0166075 0.00257764 0.00502541 
-0.0158522 0.00176198 0.00475614 
-0.0159881 0.00107417 0.00477987 
-0.0162968 0.000323892 0.00485163 
-0.0174915 -0.000619338 0.00521164 
-0.0291539 -0.0025457 0.00887224 
-0.0291855 -0.0026021 0.00888707 
-0.018682 -0.00275543 0.00571701 
-0.0191565 -0.00445466 0.00609983 
-0.0290519 -0.00858073 0.00953841 
-0.028279 -0.00865964 0.00931978 
-0.0215689 -0.0090585 0.00750775 
-0.025854 -0.0124104 0.00931964 
-0.0244764 -0.0131544 0.00913244 
-0.0193554 -0.0121707 0.00772028 
-0.0176035 -0.0133723 0.00795522 
-0.017493 -0.0151406 0.00886195 
-0.0218443 -0.0209655 0.0127209 
-0.027618 -0.0271406 0.0171312 
-0.0245552 -0.0245429 0.0159169 
-0.0275103 -0.0301723 0.021077 
-0.0273673 -0.0300913 0.0210822 
-0.0220692 -0.0256453 0.0200593 
-0.0228189 -0.026966 0.0213446 
-0.0150377 -0.0194627 0.0159761 
-0.0155107 -0.0227746 0.019884 
-0.0148881 -0.0221371 0.0194175 
-0.0103111 -0.0184053 0.0170722 
-0.0101129 -0.0182059 0.0169541 
-0.00683178 -0.0136971 0.0133006 
-0.00692397 -0.0145252 0.0139946 
-0.00431713 -0.0106047 0.00970439 
-0.00359324 -0.012739 0.0098418 
-0.00355717 -0.0127622 0.00972891 
-0.00285682 -0.0102561 0.00645472 
-0.00313366 -0.0110593 0.00642424 
-0.00352384 -0.0110208 0.00539491 
-0.00350563 -0.0101147 0.00451672 
-0.0047948 -0.0117981 0.00390835 
-0.00477876 -0.0116507 0.00376576 
-0.00441133 -0.00940396 0.00198226 
-0.00447445 -0.00971271 0.00184162 
-0.0025338 -0.00609313 0.00070644 
-0.00171888 -0.00290508 -0.000287197 
-0.0016151 8.06911e-05 -0.000908474 
-0.00292357 0.00470898 -0.00119346 
-0.00385636 0.00630671 -0.00083489 
-0.00713916 0.0111915 0.000955439 
-0.00733701 0.0113027 0.00121205 
-0.00666886 0.00722674 0.00254047 
-0.00834406 0.00639231 0.00416352 
-0.0137327 0.00733437 0.00766023 
-0.0189862 0.00882038 0.0107981 
-0.0175579 0.00768204 0.0100328 
-0.0145169 0.00510708 0.00831686 
-0.0263572 0.011108 0.0155425 
-0.0261978 0.0111975 0.015465 
-0.0283546 0.0147782 0.016594 
-0.0291855 0.0156361 0.0170559 
-0.0364868 0.0234997 0.0212163 
-0.0366172 0.0236868 0.0212756 
-0.0376846 0.0265765 0.0211641 
-0.037743 0.0267132 0.0211401 
-0.0381049 0.0281038 0.0204225 
-0.040885 0.0272533 0.0178879 
-0.024197 0.0155955 0.0100134 
-0.0237376 0.0142299 0.0091444 
-0.0326605 0.0181444 0.0119483 
-0.0309723 0.016975 0.0112329 
-0.0287984 0.0138351 0.00960283 
-0.0287763 0.0137173 0.00955351 
-0.0279597 0.0116716 0.00869818 
-0.028366 0.0117286 0.00878968 
-0.020445 0.00761101 0.00601757 
-0.0266139 0.00913239 0.00758776 
-0.0252554 0.00848636 0.00715537 
-0.0165469 0.00491974 0.00452789 
-0.0179905 0.00461557 0.00472258 
-0.0285691 0.0063822 0.00736795 
-0.0285831 0.00635299 0.00736554 
-0.0179384 0.00337149 0.00449464 
-0.017005 0.00251264 0.00416481 
-0.0165438 0.00178028 0.00396962 
-0.0156107 0.000985616 0.00362528 
-0.0171408 0.000253044 0.00398902 
-0.0179005 -0.000625779 0.00412588 
-0.0192096 -0.0017943 0.00440514 
-0.0310307 -0.00465197 0.00713811 
-0.031024 -0.00471227 0.00713599 
-0.0191835 -0.00421036 0.00446205 
-0.0279985 -0.00881957 0.00675691 
-0.0296894 -0.00982957 0.00719492 
-0.0236914 -0.00959945 0.00594125 
-0.025325 -0.0123769 0.00673081 
-0.0288803 -0.0161001 0.00806942 
-0.0258853 -0.0155372 0.00747478 
-0.0194977 -0.0137866 0.00635642 
-0.0198516 -0.0161187 0.0073657 
-0.0297295 -0.0273307 0.0127361 
-0.0313802 -0.0292785 0.0138451 
-0.0222263 -0.0216815 0.0107862 
-0.0283533 -0.0309362 0.0164657 
-0.0283042 -0.0310192 0.016572 
-0.0164423 -0.0199213 0.0114914 
-0.020135 -0.027907 0.0166866 
-0.0194048 -0.0272655 0.0163443 
-0.010125 -0.0184148 0.0114579 
-0.0100594 -0.020129 0.0129793 
-0.00794893 -0.0171322 0.0114111 
-0.00609395 -0.0148427 0.0105214 
-0.00524788 -0.0133333 0.0095547 
-0.00365136 -0.0130437 0.00891272 
-0.00361388 -0.0129205 0.00881554 
-0.00368298 -0.00788174 0.00534347 
-0.00404709 -0.00785195 0.00511915 
-0.00433036 -0.00652332 0.0034046 
-0.00482651 -0.0066021 0.00286451 
-0.00575874 -0.00783642 0.00233717 
-0.00550389 -0.00762526 0.00200679 
-0.00569425 -0.00829482 0.000999743 
-0.00595479 -0.00868908 0.000771965 
-0.0042068 -0.00612068 -1.90776e-05 
-0.00372922 -0.00410104 -0.000885888 
-0.00403712 -0.00225664 -0.00146211 
-0.00363003 6.12299e-05 -0.0017782 
-0.00584683 0.00421348 -0.00211064 
-0.00600747 0.00441974 -0.00198002 
-0.00523511 0.0027157 0.000211728 
-0.009948 0.00132697 0.00244154 
-0.0127185 0.000879045 0.00359894 
-0.0113723 0.000367388 0.00360668 
-0.00954966 0.00043749 0.00399943 
-0.0112011 0.000911812 0.00514638 
-0.0155416 0.00231761 0.00735444 
-0.0246964 0.00569313 0.011967 
-0.0249339 0.00648015 0.0121386 
-0.0253185 0.00960505 0.0124473 
-0.0319962 0.0139268 0.0156931 
-0.0303728 0.0143747 0.0147692 
-0.0396816 0.0219372 0.0188823 
-0.0391867 0.0218988 0.0186142 
-0.0417414 0.0262831 0.019192 
-0.0417369 0.0263488 0.0191674 
-0.0406353 0.027083 0.0178184 
-0.0381488 0.0258849 0.0133588 
-0.0266106 0.0171496 0.00873107 
-0.0303785 0.0185142 0.00961351 
-0.026139 0.0152358 0.00804915 
-0.0290177 0.0148478 0.00822152 
-0.0291823 0.0147632 0.0082136 
-0.0238998 0.010765 0.00631681 
-0.0261496 0.0112428 0.00672981 
-0.0213443 0.00867567 0.00532506 
-0.0270102 0.00966601 0.00636401 
-0.0278142 0.00982024 0.00651329 
-0.0185458 0.00601233 0.00416596 
-0.0179554 0.00506779 0.00381901 
-0.0290018 0.00724898 0.00599449 
-0.0290259 0.00722183 0.00599161 
-0.0182563 0.00394472 0.00362931 
-0.0173382 0.00308806 0.00332551 
-0.0171786 0.00242214 0.00317651 
-0.0167401 0.00164403 0.00293639 
-0.0171158 0.000967762 0.00290212 
-0.017674 0.000174071 0.00293399 
-0.0184123 -0.000763166 0.0030035 
-0.0186266 -0.00178184 0.00294853 
-0.0271904 -0.00447186 0.0042175 
-0.031215 -0.00579512 0.00479471 
-0.0253573 -0.00550382 0.00386059 
-0.0209822 -0.00651688 0.00320842 
-0.0309075 -0.0117001 0.00476795 
-0.0297675 -0.0116077 0.00460428 
-0.0268454 -0.0139634 0.00430182 
-0.0271303 -0.0146403 0.00439304 
-0.0289233 -0.0198268 0.00505961 
-0.0290081 -0.0202208 0.00509859 
-0.0191066 -0.0156122 0.00373834 
-0.0186259 -0.0177881 0.00420668 
-0.0279796 -0.0304053 0.00740151 
-0.029653 -0.0327704 0.00809703 
-0.0208783 -0.0243928 0.00633532 
-0.0241523 -0.0332022 0.00911023 
-0.0251297 -0.0353984 0.00986936 
-0.016376 -0.0252987 0.00737459 
-0.0172976 -0.0334799 0.0104012 
-0.0170624 -0.0333036 0.0103888 
-0.0107644 -0.0261039 0.00890995 
-0.0104913 -0.0267179 0.00928081 
-0.0061197 -0.019589 0.00721404 
-0.00474835 -0.0182155 0.0069412 
-0.00386188 -0.0164684 0.00669923 
-0.00306299 -0.0131644 0.00555887 
-0.00328322 -0.0102336 0.00477383 
-0.00328584 -0.0101686 0.00474646 
-0.00338535 -0.00567548 0.00236912 
-0.00394712 -0.00569603 0.00217395 
-0.00376648 -0.00406049 0.00108597 
-0.00715203 -0.00500734 0.000180482 
-0.00716801 -0.00499967 0.000160089 
-0.00656231 -0.0043848 -0.000742094 
-0.00788202 -0.00532851 -0.00125214 
-0.00650531 -0.00449621 -0.00136474 
-0.00731857 -0.00474416 -0.00304702 
-0.00776154 -0.00486432 -0.00347964 
-0.00519809 -0.00261448 -0.00302565 
-0.00419975 0.000315524 -0.00382871 
-0.00454054 0.00133998 -0.00407084 
-0.00523918 0.00234999 -0.0030299 
-0.0053474 0.00210037 -0.00216388 
-0.00839388 0.000135976 0.000400358 
-0.00942051 -0.000387718 0.000829292 
-0.0079054 -0.00139385 0.001305 
-0.00794297 -0.00186583 0.00213026 
-0.0150077 -0.00277487 0.00473363 
-0.0154584 -0.00276343 0.00490135 
-0.0132969 -0.00114035 0.00441239 
-0.0211752 0.000695764 0.00761768 
-0.0208874 0.00112014 0.0075859 
-0.0269984 0.00609455 0.0103201 
-0.0300286 0.00748293 0.0115411 
-0.0246433 0.00801911 0.00955578 
-0.0362886 0.0163411 0.0143594 
-0.0394751 0.0184927 0.0156122 
-0.0309791 0.0162361 0.012149 
-0.0436039 0.0265815 0.0170019 
-0.0434556 0.0265884 0.0169259 
-0.0423442 0.0276034 0.0156987 
-0.0422426 0.0275862 0.01564 
-0.0380537 0.0258226 0.0133585 
-0.0209447 0.0138847 0.00544434 
-0.0181008 0.0113647 0.00442323 
-0.0261754 0.0144741 0.00585895 
-0.0262371 0.0143997 0.00584283 
-0.0260885 0.0124737 0.00535126 
-0.0264784 0.01254 0.00539789 
-0.0193484 0.00824966 0.00369107 
-0.0253629 0.010009 0.00463401 
-0.0240455 0.00930102 0.00433788 
-0.0166622 0.00576082 0.00284918 
-0.0219268 0.00667547 0.0035203 
-0.0268789 0.00775686 0.00420771 
-0.0235507 0.00653776 0.00361733 
-0.0167771 0.00401926 0.00244296 
-0.0163024 0.00331713 0.00221833 
-0.0164001 0.00273059 0.00208026 
-0.0171391 0.00222029 0.00205387 
-0.0177046 0.00158837 0.0019973 
-0.018025 0.000856116 0.00190144 
-0.0180092 3.90122e-05 0.00176537 
-0.0177234 -0.000834556 0.0016011 
-0.017152 -0.00169808 0.00144333 
-0.0202701 -0.00339315 0.0015794 
-0.0315115 -0.00685207 0.00236888 
-0.0306271 -0.00693578 0.00228436 
-0.0234604 -0.00745772 0.00161133 
-0.0295476 -0.0109027 0.00201612 
-0.0272411 -0.0110682 0.00183973 
-0.0319904 -0.0165853 0.00209422 
-0.0314495 -0.0166076 0.00206446 
-0.0299041 -0.020765 0.00208046 
-0.0323545 -0.0232352 0.00225652 
-0.0237736 -0.0190984 0.00174436 
-0.0197835 -0.0188924 0.00172327 
-0.029617 -0.0321366 0.00307524 
-0.0312674 -0.0345086 0.00335617 
-0.0219923 -0.0256307 0.00264678 
-0.028036 -0.0372492 0.00418078 
-0.0280051 -0.0374207 0.0042232 
-0.017791 -0.0267741 0.0032756 
-0.0193958 -0.0315106 0.00400646 
-0.0158389 -0.0270518 0.00354702 
-0.0124523 -0.0279322 0.00387622 
-0.01229 -0.0278966 0.00387633 
-0.00532885 -0.0169641 0.00240761 
-0.00454915 -0.0202836 0.00280838 
-0.00360004 -0.0181035 0.00248292 
-0.000769713 -0.0148193 0.00169653 
-0.000665648 -0.0147026 0.00164701 
-7.84843e-05 -0.0106383 0.000769194 
-0.000124346 -0.010154 0.00060718 
-0.00115613 -0.00906987 -0.000226514 
-0.00126831 -0.00887431 -0.000301582 
-0.00265218 -0.00531372 -0.00106057 
-0.00392846 -0.00635198 -0.00178075 
-0.00373611 -0.00560866 -0.00189001 
-0.00474025 -0.0055426 -0.00326527 
-0.00490596 -0.00582771 -0.00379771 
-0.00296117 -0.004251 -0.00401534 
-0.00154516 -0.00406601 -0.00671577 
-0.000983536 -0.00353098 -0.00673072 
0.00206859 0.000286936 -0.00620322 
0.00253909 0.0027379 -0.00721248 
0.00193133 0.00365176 -0.00658028 
-0.000219433 0.00238653 -0.00465394 
-0.00198213 0.000688449 -0.00296999 
-0.00403634 -0.00182467 -0.00159939 
-0.00852381 -0.00499969 -0.000982203 
-0.00921533 -0.00547797 -0.000836925 
-0.00716212 -0.00421049 -0.00014786 
-0.00718343 -0.00333339 0.000501596 
-0.00889271 -0.00248712 0.00122973 
-0.011355 -0.00122167 0.00206278 
-0.0234673 0.00150294 0.00545252 
-0.0260539 0.00229618 0.00620155 
-0.0224629 0.00405451 0.00575393 
-0.0386435 0.0115435 0.0104038 
-0.0387593 0.0116563 0.0104439 
-0.0266183 0.0105791 0.00750806 
-0.0439674 0.0216961 0.0125268 
-0.044292 0.0220218 0.0126164 
-0.0352627 0.0198794 0.00994838 
-0.0414661 0.0245092 0.0116482 
-0.0365882 0.022295 0.0102046 
-0.0397086 0.0257797 0.0108669 
-0.0388223 0.0253061 0.0106109 
-0.0241803 0.0155864 0.00426145 
-0.0262712 0.0156181 0.00429892 
-0.025937 0.0153409 0.00422953 
-0.0245797 0.0126013 0.00361292 
-0.024995 0.0126852 0.00364109 
-0.018502 0.00844636 0.00248452 
-0.0241864 0.0102154 0.00306778 
-0.0227916 0.00944545 0.0028505 
-0.0155115 0.00570433 0.00176035 
-0.0220603 0.00723009 0.00233795 
-0.0261415 0.00821831 0.00268449 
-0.0222517 0.00669849 0.00221709 
-0.0163853 0.00430826 0.00149473 
-0.0160303 0.00365087 0.00131142 
-0.0163266 0.00313133 0.00118932 
-0.0172188 0.00269654 0.00111772 
-0.0177516 0.00211874 0.00100414 
-0.018161 0.00144082 0.00086991 
-0.0184268 0.000681765 0.000722282 
-0.0184218 -0.000154421 0.000561147 
-0.0180363 -0.00102788 0.000392704 
-0.0187909 -0.00217996 0.000212243 
-0.0297835 -0.00539687 4.00403e-05 
-0.031932 -0.00621851 -6.72506e-06 
-0.0239481 -0.00580286 -0.000132776 
-0.0339381 -0.0113211 -0.000582 
-0.034132 -0.0115448 -0.000595672 
-0.0259682 -0.0113844 -0.000689126 
-0.0309503 -0.0155091 -0.000944313 
-0.0291164 -0.0160244 -0.000991417 
-0.026503 -0.0175541 -0.00108608 
-0.030489 -0.0229288 -0.00139044 
-0.0271492 -0.0218252 -0.00134349 
-0.0200799 -0.0191519 -0.00112476 
-0.0297762 -0.0322512 -0.00185831 
-0.0314363 -0.0346169 -0.00200413 
-0.0221174 -0.0256744 -0.00152756 
-0.0282902 -0.0372413 -0.00233687 
-0.0282371 -0.0373694 -0.00235487 
-0.017985 -0.026667 -0.00190652 
-0.0197015 -0.0313369 -0.00243553 
-0.015974 -0.0266481 -0.00218584 
-0.0114662 -0.025897 -0.00254779 
-0.0112144 -0.0264909 -0.00269256 
-0.00597536 -0.0178189 -0.00220471 
-0.00456901 -0.0178002 -0.00267774 
-0.00358775 -0.0154922 -0.00255713 
-0.00170992 -0.0131386 -0.00300066 
-0.00164141 -0.0129033 -0.00297542 
-0.00119148 -0.00926021 -0.00323488 
-0.00119024 -0.0092373 -0.00323647 
-0.00138232 -0.00776193 -0.00339759 
-0.00141393 -0.00773615 -0.00343896 
-0.00189552 -0.00720139 -0.00410151 
-0.0019364 -0.00715812 -0.00415656 
-0.00225193 -0.00523868 -0.00452382 
-0.00259621 -0.00600412 -0.00596579 
-0.0018889 -0.00487665 -0.00559343 
0.000691509 -0.00454089 -0.00879483 
0.000948178 -0.00436788 -0.00893265 
0.00427545 -0.00079553 -0.010007 
0.00738218 0.000860407 -0.0138055 
0.00861298 0.00267347 -0.0143925 
0.00903004 0.00492806 -0.015469 
0.00775132 0.00537221 -0.0142042 
0.00427663 0.00401816 -0.0103646 
0.000998208 0.0016589 -0.0110764 
0.000543423 0.00124567 -0.0106165 
-0.00189388 -0.00129677 -0.00504595 
-0.00327074 -0.00278729 -0.00358261 
-0.00440961 -0.00389302 -0.00262357 
-0.00711877 -0.00578008 -0.00256729 
-0.00888679 -0.00675126 -0.00285168 
-0.00791143 -0.00542476 -0.00228342 
-0.00774106 -0.00333656 -0.00133313 
-0.0159302 -0.0039742 -0.000804298 
-0.0161279 -0.00371928 -0.000639684 
-0.0240048 -0.000119764 0.00159975 
-0.0249571 0.00020967 0.00179388 
-0.024984 0.00387773 0.00285969 
-0.0338117 0.00753363 0.00447537 
-0.0317677 0.00823762 0.00444465 
-0.0398401 0.0150987 0.00632112 
-0.0424861 0.0167452 0.00685561 
-0.035661 0.016152 0.00599335 
-0.0423581 0.0210815 0.00723566 
-0.0394647 0.0202591 0.0067954 
-0.0448407 0.0258299 0.00791875 
-0.044851 0.0259528 0.00793317 
-0.0310677 0.0193176 0.00560945 
-0.0331693 0.0211484 0.00595305 
-0.0304576 0.0196891 0.00543926 
-0.0234593 0.0161998 0.00251826 
-0.0236969 0.0151375 0.00236731 
-0.0233258 0.0148209 0.00232054 
-0.0221895 0.0122295 0.00186911 
-0.0222656 0.0122108 0.00186227 
-0.0167144 0.00813462 0.00122641 
-0.0223535 0.0101262 0.00150544 
-0.0207749 0.00921965 0.00137412 
-0.0144755 0.00568428 0.000836654 
-0.0241306 0.00857555 0.00119224 
-0.0241514 0.00855695 0.00118757 
-0.015081 0.00483953 0.0006496 
-0.0154151 0.00439924 0.000530322 
-0.0155031 0.00388912 0.000380088 
-0.0155881 0.00336514 0.00026362 
-0.0166549 0.00302 0.00013132 
-0.0174167 0.00253366 -2.47623e-05 
-0.0182833 0.00196971 -0.000224264 
-0.01801 0.00122653 -0.000350424 
-0.0180873 0.000459523 -0.000520402 
-0.0180628 -0.000364286 -0.000700238 
-0.018039 -0.00125401 -0.000915066 
-0.0187988 -0.00240416 -0.00118166 
-0.0298389 -0.00574163 -0.00224419 
-0.0316471 -0.00647669 -0.00246388 
-0.0241553 -0.00621068 -0.00215463 
-0.0336721 -0.0112469 -0.00348525 
-0.0331501 -0.0113193 -0.00347411 
-0.0325823 -0.0149204 -0.00405711 
-0.032751 -0.0152707 -0.00411824 
-0.0319506 -0.0191794 -0.00466381 
-0.0316972 -0.0193582 -0.00467423 
-0.0322669 -0.0256272 -0.00552441 
-0.0324564 -0.0259143 -0.00557694 
-0.0203211 -0.0191435 -0.0039052 
-0.0284964 -0.0307981 -0.00635556 
-0.0301961 -0.0331592 -0.00693833 
-0.0217699 -0.0251373 -0.00561122 
-0.0278623 -0.0362796 -0.0086892 
-0.0277841 -0.0363741 -0.00874654 
-0.0179642 -0.0262271 -0.00714636 
-0.0197743 -0.030809 -0.00901257 
-0.0161053 -0.0261782 -0.00801695 
-0.012933 -0.0266377 -0.00964724 
-0.0127738 -0.026584 -0.00969653 
-0.0068098 -0.0176432 -0.00799103 
-0.00604681 -0.0163387 -0.00799271 
-0.00466845 -0.0122043 -0.00866275 
-0.00446551 -0.0115066 -0.00850784 
-0.00387388 -0.00603694 -0.00823589 
-0.00395246 -0.00583817 -0.0083728 
-0.00337526 -0.00256572 -0.00616671 
-0.00523549 -0.00235772 -0.00816783 
-0.00516246 -0.00210964 -0.00779489 
-0.0048467 -0.00154034 -0.00614856 
-0.0069455 -0.00256233 -0.00863782 
-0.00656835 -0.00256726 -0.00823841 
-0.00479959 -0.00259027 -0.00652156 
-0.00674428 -0.00463088 -0.00914544 
-0.00666268 -0.00486235 -0.00897443 
-0.00466765 -0.00421438 -0.00580132 
-0.00481588 -0.00439031 -0.00478179 
-0.00564083 -0.0044309 -0.00440001 
-0.00725598 -0.00400893 -0.0040727 
-0.0153159 -0.00512538 -0.00530768 
-0.015436 -0.0049674 -0.00519001 
-0.0225534 -0.00144361 -0.00354279 
-0.0231189 -0.0011866 -0.00345191 
-0.0322918 0.00400394 -0.00184764 
-0.0327315 0.00423966 -0.00178774 
-0.0290209 0.00733535 -0.0001003 
-0.0387302 0.0119656 0.000586164 
-0.0364746 0.012329 0.000865736 
-0.0469403 0.0201653 0.00234734 
-0.047353 0.0205167 0.00241934 
-0.0340518 0.0168649 0.00223093 
-0.0466437 0.025189 0.00357916 
-0.0448614 0.0245366 0.00353179 
-0.027783 0.0169108 0.00255118 
-0.03643 0.0234382 0.00361436 
-0.0345738 0.0224062 0.00346505 
-0.023964 0.0165557 0.00257959 
-0.0238546 0.0135842 1.64309e-05 
-0.0177958 0.00983819 7.93845e-05 
-0.015082 0.00801858 0.000162752 
-0.0145167 0.00693447 4.21298e-05 
-0.0163971 0.00713438 -0.000114827 
-0.0172232 0.00677513 -0.000296874 
-0.0241859 0.00846079 -0.000655337 
-0.0306463 0.0101866 -0.000979624 
-0.0266343 0.0085504 -0.000934016 
-0.020472 0.0056389 -0.000870682 
-0.0274229 0.00692599 -0.00123419 
-0.0257801 0.00632587 -0.0011934 
-0.0169025 0.00351897 -0.000944135 
-0.0162298 0.00275784 -0.00100201 
-0.0184147 0.0024136 -0.00132955 
-0.0293854 0.00281184 -0.00240938 
-0.0293543 0.00277316 -0.00241473 
-0.0171177 0.000999274 -0.00151503 
-0.0158773 0.000212438 -0.00156578 
-0.0159563 -0.000512313 -0.00174344 
-0.0234697 -0.00205962 -0.00289005 
-0.027296 -0.00284688 -0.00349565 
-0.0225897 -0.00290836 -0.00305427 
-0.0226838 -0.00462838 -0.0034504 
-0.0277914 -0.00649979 -0.00447699 
-0.0257532 -0.00691519 -0.00442978 
-0.0293999 -0.0099335 -0.00563957 
-0.0295791 -0.0107134 -0.00588691 
-0.0303548 -0.0136671 -0.00679674 
-0.0308404 -0.0148043 -0.00715056 
-0.0254583 -0.0146412 -0.00655893 
-0.033517 -0.0225708 -0.00956859 
-0.0325538 -0.0224698 -0.00944802 
-0.0203576 -0.0166701 -0.00682171 
-0.0196118 -0.018791 -0.00757485 
-0.0261771 -0.028848 -0.0120327 
-0.0291266 -0.0332552 -0.0141211 
-0.0227553 -0.027439 -0.0119455 
-0.0170205 -0.0245212 -0.0116328 
-0.0191695 -0.0294082 -0.0149381 
-0.0159853 -0.0254681 -0.0135762 
-0.0132541 -0.025819 -0.0161815 
-0.0130615 -0.02559 -0.0161558 
-0.00872936 -0.0186514 -0.015895 
-0.00864679 -0.0184404 -0.0159219 
-0.00508331 -0.00809276 -0.0112374 
-0.00621811 -0.00748172 -0.0148754 
-0.00562903 -0.00615695 -0.0136688 
-0.00556593 -0.00318774 -0.0140011 
-0.00558065 -0.00310376 -0.0140048 
-0.00521339 -0.00143249 -0.0112568 
-0.00590117 -0.00152124 -0.0123577 
-0.00477668 -0.00131847 -0.00965517 
-0.00408768 -0.00153075 -0.00814299 
-0.00375158 -0.00206373 -0.00793062 
-0.00605121 -0.00561986 -0.0131066 
-0.00612322 -0.00574267 -0.0132119 
-0.00437526 -0.00444082 -0.00796458 
-0.0050217 -0.00445877 -0.00726252 
-0.00638922 -0.00410826 -0.00702129 
-0.00878734 -0.00336837 -0.00693146 
-0.0189079 -0.00367678 -0.0103329 
-0.019099 -0.00351288 -0.0101979 
-0.0265145 0.00010407 -0.00876334 
-0.027027 0.000363326 -0.00870342 
-0.0351288 0.00542309 -0.00725961 
-0.0370431 0.00614343 -0.00736711 
-0.0279346 0.00663735 -0.00430506 
-0.0433908 0.0144388 -0.00451784 
-0.0450306 0.0153998 -0.00450628 
-0.0324341 0.012892 -0.00244036 
-0.0452056 0.0213996 -0.0020535 
-0.0464733 0.0223508 -0.00196602 
-0.0341084 0.017808 -0.000870276 
-0.0357985 0.0196349 -0.00055279 
-0.0336747 0.0188356 -0.000295371 
-0.020071 0.0123524 -0.00160794 
-0.0264817 0.014749 -0.00190503 
-0.0271692 0.0149443 -0.00194265 
-0.0176348 0.00902794 -0.00125328 
-0.0147933 0.00688303 -0.0010698 
-0.0231121 0.00961502 -0.00187352 
-0.0258256 0.0104862 -0.00215907 
-0.020909 0.00805849 -0.00186841 
-0.0213033 0.00716906 -0.00217239 
-0.0360975 0.0112976 -0.00396704 
-0.0389097 0.0118896 -0.00440706 
-0.0368689 0.0108644 -0.00430789 
-0.0258353 0.00711197 -0.00316318 
-0.0213211 0.0048984 -0.00275818 
-0.0281932 0.0058314 -0.00372165 
-0.026396 0.00526677 -0.00351483 
-0.0169283 0.00272771 -0.00239589 
-0.0172991 0.00205486 -0.00253915 
-0.0279854 0.00234097 -0.00431219 
-0.027942 0.00230325 -0.00431076 
-0.0162805 0.00075177 -0.00260305 
-0.0150477 1.30718e-05 -0.00256363 
-0.014882 -0.000656629 -0.00269308 
-0.0159101 -0.00153041 -0.00306495 
-0.0262264 -0.00378278 -0.00545978 
-0.0262171 -0.00382559 -0.00547336 
-0.0152735 -0.0030002 -0.00336771 
-0.0246868 -0.00688458 -0.00611904 
-0.0250307 -0.0070982 -0.00624965 
-0.0272744 -0.0100699 -0.00767921 
-0.0273193 -0.0102494 -0.00775101 
-0.0291443 -0.0140443 -0.00937607 
-0.0291224 -0.0141501 -0.00940846 
-0.0293429 -0.0182524 -0.0108836 
-0.0295696 -0.0185747 -0.0110256 
-0.0180094 -0.0136642 -0.00751254 
-0.0178004 -0.0158367 -0.00852837 
-0.0176173 -0.0179888 -0.00968249 
-0.0168583 -0.0196581 -0.0108047 
-0.0190014 -0.0256483 -0.0148019 
-0.0218969 -0.0309787 -0.0186783 
-0.0180943 -0.0265751 -0.0165804 
-0.0160695 -0.0285038 -0.0199144 
-0.0161784 -0.0294861 -0.0210385 
-0.0103948 -0.0213665 -0.0169456 
-0.00929265 -0.0208646 -0.0189469 
-0.00840094 -0.0194207 -0.0197502 
-0.00606889 -0.0138431 -0.0162181 
-0.00590429 -0.00920337 -0.0177365 
-0.00681718 -0.0090803 -0.0210096 
-0.00543398 -0.00612704 -0.0170477 
-0.00594306 -0.00310804 -0.0189478 
-0.00616711 -0.00301775 -0.0196254 
-0.00420745 -0.00137702 -0.0128707 
-0.00407935 -0.00107904 -0.0119002 
-0.00408762 -0.00148785 -0.0115378 
-0.0041469 -0.00220169 -0.0110411 
-0.00467219 -0.00262274 -0.0111383 
-0.00805325 -0.00365601 -0.0155482 
-0.0104139 -0.00435708 -0.0182387 
-0.00950808 -0.00358723 -0.014958 
-0.014372 -0.00305737 -0.0147471 
-0.0157581 -0.00294286 -0.014972 
-0.0233906 -0.00175323 -0.0158997 
-0.0235036 -0.00154868 -0.01557 
-0.0319726 0.00201586 -0.0147939 
-0.0325996 0.00220835 -0.0148926 
-0.0299169 0.00490854 -0.0104335 
-0.0391311 0.00814198 -0.0120263 
-0.0356784 0.00829754 -0.0102329 
-0.0296366 0.00937597 -0.00684437 
-0.0485908 0.0184555 -0.00945959 
-0.0485798 0.0185441 -0.00940182 
-0.0301763 0.0132443 -0.0048849 
-0.0284896 0.0144419 -0.00380199 
-0.0411065 0.022888 -0.00454111 
-0.0408995 0.022832 -0.00449465 
-0.0236035 0.0142706 -0.00215908 
-0.0213383 0.0127831 -0.00361691 
-0.0196444 0.0108989 -0.00301841 
-0.0234281 0.012286 -0.00354316 
-0.0201143 0.0102405 -0.00302232 
-0.01696 0.00775727 -0.00241829 
-0.0168394 0.00756717 -0.00240725 
-0.0126069 0.00510511 -0.00190193 
-0.0189255 0.00687327 -0.00319638 
-0.0268973 0.00927063 -0.00484264 
-0.0256393 0.00862455 -0.00473109 
-0.0200705 0.00593115 -0.00402347 
-0.0304287 0.00780215 -0.006489 
-0.0309329 0.00778622 -0.00663119 
-0.0201664 0.0045127 -0.0043634 
-0.0231992 0.00419281 -0.00514648 
-0.027815 0.00457449 -0.00622881 
-0.0239235 0.00366065 -0.00537909 
-0.0160581 0.00178219 -0.00373379 
-0.0157099 0.00112246 -0.00372839 
-0.0148849 0.000437411 -0.00366167 
-0.0148546 -0.000211859 -0.00382465 
-0.0145871 -0.000881402 -0.0039172 
-0.0138239 -0.00150602 -0.00388455 
-0.0231102 -0.00411737 -0.00724143 
-0.0248404 -0.00468117 -0.00792057 
-0.0203981 -0.00490265 -0.00700144 
-0.0252778 -0.00746626 -0.00935419 
-0.0250129 -0.00800754 -0.00956365 
-0.0261487 -0.0104235 -0.0110274 
-0.0264694 -0.0112724 -0.0115105 
-0.0250747 -0.0130235 -0.0120307 
-0.0273656 -0.0156141 -0.0138074 
-0.022868 -0.0145127 -0.0122593 
-0.0286035 -0.0226095 -0.0174703 
-0.0285108 -0.0227965 -0.0175292 
-0.0169754 -0.0164452 -0.0119966 
-0.0154151 -0.0182919 -0.0127724 
-0.0139 -0.0198388 -0.0136966 
-0.0119621 -0.0205305 -0.0144559 
-0.0109878 -0.0237884 -0.0174228 
-0.0133537 -0.0338295 -0.0258878 
-0.0123423 -0.0323357 -0.0249797 
-0.0061568 -0.0235374 -0.0196338 
-0.00593376 -0.0271937 -0.0240503 
-0.00448516 -0.0241413 -0.0226731 
-0.00270641 -0.0186906 -0.0202437 
-0.0025953 -0.0202777 -0.0262362 
-0.00237406 -0.0184101 -0.024984 
-0.00194945 -0.00848998 -0.0167144 
-0.00251332 -0.00550102 -0.0172083 
-0.0046356 -0.00536293 -0.027395 
-0.00465083 -0.00527951 -0.0274014 
-0.00306312 -0.00213058 -0.016911 
-0.00415544 -0.00160097 -0.0197162 
-0.00442086 -0.00156403 -0.0195463 
-0.00580788 -0.00223189 -0.02125 
-0.00719314 -0.00293698 -0.0252107 
-0.00633446 -0.00271702 -0.0210951 
-0.00562349 -0.00227472 -0.0152582 
-0.00703217 -0.00221106 -0.0149887 
-0.0131912 -0.00280416 -0.0203664 
-0.0164282 -0.0030359 -0.0228866 
-0.015843 -0.00214118 -0.0186235 
-0.0263241 -0.00126488 -0.0229732 
-0.0269521 -0.00107758 -0.0229058 
-0.0224777 0.000758684 -0.0152921 
-0.0379626 0.00346796 -0.0218834 
-0.0378825 0.00364927 -0.0215661 
-0.0257886 0.00401862 -0.01294 
-0.0256772 0.00572746 -0.0113053 
-0.0348387 0.0105871 -0.0129785 
-0.043963 0.0146555 -0.0152077 
-0.0385296 0.013647 -0.0126531 
-0.0307765 0.0131516 -0.00843114 
-0.0391141 0.0179326 -0.00974095 
-0.0353679 0.0166097 -0.00850913 
-0.0216408 0.0114469 -0.00443592 
-0.0232409 0.0136057 -0.00418643 
-0.0221488 0.0201502 -0.00634895 
-0.0130273 0.0108335 -0.00323947 
-0.0157846 0.0118134 -0.00345989 
-0.015838 0.0115907 -0.00344043 
-0.0165567 0.0105636 -0.00357001 
-0.0165607 0.0103919 -0.00358071 
-0.0121981 0.00688514 -0.00276828 
-0.0137246 0.00697071 -0.00324341 
-0.0157295 0.00710598 -0.00401097 
-0.0268092 0.0109894 -0.0071813 
-0.0268368 0.0109656 -0.00719433 
-0.0169995 0.00624044 -0.00464593 
-0.0167249 0.00542933 -0.00472989 
-0.0169085 0.00480227 -0.00493802 
-0.019322 0.00471492 -0.00584592 
-0.030155 0.00632439 -0.00957663 
-0.0301461 0.00628884 -0.00958408 
-0.0185244 0.00324465 -0.00595154 
-0.0172196 0.00232164 -0.00578907 
-0.0167577 0.00160847 -0.00584255 
-0.0163412 0.000888082 -0.0058027 
-0.0162866 0.000182384 -0.00595138 
-0.0159593 -0.000548421 -0.00608125 
-0.0179467 -0.00166653 -0.00740319 
-0.0290257 -0.00405554 -0.012713 
-0.0287011 -0.00413879 -0.0126433 
-0.0189369 -0.00412217 -0.00903638 
-0.0293859 -0.00823062 -0.0149616 
-0.0287919 -0.00820587 -0.0147341 
-0.0279653 -0.0109978 -0.0160532 
-0.0281215 -0.011242 -0.0162535 
-0.0277684 -0.0144725 -0.018133 
-0.0276602 -0.0146486 -0.018199 
-0.0270288 -0.0186498 -0.0202993 
-0.0270404 -0.0188252 -0.0204046 
-0.0206226 -0.0184987 -0.0182262 
-0.0230454 -0.0224369 -0.0214017 
-0.0179436 -0.019541 -0.0178448 
-0.0127255 -0.0173846 -0.0152073 
-0.0114864 -0.0188773 -0.0167855 
-0.0157074 -0.0308385 -0.0290157 
-0.0155878 -0.0308903 -0.0292052 
-0.00964105 -0.0224977 -0.0238232 
-0.00977133 -0.0247063 -0.0281356 
-0.00856831 -0.0230482 -0.0287099 
-0.00656074 -0.0181228 -0.0251251 
-0.00652144 -0.0181214 -0.0320755 
-0.0062919 -0.0174597 -0.0315477 
-0.0042603 -0.00964164 -0.0260474 
-0.00528799 -0.0104331 -0.0331989 
-0.00462171 -0.00809364 -0.0291677 
-0.00348613 -0.00330861 -0.020364 
-0.00487915 -0.00237134 -0.0255406 
-0.00543455 -0.00221029 -0.0268068 
-0.00698706 -0.00238978 -0.0299213 
-0.00697226 -0.00236199 -0.0289936 
-0.00560966 -0.00181141 -0.0192222 
-0.00688129 -0.00193235 -0.0187009 
-0.012589 -0.0028438 -0.0259003 
-0.0141642 -0.00299282 -0.0272268 
-0.0170035 -0.00267129 -0.0261027 
-0.0186124 -0.00245017 -0.0260793 
-0.0234017 -0.00157516 -0.0263543 
-0.0234983 -0.00114686 -0.0249725 
-0.0221865 0.000427559 -0.0198386 
-0.0352905 0.00245861 -0.0277502 
-0.0345345 0.00271855 -0.0265668 
-0.0231368 0.00351356 -0.015209 
-0.032318 0.00732294 -0.0184402 
-0.0416365 0.0106823 -0.0224129 
-0.0385954 0.0106897 -0.0200954 
-0.0428606 0.0151361 -0.0205967 
-0.0438091 0.015934 -0.0208787 
-0.0303159 0.0123966 -0.0139751 
-0.0228699 0.0113734 -0.00986518 
-0.0214941 0.0124944 -0.00872247 
-0.0200285 0.0133765 -0.00763097 
-0.0181799 0.0137857 -0.00648311 
-0.0165858 0.0141258 -0.00546299 
-0.0223403 0.0203492 -0.0064928 
-0.0191822 0.00971428 -0.00789844 
-0.0139464 0.00688481 -0.00506379 
-0.0162599 0.00721688 -0.00574474 
-0.0221813 0.00910235 -0.00781903 
-0.0209297 0.00837953 -0.00738426 
-0.0143924 0.00507985 -0.0052431 
-0.0186703 0.0057148 -0.00695034 
-0.0229799 0.00663378 -0.00859679 
-0.0201477 0.00557734 -0.00757567 
-0.0143348 0.00336981 -0.00554799 
-0.0144125 0.0028711 -0.00570666 
-0.0137172 0.00220569 -0.00552447 
-0.0141626 0.00174156 -0.00587909 
-0.0145121 0.00121134 -0.00622468 
-0.0147123 0.000619065 -0.00650782 
-0.0147472 -3.45078e-05 -0.00676148 
-0.0148141 -0.000756075 -0.00713902 
-0.0257408 -0.00279913 -0.013517 
-0.0257823 -0.00286437 -0.0135899 
-0.0268465 -0.00482907 -0.0160062 
-0.0269061 -0.00496311 -0.016178 
-0.0274518 -0.00722724 -0.0186852 
-0.0274831 -0.00739469 -0.0188709 
-0.027097 -0.00991359 -0.0210751 
-0.0269148 -0.0100265 -0.0210882 
-0.0263813 -0.0131538 -0.0236701 
-0.0263055 -0.0132378 -0.0237104 
-0.0244477 -0.0163446 -0.025614 
-0.0243673 -0.0164292 -0.0256415 
-0.0206685 -0.0188765 -0.0255375 
-0.0220482 -0.0209142 -0.0279417 
-0.0149925 -0.0162841 -0.0209917 
-0.012093 -0.0164482 -0.0211428 
-0.0158376 -0.0234503 -0.0322233 
-0.0147861 -0.0221382 -0.0309116 
-0.0124468 -0.0194083 -0.0337482 
-0.0125363 -0.019515 -0.0345562 
-0.00798905 -0.0116061 -0.0262849 
-0.00977053 -0.012887 -0.036407 
-0.00912286 -0.0116259 -0.0348599 
-0.00594021 -0.00533185 -0.0240025 
-0.00962462 -0.00552314 -0.0371968 
-0.00961213 -0.00540609 -0.0369362 
-0.00976191 -0.00378547 -0.0297488 
-0.0116843 -0.00413845 -0.0333489 
-0.0108321 -0.0033013 -0.0274192 
-0.0158774 -0.00374057 -0.032844 
-0.0169474 -0.00376502 -0.0337468 
-0.0140545 -0.00247563 -0.0247122 
-0.0225004 -0.00259737 -0.0331234 
-0.0226564 -0.00248422 -0.0328186 
-0.0164657 -0.0008334 -0.0206014 
-0.0185543 4.45311e-05 -0.0210375 
-0.0327585 0.00204002 -0.0326502 
-0.0328125 0.00211102 -0.0325734 
-0.0216245 0.0027937 -0.0190891 
-0.0224436 0.00451573 -0.0175042 
-0.0326748 0.00894139 -0.0227208 
-0.0372063 0.0109404 -0.0249431 
-0.030195 0.00975113 -0.0191346 
-0.0239301 0.00944645 -0.0134395 
-0.0329778 0.0143199 -0.0167622 
-0.0316272 0.0139161 -0.0158231 
-0.0206864 0.0102104 -0.00905159 
-0.020782 0.00886888 -0.0117327 
-0.0187326 0.00763537 -0.00947986 
-0.0191028 0.00751398 -0.00940778 
-0.0201693 0.00712543 -0.00963508 
-0.0194709 0.00671872 -0.00928587 
-0.0131659 0.00397066 -0.00634892 
-0.016994 0.00437292 -0.00830957 
-0.0206561 0.00496614 -0.0101264 
-0.0180288 0.00412329 -0.00884566 
-0.012864 0.00240739 -0.00644492 
-0.0124134 0.00186864 -0.00634815 
-0.0120246 0.00133206 -0.00616968 
-0.0123421 0.000881429 -0.00647558 
-0.0124055 0.000364346 -0.00668912 
-0.0123821 -0.000194287 -0.00688822 
-0.0124893 -0.000815301 -0.00727405 
-0.0216309 -0.00265753 -0.0135548 
-0.0216388 -0.00270837 -0.0136105 
-0.0233057 -0.0045458 -0.0164989 
-0.0233774 -0.00461474 -0.016618 
-0.0202518 -0.00542359 -0.0165794 
-0.0233515 -0.00683582 -0.0200088 
-0.019084 -0.00625544 -0.0173968 
-0.0166685 -0.00668508 -0.0179514 
-0.0236389 -0.0110004 -0.0282129 
-0.0226825 -0.0108496 -0.0276449 
-0.013379 -0.00759692 -0.0192751 
-0.0118129 -0.00778324 -0.0203782 
-0.010758 -0.00810934 -0.0226746 
-0.0153716 -0.0124338 -0.0397968 
-0.0155157 -0.0124691 -0.0404493 
-0.0149189 -0.0095563 -0.0402223 
-0.0146336 -0.00921948 -0.0393809 
-0.0159617 -0.00670939 -0.0360689 
-0.0160558 -0.00666266 -0.0360678 
-0.0171025 -0.0048329 -0.0322778 
-0.0187251 -0.0049712 -0.0344964 
-0.0143322 -0.00305075 -0.0245042 
-0.0140059 -0.00198186 -0.0220987 
-0.0245298 -0.00213581 -0.0350623 
-0.0245774 -0.00209758 -0.0350244 
-0.0159163 -0.000603044 -0.0210458 
-0.0159009 0.000374214 -0.0188038 
-0.0174496 0.00129904 -0.0191676 
-0.0193851 0.00254561 -0.0198879 
-0.0323193 0.00612282 -0.0298354 
-0.0323478 0.00618847 -0.0297702 
-0.0207455 0.00517551 -0.0174742 
-0.019297 0.00610106 -0.0145627 
-0.0279942 0.010559 -0.0190623 
-0.0288004 0.0111117 -0.0191866 
-0.0233396 0.00977129 -0.0138441 
-0.0261702 0.0100771 -0.0163334 
-0.0252855 0.00970744 -0.0157319 
-0.0172915 0.00567316 -0.0102756 
-0.0179052 0.00577017 -0.0106251 
-0.0121899 0.00356915 -0.00719784 
-0.0107935 0.00271914 -0.00652148 
-0.0115466 0.00242315 -0.0070296 
-0.0184046 0.00322172 -0.0114692 
-0.0184018 0.00320142 -0.0114683 
-0.0111021 0.00156001 -0.00686665 
-0.0102332 0.00101688 -0.00647915 
-0.00996665 0.00058803 -0.00633782 
-0.00982132 0.000166774 -0.00628625 
-0.00960833 -0.000265241 -0.00629639 
-0.0125865 -0.00107477 -0.00884008 
-0.0141616 -0.00153123 -0.0103678 
-0.0188214 -0.00284182 -0.0152029 
-0.018658 -0.00291803 -0.0153017 
-0.013185 -0.00246289 -0.0123474 
-0.0201602 -0.00398859 -0.021512 
-0.0199443 -0.00390509 -0.0215742 
-0.0223364 -0.00328969 -0.0270734 
-0.022493 -0.00328915 -0.0273087 
-0.0142466 -0.00149825 -0.0180323 
-0.013696 -0.000693437 -0.0169698 
-0.0140732 -4.36161e-05 -0.0169075 
-0.0144353 0.000616015 -0.0167193 
-0.0148241 0.00132367 -0.0164503 
-0.0152396 0.00209593 -0.0161451 
-0.017 0.0032525 -0.0170018 
-0.0267131 0.00645195 -0.0244569 
-0.0266857 0.00649214 -0.024362 
-0.0160926 0.00470836 -0.0137162 
-0.0172618 0.00608459 -0.0130682 
-0.0183607 0.00676838 -0.0130784 
-0.0260231 0.010002 -0.016454 
