-1.9494 -0.110102 0.465777 
-1.9506 -0.110667 0.46573 
-1.95145 -0.111799 0.465757 
-1.9519 -0.112948 0.46577 
-1.95198 -0.114113 0.465766 
-1.9516 -0.11529 0.465753 
-1.95123 -0.115766 0.465748 
-1.95043 -0.116501 0.465729 
-1.94985 -0.116902 0.465709 
-1.94837 -0.11735 0.465698 
-1.94679 -0.11747 0.465691 
-1.94529 -0.116761 0.465761 
-1.94523 -0.116723 0.465764 
-1.94401 -0.115686 0.465821 
-1.94432 -0.114551 0.465918 
-1.94516 -0.113919 0.465981 
-1.94605 -0.113345 0.466023 
-1.94665 -0.112947 0.466037 
-1.94791 -0.112128 0.466025 
-1.94794 -0.11209 0.466023 
-1.9487 -0.110949 0.465927 
-1.9488 -0.110835 0.46591 
-1.9532 -0.111991 0.464992 
-1.95442 -0.111939 0.464903 
-1.95541 -0.111799 0.464765 
-1.95589 -0.112115 0.464721 
-1.95678 -0.112967 0.46461 
-1.95696 -0.113166 0.464579 
-1.95743 -0.11427 0.464475 
-1.95729 -0.115441 0.464468 
-1.95718 -0.11565 0.464483 
-1.95644 -0.116674 0.464522 
-1.9562 -0.116933 0.464526 
-1.95506 -0.117537 0.464588 
-1.95377 -0.117918 0.464634 
-1.95271 -0.118085 0.464653 
-1.95233 -0.11814 0.464656 
-1.95222 -0.118112 0.464664 
-1.95088 -0.117875 0.464713 
-1.94938 -0.117131 0.464788 
-1.9495 -0.116014 0.464911 
-1.95023 -0.114859 0.465014 
-1.95096 -0.113989 0.46506 
-1.95126 -0.113662 0.46507 
-1.95217 -0.112825 0.465062 
-1.95272 -0.11241 0.465035 
-1.95703 -0.11238 0.463943 
-1.9579 -0.111696 0.463821 
-1.9589 -0.111574 0.463684 
-1.96014 -0.112388 0.463565 
-1.96026 -0.112483 0.463548 
-1.96126 -0.11329 0.463329 
-1.96134 -0.113383 0.463306 
-1.96182 -0.114466 0.463151 
-1.96162 -0.115624 0.463222 
-1.96161 -0.11568 0.463225 
-1.96088 -0.116895 0.463326 
-1.96085 -0.116933 0.463329 
-1.95976 -0.118131 0.46334 
-1.95875 -0.118241 0.463477 
-1.95767 -0.117988 0.463626 
-1.95645 -0.11738 0.463773 
-1.95641 -0.117348 0.463779 
-1.95537 -0.116286 0.463906 
-1.9557 -0.115137 0.463986 
-1.9563 -0.114106 0.464011 
-1.95638 -0.11394 0.46401 
-1.9568 -0.112735 0.463974 
-1.95922 -0.109226 0.462401 
-1.96029 -0.109182 0.462272 
-1.9605 -0.109278 0.462268 
-1.96186 -0.109888 0.4622 
-1.96265 -0.110272 0.462115 
-1.96323 -0.110705 0.462072 
-1.96388 -0.111352 0.462035 
-1.96468 -0.112465 0.461992 
-1.96516 -0.113609 0.461983 
-1.96542 -0.114759 0.461951 
-1.96544 -0.115913 0.46191 
-1.96527 -0.117053 0.461821 
-1.96477 -0.118225 0.461756 
-1.9646 -0.118494 0.461747 
-1.96395 -0.119403 0.46168 
-1.96301 -0.120372 0.461597 
-1.96276 -0.120585 0.461579 
-1.9613 -0.12175 0.4614 
-1.96101 -0.121932 0.461373 
-1.95912 -0.122906 0.461223 
-1.95792 -0.122998 0.461317 
-1.95785 -0.122044 0.461692 
-1.95782 -0.121769 0.461786 
-1.95764 -0.121021 0.462011 
-1.95793 -0.119953 0.462268 
-1.95843 -0.118855 0.462482 
-1.95901 -0.117727 0.462653 
-1.95959 -0.116584 0.462774 
-1.96007 -0.116077 0.462808 
-1.96065 -0.115388 0.462833 
-1.96095 -0.114201 0.462846 
-1.96094 -0.113614 0.462834 
-1.96088 -0.113019 0.462813 
-1.96009 -0.111865 0.462764 
-1.95926 -0.110684 0.462662 
-1.95916 -0.109425 0.462448 
-1.96235 -0.10946 0.461182 
-1.96317 -0.10916 0.461016 
-1.96417 -0.109227 0.460862 
-1.96461 -0.109434 0.460836 
-1.96555 -0.109899 0.460745 
-1.96636 -0.110435 0.460649 
-1.96683 -0.110816 0.460586 
-1.96749 -0.111483 0.460483 
-1.96806 -0.112236 0.460373 
-1.96825 -0.112541 0.460311 
-1.96873 -0.113623 0.460162 
-1.969 -0.114741 0.460056 
-1.96907 -0.115876 0.459977 
-1.96894 -0.117001 0.459858 
-1.96862 -0.118187 0.459834 
-1.96833 -0.118849 0.459883 
-1.968 -0.119419 0.459897 
-1.96727 -0.120413 0.459885 
-1.96708 -0.120629 0.459879 
-1.96585 -0.121821 0.45978 
-1.96572 -0.121933 0.459774 
-1.9647 -0.122467 0.459875 
-1.96353 -0.12292 0.459946 
-1.96238 -0.123165 0.460035 
-1.96148 -0.122975 0.460226 
-1.96109 -0.122364 0.460481 
-1.96108 -0.122004 0.4606 
-1.96109 -0.12133 0.460799 
-1.96134 -0.120263 0.461059 
-1.96282 -0.119159 0.461258 
-1.96288 -0.119111 0.461264 
-1.96329 -0.117988 0.461433 
-1.96332 -0.116869 0.461559 
-1.96327 -0.116779 0.461567 
-1.96276 -0.11576 0.461643 
-1.96245 -0.114612 0.461677 
-1.96197 -0.113457 0.461668 
-1.96132 -0.112291 0.461611 
-1.96087 -0.111089 0.461504 
-1.96092 -0.110972 0.461492 
-1.96165 -0.110105 0.46135 
-1.96208 -0.109751 0.461264 
-1.95852 -0.107741 0.459625 
-1.95921 -0.106977 0.459469 
-1.96028 -0.106649 0.459364 
-1.96181 -0.106785 0.459327 
-1.96326 -0.107009 0.459267 
-1.96432 -0.10741 0.459276 
-1.96514 -0.107744 0.459269 
-1.96658 -0.108315 0.459175 
-1.96675 -0.108413 0.45917 
-1.96819 -0.109302 0.459087 
-1.96841 -0.109455 0.459065 
-1.96961 -0.110535 0.458987 
-1.96984 -0.110785 0.458967 
-1.97052 -0.111627 0.458892 
-1.9711 -0.112566 0.458731 
-1.97116 -0.112681 0.458698 
-1.97158 -0.113773 0.45856 
-1.97178 -0.114859 0.458371 
-1.97183 -0.115982 0.458264 
-1.97171 -0.117107 0.458142 
-1.9714 -0.118227 0.457973 
-1.97089 -0.119328 0.457761 
-1.97021 -0.12043 0.457532 
-1.96938 -0.12158 0.457381 
-1.96861 -0.122485 0.457303 
-1.96835 -0.122759 0.457283 
-1.96743 -0.123635 0.457313 
-1.96682 -0.124077 0.457518 
-1.96676 -0.124121 0.457526 
-1.96587 -0.124614 0.457631 
-1.96514 -0.124817 0.45783 
-1.96436 -0.124912 0.458021 
-1.9636 -0.124835 0.458235 
-1.96331 -0.124671 0.458372 
-1.96294 -0.124514 0.458492 
-1.96141 -0.124706 0.458498 
-1.95991 -0.124715 0.458524 
-1.95866 -0.124351 0.458645 
-1.95808 -0.123915 0.458767 
-1.95759 -0.123593 0.458841 
-1.95605 -0.123008 0.458909 
-1.95593 -0.122913 0.458925 
-1.95546 -0.121849 0.45913 
-1.95503 -0.121362 0.459191 
-1.95443 -0.120777 0.459246 
-1.95536 -0.119676 0.459497 
-1.95606 -0.119115 0.45963 
-1.95667 -0.118551 0.459746 
-1.95666 -0.11743 0.459863 
-1.95659 -0.116297 0.459941 
-1.95681 -0.115142 0.460015 
-1.95741 -0.113972 0.460082 
-1.95762 -0.113457 0.460096 
-1.95783 -0.112788 0.460099 
-1.95756 -0.111594 0.460035 
-1.95779 -0.11066 0.459983 
-1.95784 -0.110378 0.459961 
-1.95802 -0.109142 0.459833 
-1.9581 -0.108954 0.45981 
-1.95851 -0.107866 0.459648 
-1.96065 -0.106428 0.45791 
-1.96204 -0.106337 0.457861 
-1.96321 -0.106209 0.457762 
-1.96436 -0.106192 0.457648 
-1.96512 -0.106476 0.45767 
-1.96641 -0.10697 0.457683 
-1.96773 -0.107372 0.457575 
-1.96792 -0.107471 0.457576 
-1.96968 -0.108561 0.457586 
-1.96984 -0.108659 0.457579 
-1.97116 -0.109614 0.45748 
-1.97143 -0.109867 0.45747 
-1.97226 -0.110703 0.457409 
-1.97311 -0.111825 0.45737 
-1.97327 -0.112064 0.457329 
-1.97371 -0.112886 0.457183 
-1.9741 -0.113978 0.457041 
-1.97437 -0.115139 0.457022 
-1.97439 -0.115671 0.456906 
-1.97435 -0.116203 0.456771 
-1.97416 -0.117291 0.45656 
-1.97385 -0.118411 0.456391 
-1.97335 -0.119518 0.456189 
-1.97271 -0.120643 0.45601 
-1.97239 -0.121159 0.455972 
-1.97192 -0.121812 0.455901 
-1.97092 -0.122997 0.455817 
-1.97082 -0.123111 0.45582 
-1.97003 -0.123899 0.455955 
-1.96952 -0.124311 0.455972 
-1.96882 -0.124798 0.455977 
-1.96799 -0.125226 0.456129 
-1.96707 -0.125558 0.456272 
-1.96615 -0.125743 0.456424 
-1.96514 -0.125852 0.456561 
-1.96431 -0.12569 0.456767 
-1.96328 -0.125519 0.456922 
-1.96172 -0.125575 0.456931 
-1.96095 -0.12521 0.457071 
-1.96069 -0.125068 0.457117 
-1.9596 -0.124384 0.457304 
-1.95946 -0.124228 0.457343 
-1.95855 -0.12336 0.457527 
-1.95837 -0.1232 0.457554 
-1.95717 -0.122245 0.457677 
-1.95701 -0.122142 0.457686 
-1.95677 -0.121061 0.457865 
-1.95644 -0.119967 0.458006 
-1.95659 -0.118851 0.458162 
-1.95641 -0.11773 0.458257 
-1.95633 -0.117661 0.458256 
-1.9552 -0.116602 0.45823 
-1.95545 -0.11545 0.458314 
-1.95582 -0.114945 0.458367 
-1.9562 -0.114288 0.458415 
-1.95628 -0.113117 0.458424 
-1.95638 -0.111925 0.458404 
-1.95653 -0.111813 0.458411 
-1.95773 -0.110705 0.458441 
-1.95784 -0.110591 0.458439 
-1.95869 -0.109463 0.458385 
-1.95876 -0.109347 0.458377 
-1.95949 -0.108224 0.458257 
-1.95952 -0.108191 0.458252 
-1.96011 -0.107259 0.458097 
-1.96044 -0.106864 0.458015 
-1.96085 -0.106434 0.456395 
-1.96185 -0.105957 0.456284 
-1.96335 -0.105941 0.456256 
-1.96491 -0.106072 0.456226 
-1.96625 -0.106186 0.456147 
-1.96786 -0.106647 0.456122 
-1.96795 -0.106678 0.456121 
-1.96999 -0.107613 0.456134 
-1.97019 -0.107717 0.456136 
-1.97171 -0.108549 0.456077 
-1.97206 -0.108761 0.45605 
-1.97318 -0.109565 0.455952 
-1.97348 -0.109805 0.455917 
-1.97454 -0.11089 0.45583 
-1.97474 -0.111138 0.4558 
-1.97533 -0.111969 0.455687 
-1.97593 -0.11309 0.455627 
-1.97616 -0.1137 0.455532 
-1.97628 -0.114166 0.455443 
-1.97649 -0.115288 0.45533 
-1.97654 -0.11641 0.45521 
-1.97628 -0.117465 0.454917 
-1.97596 -0.118584 0.454744 
-1.97545 -0.119688 0.454532 
-1.97476 -0.120779 0.454275 
-1.97394 -0.121904 0.454066 
-1.97295 -0.123023 0.453842 
-1.97244 -0.123628 0.453819 
-1.97186 -0.124222 0.45378 
-1.97104 -0.12498 0.453759 
-1.9707 -0.125349 0.454034 
-1.9703 -0.125631 0.454109 
-1.96985 -0.125905 0.454174 
-1.9692 -0.126189 0.45438 
-1.96876 -0.126203 0.454663 
-1.9687 -0.126053 0.454852 
-1.96856 -0.125911 0.455025 
-1.96778 -0.12586 0.45523 
-1.96693 -0.125702 0.455432 
-1.96556 -0.125771 0.455486 
-1.96463 -0.125428 0.455657 
-1.96457 -0.125399 0.455669 
-1.96328 -0.125068 0.45578 
-1.96287 -0.12447 0.455961 
-1.96256 -0.123994 0.456088 
-1.96218 -0.123442 0.456215 
-1.96217 -0.122374 0.456464 
-1.96203 -0.122106 0.456509 
-1.96163 -0.121301 0.456637 
-1.96195 -0.120202 0.456837 
-1.9615 -0.119092 0.456949 
-1.9616 -0.117967 0.45707 
-1.96111 -0.117403 0.457079 
-1.96054 -0.116841 0.457071 
-1.96028 -0.115689 0.457107 
-1.96059 -0.115109 0.45715 
-1.96082 -0.114521 0.457177 
-1.96005 -0.113355 0.457113 
-1.95936 -0.112169 0.457026 
-1.95985 -0.110958 0.456995 
-1.95999 -0.110738 0.456986 
-1.9603 -0.109728 0.456915 
-1.9604 -0.109059 0.456842 
-1.96051 -0.108479 0.456766 
-1.9606 -0.107588 0.456625 
-1.96065 -0.1072 0.456552 
-1.9651 -0.108348 0.455289 
-1.96644 -0.108074 0.455242 
-1.96768 -0.107858 0.455165 
-1.96835 -0.107356 0.454977 
-1.96927 -0.107174 0.454823 
-1.97019 -0.107121 0.454658 
-1.97135 -0.107387 0.454521 
-1.97237 -0.107699 0.454351 
-1.97255 -0.107803 0.454347 
-1.97398 -0.108693 0.454259 
-1.9742 -0.108849 0.45424 
-1.97535 -0.109796 0.454101 
-1.97545 -0.109891 0.45408 
-1.97645 -0.111016 0.454075 
-1.97722 -0.112135 0.454015 
-1.97735 -0.112373 0.453966 
-1.97771 -0.113192 0.4538 
-1.97802 -0.114279 0.453632 
-1.97804 -0.114541 0.453562 
-1.97804 -0.115329 0.453343 
-1.9781 -0.116465 0.453256 
-1.97795 -0.11758 0.453102 
-1.97743 -0.118625 0.452748 
-1.97688 -0.119717 0.452504 
-1.97633 -0.120861 0.452374 
-1.97557 -0.121997 0.452193 
-1.97458 -0.123105 0.451947 
-1.97415 -0.123609 0.451881 
-1.97351 -0.124252 0.451774 
-1.97222 -0.125414 0.451601 
-1.97202 -0.125603 0.4516 
-1.97101 -0.126503 0.451668 
-1.97075 -0.126705 0.4517 
-1.97005 -0.127193 0.451772 
-1.96973 -0.127399 0.452062 
-1.96965 -0.127342 0.452432 
-1.96983 -0.127177 0.452612 
-1.9701 -0.126837 0.452968 
-1.97007 -0.126457 0.453378 
-1.97013 -0.126372 0.453435 
-1.97046 -0.12558 0.453932 
-1.9705 -0.125439 0.45401 
-1.97062 -0.124565 0.454441 
-1.9706 -0.124475 0.454483 
-1.97102 -0.12345 0.454856 
-1.97104 -0.122743 0.455084 
-1.97099 -0.122414 0.455181 
-1.97097 -0.121355 0.455441 
-1.97096 -0.120272 0.455651 
-1.97093 -0.120223 0.455659 
-1.97022 -0.11919 0.455803 
-1.96955 -0.118419 0.455874 
-1.96914 -0.118101 0.45589 
-1.96782 -0.116996 0.455917 
-1.96748 -0.116797 0.455911 
-1.96588 -0.115876 0.455859 
-1.96492 -0.115422 0.455809 
-1.96326 -0.114752 0.455701 
-1.96171 -0.113595 0.455579 
-1.9616 -0.113529 0.455568 
-1.95975 -0.112422 0.455388 
-1.96003 -0.111497 0.455371 
-1.96018 -0.111217 0.455364 
-1.96139 -0.110438 0.455396 
-1.96241 -0.109957 0.455413 
-1.9628 -0.109693 0.455406 
-1.96425 -0.109176 0.455403 
-1.96488 -0.108627 0.455334 
-1.97247 -0.107821 0.45318 
-1.9734 -0.107918 0.453002 
-1.97388 -0.10813 0.452976 
-1.97477 -0.108534 0.452887 
-1.9757 -0.108975 0.452682 
-1.97584 -0.109071 0.452668 
-1.97693 -0.109943 0.4525 
-1.97709 -0.110095 0.452466 
-1.97802 -0.111164 0.452326 
-1.97816 -0.111349 0.452283 
-1.97867 -0.112217 0.452109 
-1.97898 -0.112966 0.451955 
-1.97905 -0.113266 0.451866 
-1.97938 -0.114376 0.451749 
-1.97944 -0.115456 0.451527 
-1.97943 -0.116569 0.451381 
-1.97941 -0.116633 0.451359 
-1.97902 -0.117604 0.451027 
-1.97872 -0.118733 0.450876 
-1.97822 -0.119838 0.450665 
-1.97752 -0.120931 0.450411 
-1.97674 -0.122054 0.450201 
-1.97642 -0.122565 0.450163 
-1.97594 -0.123219 0.450089 
-1.97482 -0.124332 0.449842 
-1.97353 -0.125456 0.449588 
-1.9734 -0.125592 0.449583 
-1.97215 -0.12663 0.449448 
-1.97157 -0.127087 0.449413 
-1.97083 -0.127749 0.449565 
-1.97054 -0.127954 0.449603 
-1.96985 -0.128397 0.449668 
-1.96984 -0.128438 0.450046 
-1.97007 -0.128297 0.450279 
-1.97029 -0.128124 0.450559 
-1.97023 -0.127947 0.450947 
-1.97057 -0.127569 0.45128 
-1.97075 -0.127289 0.45151 
-1.97069 -0.126796 0.451923 
-1.97073 -0.12671 0.451976 
-1.97096 -0.125852 0.452454 
-1.97097 -0.125759 0.4525 
-1.97158 -0.124746 0.452917 
-1.97172 -0.124053 0.453172 
-1.97173 -0.123728 0.453282 
-1.97191 -0.122674 0.453588 
-1.97209 -0.121603 0.453843 
-1.97207 -0.121543 0.453854 
-1.97173 -0.120531 0.454042 
-1.97135 -0.119431 0.454195 
-1.97111 -0.119238 0.454212 
-1.97008 -0.118343 0.454269 
-1.96918 -0.117559 0.45429 
-1.96871 -0.117234 0.454284 
-1.96743 -0.116099 0.454263 
-1.96653 -0.115583 0.454218 
-1.96538 -0.114965 0.454148 
-1.9641 -0.113804 0.45405 
-1.96354 -0.112614 0.453973 
-1.96435 -0.11207 0.454002 
-1.96608 -0.111534 0.45407 
-1.96643 -0.111343 0.454072 
-1.96742 -0.110801 0.454059 
-1.9689 -0.110442 0.454053 
-1.97009 -0.109985 0.453984 
-1.97014 -0.109944 0.453977 
-1.97081 -0.109287 0.453826 
-1.97156 -0.108793 0.453656 
-1.97232 -0.108469 0.453475 
-1.97232 -0.108424 0.453456 
-1.97409 -0.108249 0.451568 
-1.97473 -0.108114 0.451341 
-1.97526 -0.108309 0.451282 
-1.97585 -0.108525 0.451182 
-1.97695 -0.109103 0.451005 
-1.97717 -0.109254 0.450976 
-1.97805 -0.109931 0.450804 
-1.9784 -0.110263 0.450735 
-1.97921 -0.1112 0.450584 
-1.9793 -0.111317 0.450558 
-1.97996 -0.112397 0.450397 
-1.98015 -0.112871 0.450276 
-1.9803 -0.113431 0.450115 
-1.98061 -0.114539 0.449991 
-1.98069 -0.11563 0.449795 
-1.98068 -0.115694 0.449775 
-1.98048 -0.116681 0.449495 
-1.98035 -0.117808 0.449365 
-1.98004 -0.118931 0.449197 
-1.97953 -0.120036 0.448986 
-1.97883 -0.12113 0.448732 
-1.97793 -0.122216 0.44843 
-1.97686 -0.123287 0.448095 
-1.97593 -0.124362 0.44794 
-1.97586 -0.124433 0.44793 
-1.97458 -0.125548 0.447658 
-1.97315 -0.126669 0.4474 
-1.97272 -0.12701 0.447354 
-1.97157 -0.127816 0.447186 
-1.97041 -0.128582 0.447063 
-1.96977 -0.129005 0.447042 
-1.96886 -0.129551 0.447001 
-1.96808 -0.130043 0.44716 
-1.96807 -0.130097 0.447538 
-1.96864 -0.129798 0.448077 
-1.96891 -0.129634 0.448275 
-1.96932 -0.129311 0.448664 
-1.96949 -0.128938 0.449116 
-1.96958 -0.128856 0.449181 
-1.97024 -0.128091 0.449748 
-1.97033 -0.127955 0.449839 
-1.97072 -0.127156 0.450327 
-1.97075 -0.127021 0.450402 
-1.97123 -0.126033 0.45087 
-1.97132 -0.125808 0.450967 
-1.97156 -0.125025 0.451272 
-1.97202 -0.123983 0.451615 
-1.97199 -0.123745 0.451687 
-1.97185 -0.122937 0.451904 
-1.97185 -0.121866 0.452143 
-1.97171 -0.121626 0.452187 
-1.97116 -0.120795 0.452314 
-1.97072 -0.119691 0.45245 
-1.97046 -0.119444 0.452467 
-1.96953 -0.11859 0.452506 
-1.96875 -0.117463 0.452544 
-1.9681 -0.116313 0.452554 
-1.968 -0.116202 0.452552 
-1.96701 -0.115162 0.452504 
-1.96731 -0.114625 0.452526 
-1.96766 -0.113968 0.452539 
-1.96862 -0.113222 0.452565 
-1.96963 -0.11271 0.452584 
-1.97005 -0.112446 0.452582 
-1.97138 -0.11184 0.452558 
-1.97263 -0.111386 0.452504 
-1.97266 -0.111346 0.452496 
-1.97332 -0.110569 0.452347 
-1.97366 -0.109984 0.452202 
-1.97372 -0.109705 0.452127 
-1.9742 -0.109133 0.451903 
-1.97417 -0.108545 0.451683 
-1.97483 -0.108215 0.449784 
-1.97552 -0.108124 0.449566 
-1.97596 -0.10798 0.449296 
-1.9766 -0.108131 0.449048 
-1.97676 -0.108231 0.449032 
-1.97772 -0.108855 0.448861 
-1.97819 -0.109233 0.4488 
-1.97917 -0.110186 0.448702 
-1.97928 -0.110304 0.448681 
-1.98013 -0.111388 0.448564 
-1.98038 -0.111831 0.44846 
-1.98064 -0.112428 0.448299 
-1.98112 -0.113538 0.448196 
-1.98125 -0.114143 0.448079 
-1.98129 -0.114606 0.447972 
-1.98142 -0.115721 0.447829 
-1.98131 -0.116808 0.447617 
-1.981 -0.117885 0.447362 
-1.98072 -0.119018 0.44722 
-1.98021 -0.120124 0.447009 
-1.97951 -0.121217 0.446754 
-1.97862 -0.122304 0.446455 
-1.97768 -0.123415 0.446219 
-1.97659 -0.124526 0.445968 
-1.97525 -0.125617 0.445643 
-1.97488 -0.12599 0.445602 
-1.97397 -0.12678 0.445486 
-1.97236 -0.127896 0.445204 
-1.97217 -0.128034 0.445185 
-1.97059 -0.129037 0.444963 
-1.96967 -0.129581 0.444854 
-1.96858 -0.13025 0.444841 
-1.96826 -0.130431 0.444835 
-1.96773 -0.1308 0.445065 
-1.96832 -0.130613 0.445571 
-1.96837 -0.130594 0.445612 
-1.9688 -0.130369 0.446112 
-1.96972 -0.129867 0.446611 
-1.97014 -0.129593 0.446874 
-1.9705 -0.129128 0.44738 
-1.97059 -0.129047 0.447445 
-1.97114 -0.128338 0.447982 
-1.97118 -0.128159 0.448114 
-1.97107 -0.127764 0.448397 
-1.97099 -0.127258 0.44869 
-1.97096 -0.127006 0.44882 
-1.97079 -0.126292 0.449143 
-1.97078 -0.126027 0.449248 
-1.97083 -0.125283 0.449515 
-1.97072 -0.12453 0.449747 
-1.97057 -0.124256 0.449819 
-1.97045 -0.123195 0.450081 
-1.97016 -0.122833 0.450146 
-1.9696 -0.122134 0.450257 
-1.96877 -0.121451 0.450325 
-1.96814 -0.121059 0.450345 
-1.96683 -0.120236 0.45036 
-1.96637 -0.119959 0.450356 
-1.96471 -0.118843 0.450331 
-1.96445 -0.118711 0.45032 
-1.96255 -0.117713 0.450221 
-1.96147 -0.11656 0.450178 
-1.96102 -0.115401 0.450173 
-1.96139 -0.114229 0.450219 
-1.96266 -0.113665 0.450331 
-1.96524 -0.113678 0.450549 
-1.9676 -0.113644 0.450719 
-1.96986 -0.113738 0.450853 
-1.97157 -0.113286 0.450903 
-1.97307 -0.112847 0.450908 
-1.97313 -0.1128 0.450905 
-1.97422 -0.112218 0.450842 
-1.97486 -0.11145 0.450715 
-1.9749 -0.111329 0.450694 
-1.97542 -0.110523 0.450494 
-1.97537 -0.110096 0.450388 
-1.97516 -0.109269 0.450156 
-1.97504 -0.108747 0.449979 
-1.97597 -0.108727 0.448048 
-1.97572 -0.107904 0.447673 
-1.97585 -0.107533 0.447352 
-1.9764 -0.107604 0.447091 
-1.97735 -0.108126 0.44688 
-1.97749 -0.108229 0.446868 
-1.97865 -0.109169 0.44671 
-1.97875 -0.109263 0.446689 
-1.9798 -0.110357 0.446615 
-1.98013 -0.110804 0.446531 
-1.98049 -0.111402 0.446394 
-1.98111 -0.112507 0.446284 
-1.9812 -0.112772 0.446226 
-1.98139 -0.113563 0.446044 
-1.98167 -0.114674 0.445922 
-1.98179 -0.115789 0.44578 
-1.98176 -0.116904 0.445635 
-1.98174 -0.116967 0.445613 
-1.98128 -0.117938 0.445274 
-1.98097 -0.119064 0.445112 
-1.98045 -0.120165 0.444891 
-1.97977 -0.121263 0.444648 
-1.97886 -0.122347 0.444344 
-1.97819 -0.12344 0.444246 
-1.97814 -0.123512 0.444241 
-1.977 -0.124607 0.443953 
-1.97577 -0.125726 0.443697 
-1.97482 -0.126622 0.443582 
-1.97452 -0.12689 0.443544 
-1.9729 -0.127993 0.443235 
-1.97203 -0.128624 0.443149 
-1.97122 -0.129166 0.443071 
-1.97016 -0.129841 0.442994 
-1.96966 -0.130304 0.443219 
-1.96971 -0.130432 0.443602 
-1.97026 -0.130244 0.444125 
-1.971 -0.129888 0.444549 
-1.97147 -0.129626 0.44484 
-1.97202 -0.129175 0.445388 
-1.97212 -0.129095 0.445457 
-1.97286 -0.128398 0.446032 
-1.97294 -0.128222 0.446178 
-1.97293 -0.127861 0.446477 
-1.97288 -0.12735 0.446825 
-1.97287 -0.127212 0.446905 
-1.97251 -0.126559 0.447259 
-1.97248 -0.126415 0.447324 
-1.97215 -0.125637 0.447637 
-1.97179 -0.125442 0.447706 
-1.971 -0.125115 0.4478 
-1.96955 -0.124627 0.44789 
-1.96936 -0.124469 0.447923 
-1.96814 -0.123786 0.448017 
-1.96742 -0.123427 0.448048 
-1.96648 -0.122825 0.448098 
-1.96591 -0.122355 0.448137 
-1.96463 -0.121441 0.448174 
-1.9643 -0.121261 0.448169 
-1.96303 -0.120143 0.448191 
-1.96235 -0.119758 0.448166 
-1.96096 -0.119016 0.448097 
-1.96002 -0.117878 0.448089 
-1.95964 -0.116724 0.448114 
-1.96026 -0.115567 0.44822 
-1.96138 -0.115081 0.448341 
-1.96321 -0.114388 0.448517 
-1.96359 -0.114198 0.448549 
-1.96606 -0.11403 0.448751 
-1.96842 -0.113996 0.448921 
-1.97069 -0.114108 0.449056 
-1.97206 -0.11425 0.449123 
-1.97285 -0.114329 0.449153 
-1.97491 -0.114714 0.449214 
-1.97595 -0.114093 0.44918 
-1.9761 -0.113965 0.44917 
-1.97699 -0.113134 0.449062 
-1.97709 -0.112771 0.449011 
-1.97682 -0.111511 0.448809 
-1.97681 -0.11139 0.448784 
-1.97657 -0.110201 0.448503 
-1.97651 -0.110003 0.448448 
-1.97605 -0.108858 0.448091 
-1.97699 -0.108737 0.445939 
-1.97701 -0.10826 0.4456 
-1.97717 -0.108043 0.445274 
-1.97788 -0.108431 0.445117 
-1.97809 -0.108563 0.445058 
-1.97896 -0.109245 0.444818 
-1.97912 -0.109395 0.44478 
-1.98011 -0.110467 0.444651 
-1.98025 -0.110654 0.444612 
-1.9808 -0.111519 0.444446 
-1.98118 -0.112277 0.444305 
-1.98127 -0.112579 0.444222 
-1.98174 -0.113697 0.444135 
-1.98195 -0.114789 0.443966 
-1.98208 -0.115909 0.443834 
-1.98206 -0.115973 0.443814 
-1.98179 -0.116955 0.443515 
-1.98167 -0.118086 0.443399 
-1.98125 -0.119183 0.443164 
-1.98042 -0.12021 0.442755 
-1.98008 -0.121391 0.44272 
-1.97924 -0.122491 0.442457 
-1.97816 -0.123562 0.442127 
-1.97731 -0.124643 0.441987 
-1.97725 -0.124715 0.44198 
-1.97602 -0.125832 0.441721 
-1.97468 -0.126961 0.441488 
-1.97429 -0.127303 0.441446 
-1.97322 -0.128117 0.441304 
-1.97232 -0.128818 0.441247 
-1.97166 -0.129348 0.441269 
-1.97107 -0.129756 0.441259 
-1.97102 -0.130023 0.441604 
-1.97103 -0.130171 0.441974 
-1.97116 -0.130159 0.442386 
-1.97149 -0.129998 0.442598 
-1.97204 -0.129683 0.443011 
-1.9724 -0.129324 0.443506 
-1.97249 -0.129245 0.443578 
-1.97284 -0.128771 0.444037 
-1.97275 -0.128431 0.444369 
-1.97274 -0.128352 0.444432 
-1.97232 -0.127971 0.444752 
-1.9723 -0.127562 0.444985 
-1.97221 -0.127201 0.445174 
-1.97207 -0.126601 0.445444 
-1.97193 -0.126285 0.445571 
-1.97088 -0.125728 0.445759 
-1.9708 -0.125635 0.445785 
-1.97078 -0.124595 0.446086 
-1.97041 -0.124235 0.446163 
-1.96973 -0.123547 0.446287 
-1.96915 -0.123053 0.446357 
-1.96797 -0.122488 0.446383 
-1.96729 -0.122202 0.446381 
-1.96578 -0.121404 0.446381 
-1.96521 -0.12102 0.446386 
-1.96406 -0.12029 0.446369 
-1.96335 -0.119164 0.446417 
-1.96367 -0.118026 0.446535 
-1.96341 -0.11687 0.446573 
-1.96426 -0.115705 0.446688 
-1.96465 -0.115529 0.446725 
-1.96704 -0.115171 0.446926 
-1.96957 -0.115474 0.447103 
-1.97077 -0.115627 0.447175 
-1.9719 -0.115765 0.447236 
-1.97386 -0.11565 0.447313 
-1.97572 -0.115738 0.447352 
-1.97741 -0.115887 0.447347 
-1.97818 -0.115342 0.447309 
-1.97846 -0.115018 0.44728 
-1.97869 -0.114078 0.447189 
-1.97875 -0.113397 0.447099 
-1.97872 -0.112803 0.447005 
-1.97852 -0.111749 0.446802 
-1.97845 -0.111516 0.446751 
-1.97785 -0.110216 0.446432 
-1.9778 -0.110093 0.446394 
-1.97709 -0.108869 0.445986 
-1.97587 -0.107496 0.443447 
-1.97562 -0.106988 0.443051 
-1.97633 -0.107365 0.442976 
-1.97685 -0.107664 0.442893 
-1.97784 -0.10837 0.442745 
-1.97807 -0.108551 0.442717 
-1.97903 -0.109432 0.442619 
-1.97949 -0.109926 0.442544 
-1.97991 -0.11048 0.442425 
-1.98071 -0.111589 0.442357 
-1.98084 -0.111833 0.442307 
-1.98116 -0.11265 0.442131 
-1.98156 -0.113754 0.442009 
-1.98188 -0.114878 0.441917 
-1.98188 -0.114948 0.441902 
-1.98179 -0.115941 0.441644 
-1.98185 -0.117079 0.441559 
-1.98164 -0.118186 0.441379 
-1.981 -0.119231 0.441014 
-1.98043 -0.120323 0.440771 
-1.97997 -0.121474 0.44066 
-1.97931 -0.122618 0.440508 
-1.97822 -0.123687 0.440169 
-1.97712 -0.124788 0.4399 
-1.97667 -0.125296 0.439831 
-1.97602 -0.125939 0.439723 
-1.97456 -0.127029 0.439403 
-1.97346 -0.127919 0.439252 
-1.97312 -0.128179 0.439209 
-1.97139 -0.129304 0.438941 
-1.97094 -0.129624 0.43891 
-1.96956 -0.130517 0.438834 
-1.96927 -0.13069 0.438815 
-1.96893 -0.131071 0.439084 
-1.96873 -0.131305 0.439399 
-1.96896 -0.131271 0.439832 
-1.96932 -0.131118 0.440049 
-1.96996 -0.130805 0.440482 
-1.97015 -0.13057 0.440926 
-1.97036 -0.130401 0.441111 
-1.97065 -0.130069 0.441463 
-1.97062 -0.129685 0.441871 
-1.97069 -0.129602 0.441932 
-1.97099 -0.12893 0.442403 
-1.97101 -0.128702 0.442549 
-1.97093 -0.128216 0.442833 
-1.97086 -0.127769 0.443058 
-1.97097 -0.127199 0.44331 
-1.97101 -0.126774 0.443479 
-1.97111 -0.125756 0.443837 
-1.9711 -0.125715 0.443849 
-1.97077 -0.124725 0.444126 
-1.97052 -0.124314 0.444221 
-1.96998 -0.123673 0.444341 
-1.96963 -0.122596 0.444534 
-1.96959 -0.122552 0.444541 
-1.96853 -0.121511 0.444638 
-1.96789 -0.12096 0.444667 
-1.96706 -0.120405 0.44467 
-1.96582 -0.119285 0.444684 
-1.96558 -0.118943 0.444691 
-1.96499 -0.11815 0.444699 
-1.96473 -0.116994 0.444737 
-1.96505 -0.116416 0.444786 
-1.96631 -0.11582 0.444904 
-1.96727 -0.115635 0.444982 
-1.96963 -0.115602 0.445148 
-1.97042 -0.115764 0.445195 
-1.97205 -0.116091 0.44528 
-1.97417 -0.11637 0.445361 
-1.97609 -0.116672 0.445394 
-1.9764 -0.116762 0.445395 
-1.97785 -0.117153 0.445376 
-1.9788 -0.116629 0.44535 
-1.97907 -0.116427 0.445336 
-1.97966 -0.11536 0.445255 
-1.9797 -0.114966 0.445221 
-1.97969 -0.114117 0.445132 
-1.97922 -0.112881 0.444984 
-1.97911 -0.112478 0.444915 
-1.97876 -0.11161 0.444745 
-1.97792 -0.110344 0.444476 
-1.97786 -0.11022 0.444437 
-1.97715 -0.108996 0.444033 
-1.97706 -0.108864 0.443985 
-1.976 -0.107623 0.443502 
-1.97461 -0.106586 0.440902 
-1.97467 -0.10642 0.440547 
-1.97569 -0.107039 0.440347 
-1.97591 -0.107194 0.440328 
-1.97729 -0.108288 0.440281 
-1.97749 -0.108473 0.440256 
-1.97837 -0.109359 0.440159 
-1.97901 -0.110125 0.44008 
-1.97921 -0.110433 0.440022 
-1.98007 -0.111571 0.440021 
-1.9807 -0.112699 0.439964 
-1.98089 -0.113308 0.439858 
-1.98098 -0.113772 0.439761 
-1.98126 -0.11489 0.439655 
-1.9813 -0.11599 0.439473 
-1.98113 -0.117073 0.439247 
-1.981 -0.118201 0.439124 
-1.98069 -0.119324 0.438956 
-1.98018 -0.120429 0.438747 
-1.97948 -0.121523 0.438496 
-1.97859 -0.122609 0.4382 
-1.97756 -0.123691 0.437898 
-1.97664 -0.124834 0.437733 
-1.97593 -0.12575 0.43767 
-1.97569 -0.126023 0.437648 
-1.97432 -0.127136 0.437384 
-1.97361 -0.127813 0.437344 
-1.973 -0.128332 0.437298 
-1.97164 -0.129292 0.437148 
-1.97133 -0.129495 0.437115 
-1.9697 -0.13051 0.436981 
-1.96942 -0.130715 0.437016 
-1.96874 -0.131157 0.437081 
-1.96848 -0.131412 0.437382 
-1.96871 -0.131377 0.437815 
-1.96907 -0.131225 0.438031 
-1.96971 -0.130911 0.438462 
-1.97015 -0.130565 0.438971 
-1.97027 -0.130483 0.43905 
-1.97079 -0.129986 0.439547 
-1.971 -0.129654 0.439846 
-1.97117 -0.129372 0.440066 
-1.97102 -0.128875 0.440457 
-1.97105 -0.12879 0.44051 
-1.97084 -0.128224 0.440852 
-1.97037 -0.127888 0.441034 
-1.97017 -0.127692 0.441124 
-1.96931 -0.127089 0.441361 
-1.96921 -0.126932 0.441414 
-1.96844 -0.126242 0.441618 
-1.96818 -0.125929 0.441699 
-1.96756 -0.125061 0.441897 
-1.96736 -0.124891 0.441927 
-1.96726 -0.123816 0.442159 
-1.96668 -0.1232 0.442236 
-1.96614 -0.12274 0.442276 
-1.96559 -0.121642 0.442402 
-1.96502 -0.121257 0.442407 
-1.96394 -0.120527 0.442399 
-1.96258 -0.11971 0.442357 
-1.96201 -0.119403 0.442331 
-1.96021 -0.118263 0.44224 
-1.96074 -0.11711 0.442359 
-1.96195 -0.116267 0.442508 
-1.96459 -0.116042 0.442756 
-1.96716 -0.11602 0.442964 
-1.96976 -0.116579 0.443133 
-1.97204 -0.116839 0.443254 
-1.97267 -0.116991 0.443278 
-1.97419 -0.117347 0.443321 
-1.97609 -0.117772 0.443339 
-1.97772 -0.117854 0.443322 
-1.9791 -0.117622 0.443276 
-1.97985 -0.116637 0.443231 
-1.97998 -0.116274 0.44321 
-1.9801 -0.115401 0.443148 
-1.98004 -0.114207 0.443019 
-1.98004 -0.114155 0.443011 
-1.97948 -0.112925 0.442867 
-1.97889 -0.111659 0.442627 
-1.97883 -0.111511 0.44259 
-1.97815 -0.110361 0.442298 
-1.97764 -0.109654 0.442091 
-1.97714 -0.109041 0.441895 
-1.97608 -0.107939 0.441504 
-1.97583 -0.107695 0.441407 
-1.97298 -0.105785 0.438266 
-1.97341 -0.10597 0.437971 
-1.97356 -0.106068 0.437963 
-1.97511 -0.107154 0.437931 
-1.97535 -0.107346 0.437916 
-1.97639 -0.108239 0.437854 
-1.97716 -0.109011 0.437803 
-1.97742 -0.109322 0.437758 
-1.97833 -0.110429 0.437698 
-1.97925 -0.111589 0.437751 
-1.97954 -0.112143 0.437697 
-1.97977 -0.112691 0.437625 
-1.98024 -0.113818 0.43756 
-1.98047 -0.114923 0.437422 
-1.98049 -0.116022 0.437238 
-1.98056 -0.117162 0.437157 
-1.98044 -0.11829 0.437033 
-1.98013 -0.119412 0.436867 
-1.97962 -0.120518 0.436657 
-1.97892 -0.12161 0.436408 
-1.97809 -0.122711 0.436147 
-1.97736 -0.123867 0.436028 
-1.97632 -0.124982 0.435793 
-1.97604 -0.125361 0.435777 
-1.97533 -0.126169 0.435704 
-1.97401 -0.127305 0.435493 
-1.97387 -0.12744 0.435484 
-1.97255 -0.128463 0.435314 
-1.97161 -0.129122 0.435206 
-1.97086 -0.129628 0.435136 
-1.96976 -0.130328 0.43506 
-1.9689 -0.13085 0.435037 
-1.96818 -0.131243 0.434999 
-1.96792 -0.131497 0.435298 
-1.96815 -0.131463 0.435728 
-1.96851 -0.131311 0.435943 
-1.96915 -0.130997 0.436373 
-1.96959 -0.130651 0.436883 
-1.96971 -0.130569 0.436961 
-1.97023 -0.130073 0.437455 
-1.97044 -0.129741 0.437754 
-1.97061 -0.129459 0.437974 
-1.97026 -0.129077 0.438308 
-1.97024 -0.128894 0.438429 
-1.97002 -0.128469 0.438686 
-1.96988 -0.127972 0.43894 
-1.96975 -0.127678 0.439073 
-1.96916 -0.127005 0.439336 
-1.96908 -0.126919 0.439366 
-1.96831 -0.126003 0.439638 
-1.96829 -0.125972 0.439647 
-1.96701 -0.125139 0.439805 
-1.9668 -0.124979 0.439832 
-1.96556 -0.124087 0.439946 
-1.9653 -0.123918 0.439962 
-1.96463 -0.122835 0.440108 
-1.9641 -0.122285 0.44015 
-1.96352 -0.121737 0.440178 
-1.96187 -0.120808 0.440146 
-1.96145 -0.120619 0.440127 
-1.96007 -0.11949 0.440103 
-1.95909 -0.118918 0.440052 
-1.95814 -0.118348 0.439993 
-1.9589 -0.117647 0.440116 
-1.95972 -0.1172 0.440223 
-1.96154 -0.116744 0.440421 
-1.964 -0.117194 0.440627 
-1.96447 -0.117304 0.440663 
-1.96707 -0.117426 0.440868 
-1.96943 -0.117394 0.441029 
-1.97166 -0.11757 0.441144 
-1.97372 -0.117846 0.441209 
-1.9747 -0.118168 0.441214 
-1.97561 -0.118504 0.441203 
-1.97723 -0.118726 0.441173 
-1.97832 -0.117985 0.441176 
-1.97855 -0.117796 0.441172 
-1.97936 -0.11672 0.441124 
-1.97947 -0.116502 0.441108 
-1.97972 -0.115472 0.441023 
-1.97974 -0.114746 0.440941 
-1.97974 -0.114212 0.440862 
-1.97928 -0.11296 0.440686 
-1.97915 -0.112586 0.440609 
-1.97873 -0.111676 0.44041 
-1.97828 -0.110838 0.440179 
-1.97798 -0.110349 0.440024 
-1.9768 -0.109053 0.43965 
-1.97666 -0.108895 0.439595 
-1.97539 -0.107718 0.439179 
-1.97453 -0.107001 0.438896 
-1.97372 -0.106344 0.438577 
-1.97016 -0.104691 0.435774 
-1.97052 -0.104802 0.435467 
-1.9707 -0.104907 0.435464 
-1.9722 -0.10586 0.435379 
-1.97233 -0.105955 0.435366 
-1.97389 -0.107087 0.435436 
-1.97477 -0.107835 0.435412 
-1.97513 -0.108186 0.435388 
-1.97623 -0.109302 0.43537 
-1.97721 -0.110436 0.435375 
-1.97726 -0.110503 0.435369 
-1.97786 -0.11153 0.435262 
-1.97872 -0.112719 0.435357 
-1.97914 -0.113834 0.435261 
-1.97935 -0.114937 0.435121 
-1.97962 -0.116093 0.435081 
-1.97969 -0.117232 0.435 
-1.97957 -0.11836 0.434876 
-1.97925 -0.119482 0.434708 
-1.97874 -0.120586 0.434501 
-1.97805 -0.121679 0.43425 
-1.97721 -0.122778 0.433991 
-1.97648 -0.123934 0.433871 
-1.97544 -0.125049 0.43364 
-1.9752 -0.125401 0.433633 
-1.97447 -0.126237 0.433555 
-1.97351 -0.127207 0.433472 
-1.97329 -0.127423 0.433458 
-1.9718 -0.128584 0.433286 
-1.97156 -0.128776 0.433275 
-1.97012 -0.129784 0.43318 
-1.96982 -0.129972 0.433156 
-1.96813 -0.130961 0.433065 
-1.96806 -0.131004 0.433071 
-1.96708 -0.131551 0.433152 
-1.96728 -0.131527 0.433575 
-1.96764 -0.131375 0.433789 
-1.96828 -0.131062 0.434219 
-1.96871 -0.130716 0.434726 
-1.96884 -0.130634 0.434804 
-1.96935 -0.130138 0.435297 
-1.96957 -0.129807 0.435593 
-1.96973 -0.129525 0.435815 
-1.96958 -0.129029 0.436203 
-1.9696 -0.128945 0.436257 
-1.96943 -0.128362 0.436601 
-1.96945 -0.128019 0.436774 
-1.96963 -0.127205 0.437127 
-1.9696 -0.127027 0.437198 
-1.96963 -0.126015 0.437556 
-1.96957 -0.125832 0.437611 
-1.96932 -0.124985 0.437848 
-1.9691 -0.124236 0.438026 
-1.96891 -0.123928 0.438087 
-1.96879 -0.12285 0.438298 
-1.96823 -0.122113 0.438392 
-1.96791 -0.121767 0.438424 
-1.96778 -0.12065 0.438564 
-1.9688 -0.119793 0.438721 
-1.96932 -0.1195 0.438778 
-1.97097 -0.11893 0.43891 
-1.97297 -0.118992 0.438978 
-1.97476 -0.118927 0.439011 
-1.97635 -0.118797 0.439004 
-1.97753 -0.11805 0.439002 
-1.97768 -0.117926 0.438999 
-1.97871 -0.116961 0.438935 
-1.97882 -0.11676 0.438919 
-1.97927 -0.115607 0.438797 
-1.9793 -0.115488 0.43878 
-1.97906 -0.114255 0.438654 
-1.97893 -0.113513 0.438521 
-1.97878 -0.112964 0.438409 
-1.9781 -0.11169 0.438145 
-1.97803 -0.111541 0.438103 
-1.97721 -0.11039 0.437799 
-1.97629 -0.109388 0.437517 
-1.97601 -0.109091 0.437421 
-1.9745 -0.107805 0.437043 
-1.97321 -0.106779 0.436664 
-1.97281 -0.106477 0.436543 
-1.97086 -0.105156 0.436022 
-1.97252 -0.106967 0.434163 
-1.97204 -0.106564 0.433715 
-1.9714 -0.10617 0.433227 
-1.97267 -0.107134 0.433189 
-1.97428 -0.108355 0.433441 
-1.97562 -0.109539 0.433593 
-1.97686 -0.110746 0.433779 
-1.97732 -0.111368 0.433733 
-1.97761 -0.111843 0.433681 
-1.97819 -0.112951 0.433574 
-1.97834 -0.113661 0.433391 
-1.97835 -0.113988 0.433288 
-1.97858 -0.11509 0.433146 
-1.97848 -0.116159 0.432893 
-1.97849 -0.117283 0.432775 
-1.97831 -0.118396 0.432616 
-1.97827 -0.118464 0.432589 
-1.97755 -0.119417 0.432199 
-1.97703 -0.120517 0.431982 
-1.97636 -0.121614 0.431746 
-1.97566 -0.122741 0.431559 
-1.97542 -0.123256 0.431539 
-1.97503 -0.123916 0.431491 
-1.97409 -0.125054 0.43132 
-1.97371 -0.125667 0.431324 
-1.97325 -0.126274 0.431313 
-1.9726 -0.127085 0.431329 
-1.97221 -0.127511 0.431334 
-1.97134 -0.128314 0.431316 
-1.97082 -0.128731 0.431292 
-1.96991 -0.129414 0.431274 
-1.9691 -0.130004 0.431332 
-1.96879 -0.130192 0.43133 
-1.9683 -0.130564 0.431566 
-1.96792 -0.130786 0.431835 
-1.96792 -0.130736 0.432214 
-1.96811 -0.130589 0.432436 
-1.96825 -0.130419 0.432695 
-1.96807 -0.130229 0.433045 
-1.96838 -0.129851 0.433367 
-1.96854 -0.12957 0.433587 
-1.96839 -0.129074 0.433975 
-1.96843 -0.128988 0.434027 
-1.96866 -0.128133 0.434493 
-1.96867 -0.128045 0.434539 
-1.96937 -0.127035 0.43497 
-1.96957 -0.126346 0.435234 
-1.9696 -0.126023 0.435346 
-1.96915 -0.125108 0.435623 
-1.96906 -0.125008 0.435649 
-1.96881 -0.123953 0.435905 
-1.96847 -0.12351 0.435987 
-1.96792 -0.122894 0.436083 
-1.96764 -0.121803 0.436249 
-1.96796 -0.120681 0.436417 
-1.9696 -0.119523 0.436624 
-1.96979 -0.119414 0.436641 
-1.97178 -0.119074 0.43674 
-1.97356 -0.118979 0.436775 
-1.97516 -0.118884 0.436765 
-1.97657 -0.11876 0.436714 
-1.97758 -0.118003 0.436675 
-1.9777 -0.117877 0.436667 
-1.97834 -0.116735 0.436585 
-1.97842 -0.11655 0.436565 
-1.97874 -0.115447 0.436406 
-1.97872 -0.115164 0.436373 
-1.97851 -0.114194 0.436237 
-1.97791 -0.112949 0.436058 
-1.97778 -0.112658 0.435994 
-1.9772 -0.111665 0.435769 
-1.97612 -0.110406 0.435494 
-1.97587 -0.110104 0.435404 
-1.97491 -0.109098 0.435096 
-1.97408 -0.10829 0.43478 
-1.97345 -0.107717 0.43452 
-1.96899 -0.1057 0.431532 
-1.96973 -0.106075 0.431291 
-1.96996 -0.106217 0.431245 
-1.97047 -0.106595 0.431038 
-1.9711 -0.107148 0.430842 
-1.97263 -0.108343 0.431027 
-1.97312 -0.108777 0.431066 
-1.97389 -0.109503 0.431123 
-1.97501 -0.11067 0.431213 
-1.97594 -0.111551 0.431458 
-1.97633 -0.111952 0.431564 
-1.97662 -0.11242 0.431535 
-1.97695 -0.113067 0.431477 
-1.97734 -0.114157 0.431327 
-1.97735 -0.11486 0.431114 
-1.9773 -0.115182 0.430999 
-1.97733 -0.116279 0.430816 
-1.97705 -0.11733 0.430519 
-1.97681 -0.118428 0.430325 
-1.97676 -0.118495 0.430297 
-1.97605 -0.119448 0.429909 
-1.97553 -0.120547 0.429693 
-1.97483 -0.121637 0.429444 
-1.97395 -0.122724 0.429161 
-1.97335 -0.123819 0.429081 
-1.97331 -0.123891 0.429078 
-1.97216 -0.124972 0.428774 
-1.97132 -0.126179 0.428743 
-1.97121 -0.126372 0.428758 
-1.97041 -0.127428 0.428802 
-1.97024 -0.127613 0.428808 
-1.96914 -0.128665 0.428808 
-1.969 -0.128778 0.428805 
-1.96767 -0.12979 0.428794 
-1.9675 -0.129904 0.42879 
-1.96621 -0.1307 0.42876 
-1.96569 -0.131076 0.428986 
-1.96541 -0.131247 0.429285 
-1.96542 -0.131204 0.429663 
-1.9654 -0.131067 0.430047 
-1.96581 -0.130755 0.430367 
-1.96609 -0.130488 0.430626 
-1.96602 -0.130126 0.431018 
-1.96609 -0.12995 0.431159 
-1.9661 -0.129542 0.431466 
-1.96625 -0.129057 0.431761 
-1.96645 -0.128613 0.431998 
-1.96662 -0.128097 0.43225 
-1.9676 -0.127073 0.432674 
-1.96784 -0.126568 0.432866 
-1.96802 -0.126053 0.433046 
-1.96801 -0.125023 0.433363 
-1.96797 -0.124783 0.433427 
-1.96772 -0.123972 0.433622 
-1.96769 -0.122897 0.433845 
-1.96833 -0.12179 0.434061 
-1.97007 -0.120994 0.43423 
-1.9719 -0.120728 0.434289 
-1.97349 -0.120703 0.434272 
-1.97426 -0.120442 0.434278 
-1.97498 -0.120165 0.434275 
-1.97626 -0.119531 0.434239 
-1.97663 -0.11913 0.434234 
-1.97726 -0.118116 0.434207 
-1.97737 -0.117893 0.434196 
-1.97773 -0.116639 0.434098 
-1.97775 -0.116497 0.434081 
-1.97775 -0.115382 0.433946 
-1.97763 -0.114649 0.433831 
-1.97749 -0.114108 0.433727 
-1.9768 -0.112869 0.433552 
-1.97589 -0.111629 0.433335 
-1.97583 -0.11155 0.433315 
-1.9748 -0.110358 0.433033 
-1.97343 -0.10912 0.432768 
-1.972 -0.107903 0.432395 
-1.9719 -0.107823 0.432368 
-1.97014 -0.106533 0.431943 
-1.96715 -0.105705 0.429176 
-1.96746 -0.105808 0.428864 
-1.96803 -0.106174 0.428738 
-1.96837 -0.106424 0.42864 
-1.96865 -0.106779 0.428298 
-1.96896 -0.107066 0.428235 
-1.97044 -0.10825 0.428397 
-1.97201 -0.109503 0.428719 
-1.97297 -0.110322 0.428953 
-1.97348 -0.110782 0.429084 
-1.97462 -0.112012 0.429307 
-1.97535 -0.113158 0.429296 
-1.97542 -0.113392 0.429238 
-1.9756 -0.114198 0.429029 
-1.97585 -0.115298 0.428886 
-1.97582 -0.115892 0.428736 
-1.97574 -0.116352 0.428603 
-1.97564 -0.117444 0.428412 
-1.97529 -0.118513 0.428149 
-1.97473 -0.119574 0.42784 
-1.97423 -0.120676 0.427633 
-1.97353 -0.121766 0.427384 
-1.9727 -0.122863 0.427127 
-1.97219 -0.124073 0.427144 
-1.97202 -0.124432 0.427157 
-1.97146 -0.125281 0.427136 
-1.97091 -0.126058 0.427142 
-1.97055 -0.126514 0.427153 
-1.9698 -0.127326 0.427161 
-1.96935 -0.127746 0.427152 
-1.96843 -0.128498 0.427127 
-1.96778 -0.128974 0.427118 
-1.96705 -0.129467 0.427111 
-1.96576 -0.130224 0.427087 
-1.96553 -0.130341 0.427071 
-1.96447 -0.130871 0.427159 
-1.96333 -0.131326 0.427238 
-1.96253 -0.131532 0.427416 
-1.96215 -0.131464 0.42771 
-1.96167 -0.131337 0.427988 
-1.96169 -0.130996 0.428303 
-1.96167 -0.130877 0.428403 
-1.96113 -0.130547 0.428685 
-1.96118 -0.130146 0.428931 
-1.96114 -0.12979 0.429127 
-1.96129 -0.129201 0.429419 
-1.96166 -0.128497 0.429732 
-1.96172 -0.128212 0.42985 
-1.9628 -0.127179 0.430256 
-1.96357 -0.126139 0.430614 
-1.96401 -0.125088 0.430922 
-1.96401 -0.125018 0.43094 
-1.964 -0.124023 0.431173 
-1.96477 -0.122931 0.431429 
-1.96581 -0.122363 0.431574 
-1.96793 -0.121976 0.43171 
-1.96893 -0.121729 0.431767 
-1.96989 -0.121462 0.431815 
-1.97153 -0.121231 0.431828 
-1.97296 -0.121074 0.431785 
-1.97426 -0.120676 0.431731 
-1.97479 -0.120262 0.431729 
-1.97543 -0.119751 0.431698 
-1.97618 -0.118964 0.431622 
-1.97631 -0.118738 0.431606 
-1.97663 -0.117724 0.431545 
-1.97666 -0.116685 0.431484 
-1.97666 -0.116494 0.431465 
-1.97624 -0.115322 0.431448 
-1.97566 -0.114129 0.431367 
-1.97499 -0.112882 0.431177 
-1.97456 -0.112183 0.431026 
-1.97416 -0.111603 0.430885 
-1.97303 -0.110346 0.430608 
-1.9722 -0.109499 0.430356 
-1.97172 -0.109042 0.430206 
-1.97013 -0.107763 0.429842 
-1.96834 -0.106509 0.429489 
-1.95902 -0.102868 0.426419 
-1.95909 -0.102624 0.426084 
-1.95899 -0.102383 0.425709 
-1.95967 -0.102688 0.425728 
-1.96138 -0.103522 0.42577 
-1.96185 -0.10377 0.425772 
-1.96398 -0.104982 0.426071 
-1.96588 -0.106168 0.426295 
-1.96758 -0.107344 0.426477 
-1.96916 -0.108554 0.426701 
-1.96924 -0.108623 0.426702 
-1.97038 -0.109678 0.426717 
-1.97154 -0.110855 0.426833 
-1.97238 -0.111974 0.426795 
-1.97319 -0.113147 0.42685 
-1.97379 -0.114302 0.42686 
-1.97381 -0.114367 0.426847 
-1.97397 -0.115371 0.426648 
-1.97425 -0.116527 0.426616 
-1.97423 -0.117639 0.426472 
-1.97389 -0.1187 0.426196 
-1.97349 -0.119794 0.42597 
-1.97304 -0.12091 0.425799 
-1.97262 -0.122081 0.425742 
-1.97218 -0.123101 0.425734 
-1.97209 -0.123286 0.425735 
-1.97126 -0.124442 0.425609 
-1.97041 -0.125436 0.425513 
-1.97025 -0.12561 0.425496 
-1.96903 -0.126804 0.425406 
-1.96882 -0.126991 0.425401 
-1.96754 -0.128015 0.425342 
-1.96729 -0.128194 0.425326 
-1.96566 -0.129212 0.425215 
-1.96547 -0.129321 0.425198 
-1.96405 -0.130065 0.42519 
-1.96319 -0.130455 0.425137 
-1.9621 -0.130914 0.425056 
-1.961 -0.131256 0.425153 
-1.96045 -0.131258 0.425405 
-1.96025 -0.130999 0.425755 
-1.96033 -0.130915 0.425823 
-1.9605 -0.130398 0.426236 
-1.96055 -0.13005 0.426478 
-1.96076 -0.129618 0.426736 
-1.96111 -0.129108 0.427007 
-1.9615 -0.128305 0.42739 
-1.96152 -0.128135 0.427465 
-1.96191 -0.127129 0.427867 
-1.9622 -0.126552 0.428073 
-1.96233 -0.126103 0.42822 
-1.96313 -0.125046 0.428544 
-1.96399 -0.123964 0.428836 
-1.96501 -0.123476 0.42897 
-1.96667 -0.12281 0.429133 
-1.96729 -0.122565 0.429183 
-1.96896 -0.122337 0.429202 
-1.97038 -0.122204 0.429155 
-1.97174 -0.121804 0.429116 
-1.97226 -0.121386 0.429138 
-1.97312 -0.120619 0.429152 
-1.97356 -0.120142 0.429147 
-1.97415 -0.119325 0.429118 
-1.97441 -0.11889 0.429083 
-1.97449 -0.117719 0.429114 
-1.97456 -0.116794 0.42905 
-1.97455 -0.116483 0.429021 
-1.97428 -0.115266 0.428921 
-1.97374 -0.114055 0.428806 
-1.97335 -0.113335 0.428705 
-1.97302 -0.112814 0.428622 
-1.97195 -0.111641 0.428528 
-1.97165 -0.111344 0.4285 
-1.97069 -0.110458 0.428394 
-1.96925 -0.109258 0.428203 
-1.96762 -0.108044 0.427969 
-1.9658 -0.106827 0.427693 
-1.9638 -0.105602 0.427375 
-1.96159 -0.104362 0.427013 
-1.95932 -0.103082 0.426538 
-1.96463 -0.107025 0.424623 
-1.96407 -0.106561 0.424166 
-1.96525 -0.10739 0.424132 
-1.96621 -0.108144 0.424133 
-1.96661 -0.108494 0.424113 
-1.9679 -0.109649 0.424199 
-1.96896 -0.110789 0.424232 
-1.96942 -0.111408 0.424186 
-1.96971 -0.111882 0.424134 
-1.97042 -0.113023 0.424118 
-1.971 -0.114171 0.424111 
-1.9712 -0.115253 0.423935 
-1.97141 -0.11639 0.423858 
-1.97148 -0.117525 0.423777 
-1.97136 -0.118649 0.423652 
-1.97109 -0.119779 0.423517 
-1.97073 -0.120922 0.423412 
-1.97042 -0.122133 0.423448 
-1.97041 -0.122258 0.423468 
-1.97005 -0.123413 0.423608 
-1.96996 -0.123607 0.423627 
-1.96932 -0.124672 0.423707 
-1.96918 -0.124865 0.423717 
-1.96822 -0.125911 0.423728 
-1.96802 -0.126093 0.423726 
-1.96672 -0.127139 0.423685 
-1.96656 -0.12725 0.423676 
-1.96496 -0.128246 0.423606 
-1.96477 -0.128354 0.423589 
-1.96281 -0.129349 0.423406 
-1.96235 -0.129542 0.423404 
-1.96125 -0.129958 0.423382 
-1.96024 -0.130177 0.423507 
-1.96032 -0.12984 0.423835 
-1.96034 -0.129718 0.423942 
-1.96087 -0.128941 0.424446 
-1.96099 -0.128772 0.424543 
-1.96154 -0.127982 0.424949 
-1.96198 -0.127279 0.425269 
-1.96208 -0.12699 0.425389 
-1.9631 -0.125951 0.425766 
-1.96459 -0.124866 0.426092 
-1.96483 -0.124754 0.42612 
-1.96676 -0.124038 0.426238 
-1.96756 -0.123648 0.426292 
-1.96855 -0.123137 0.426339 
-1.96972 -0.122416 0.42638 
-1.97012 -0.122065 0.426407 
-1.97083 -0.121232 0.426477 
-1.97156 -0.120239 0.42651 
-1.97171 -0.120019 0.426506 
-1.97208 -0.118841 0.426549 
-1.97204 -0.117695 0.426619 
-1.97205 -0.116559 0.426561 
-1.97204 -0.116477 0.426556 
-1.97174 -0.115273 0.426478 
-1.97122 -0.114063 0.426362 
-1.97045 -0.11285 0.42623 
-1.9701 -0.112301 0.426125 
-1.96958 -0.11159 0.425975 
-1.96843 -0.110349 0.425726 
-1.96745 -0.109339 0.425421 
-1.96713 -0.109042 0.425322 
-1.96556 -0.107751 0.424929 
-1.96383 -0.108402 0.422388 
-1.96372 -0.108251 0.422007 
-1.96416 -0.108611 0.421913 
-1.96497 -0.109357 0.421817 
-1.96527 -0.109668 0.421778 
-1.96636 -0.110811 0.421822 
-1.96724 -0.11194 0.421812 
-1.96758 -0.112553 0.421743 
-1.9678 -0.113028 0.421672 
-1.96831 -0.114152 0.421613 
-1.9687 -0.115287 0.421567 
-1.9687 -0.116363 0.421349 
-1.96872 -0.117482 0.421232 
-1.9686 -0.118604 0.421108 
-1.96833 -0.119733 0.420973 
-1.96798 -0.120875 0.420868 
-1.96767 -0.122083 0.420905 
-1.96765 -0.122208 0.420924 
-1.96732 -0.123372 0.421086 
-1.96727 -0.12349 0.421101 
-1.96698 -0.124308 0.421335 
-1.96669 -0.124736 0.421407 
-1.96628 -0.125239 0.42147 
-1.96597 -0.125622 0.421743 
-1.96525 -0.126178 0.421813 
-1.96496 -0.126372 0.421827 
-1.96425 -0.126722 0.422008 
-1.96352 -0.126928 0.422203 
-1.96273 -0.127024 0.42239 
-1.96212 -0.126836 0.422644 
-1.96215 -0.126744 0.422693 
-1.96341 -0.125694 0.423065 
-1.96362 -0.125586 0.423085 
-1.96552 -0.12452 0.423261 
-1.96571 -0.124399 0.423279 
-1.96717 -0.12333 0.423399 
-1.96757 -0.122959 0.423442 
-1.96831 -0.122159 0.423519 
-1.96892 -0.121035 0.42369 
-1.96946 -0.119931 0.423749 
-1.96949 -0.119852 0.42375 
-1.9697 -0.118702 0.423832 
-1.96979 -0.117518 0.42383 
-1.96956 -0.11635 0.423847 
-1.96909 -0.115198 0.42386 
-1.96865 -0.11404 0.423707 
-1.96862 -0.113963 0.423695 
-1.96783 -0.112752 0.423562 
-1.96689 -0.111512 0.423341 
-1.96573 -0.110274 0.423094 
-1.96538 -0.109889 0.422974 
-1.96442 -0.108942 0.422632 
-1.961 -0.108463 0.419456 
-1.96119 -0.108616 0.419429 
-1.96236 -0.109686 0.419333 
-1.96262 -0.109959 0.419313 
-1.96332 -0.110769 0.419242 
-1.96432 -0.111943 0.419339 
-1.96496 -0.113048 0.419245 
-1.96552 -0.114186 0.419224 
-1.96554 -0.114251 0.419209 
-1.96568 -0.115246 0.419003 
-1.96596 -0.116397 0.418966 
-1.96585 -0.117475 0.418756 
-1.96558 -0.118553 0.418533 
-1.96527 -0.11967 0.418373 
-1.96507 -0.120854 0.418372 
-1.96506 -0.121456 0.418481 
-1.96508 -0.122195 0.418707 
-1.96506 -0.122402 0.418771 
-1.96524 -0.122785 0.419147 
-1.96548 -0.122841 0.419562 
-1.96565 -0.12266 0.419702 
-1.96628 -0.121699 0.420197 
-1.96632 -0.121636 0.420221 
-1.9667 -0.120672 0.420543 
-1.96703 -0.119543 0.420687 
-1.96715 -0.118419 0.420811 
-1.96708 -0.117284 0.420894 
-1.96682 -0.116133 0.420936 
-1.96637 -0.114976 0.420937 
-1.96571 -0.113818 0.420914 
-1.96501 -0.112651 0.420713 
-1.96495 -0.112567 0.420697 
-1.96394 -0.111358 0.42053 
-1.96276 -0.110098 0.420233 
-1.96208 -0.109419 0.419979 
-1.96127 -0.108688 0.41959 
