-0.0199831 0.00626736 0.0255723 
-0.0211669 0.00632667 0.0263202 
-0.0232425 0.00600065 0.0287263 
-0.0196902 0.00377055 0.0249125 
-0.0169426 0.00124347 0.0230231 
-0.0196843 -0.00117756 0.0293958 
-0.0215293 -0.00243882 0.0335757 
-0.0242598 -0.00503271 0.0409393 
-0.0256288 -0.00678906 0.045407 
-0.0266439 -0.00981363 0.0520744 
-0.02433 -0.0105957 0.0519438 
-0.0246571 -0.0107388 0.0560345 
-0.0246506 -0.0106778 0.0560621 
-0.0221252 -0.0072595 0.0493515 
-0.0250106 -0.00420561 0.0512952 
-0.0299845 -0.00191635 0.0569924 
-0.0336596 0.000825648 0.0592974 
-0.0348656 0.0028091 0.0582463 
-0.0353715 0.00671111 0.0527978 
-0.0352987 0.00681724 0.0524991 
-0.0297206 0.00820241 0.0402828 
-0.0287727 0.00813922 0.0386518 
-0.0489144 0.012611 0.0647626 
-0.0415082 0.0118088 0.0516374 
-0.0364545 0.010375 0.0429329 
-0.0357687 0.00968065 0.0415897 
-0.0320836 0.0072054 0.0367237 
-0.0309588 0.00654536 0.0353727 
-0.0277504 0.00360121 0.0322956 
-0.0296577 0.00108318 0.0365994 
-0.0301855 0.000560328 0.037843 
-0.0310181 -0.00229072 0.0424799 
-0.0307528 -0.00306509 0.0432403 
-0.0321293 -0.006544 0.0507998 
-0.0386635 -0.0115314 0.0680149 
-0.0417936 -0.0144934 0.0776607 
-0.041056 -0.0147864 0.0774942 
-0.0410921 -0.0149268 0.0779195 
-0.03438 -0.0136105 0.0691623 
-0.0274695 -0.0106517 0.058835 
-0.0310777 -0.00810636 0.0631691 
-0.0390116 -0.0026629 0.0701303 
-0.0472084 0.00232389 0.0772983 
-0.0494861 0.00427192 0.0783934 
-0.0528903 0.00956247 0.0764027 
-0.052416 0.0117615 0.0722417 
-0.0595987 0.0165169 0.0743183 
-0.0436749 0.0142128 0.0512632 
-0.0340834 0.0112659 0.0379699 
-0.0348571 0.0100139 0.0376026 
-0.0349068 0.00983836 0.0375357 
-0.0340767 0.00772963 0.0355732 
-0.0337935 0.00745928 0.0352159 
-0.031439 0.00487658 0.0330827 
-0.0352908 0.00275073 0.0393143 
-0.03538 0.00261575 0.0395447 
-0.0344486 -0.000891714 0.0423632 
-0.0343047 -0.00100058 0.0423238 
-0.0275206 -0.00383171 0.0379876 
-0.0286749 -0.0060125 0.0439289 
-0.0379975 -0.00997414 0.0636726 
-0.0499762 -0.0120885 0.0856633 
-0.0501468 -0.0119943 0.0859011 
-0.0476539 -0.00608993 0.0788973 
-0.0533151 0.0007762 0.081539 
-0.0611513 0.00818195 0.0860191 
-0.0621119 0.00935841 0.0862413 
-0.0626728 0.0157375 0.0800926 
-0.0512196 0.028912 0.0503028 
-0.0482581 0.0267378 0.0459027 
-0.0477719 0.0262629 0.0452756 
-0.0411716 0.020687 0.0378601 
-0.0385158 0.0178032 0.0347985 
-0.0365413 0.0157785 0.0328285 
-0.0331232 0.0129436 0.0297916 
-0.028892 0.00908951 0.0265379 
-0.0279397 0.00674146 0.0266419 
-0.0277749 0.00473225 0.0274583 
-0.0280586 0.00271021 0.0288827 
-0.0286866 0.000440765 0.0307128 
-0.0318046 -0.00228944 0.0356772 
-0.0322329 -0.00300002 0.0366504 
-0.0321292 -0.00568134 0.0385419 
-0.032173 -0.00946135 0.0417659 
-0.0321925 -0.0104088 0.042631 
-0.0321331 -0.0157127 0.0474886 
-0.0317207 -0.0165174 0.0479204 
-0.0272944 -0.0197568 0.0476317 
-0.0265749 -0.0223234 0.0513415 
-0.0338056 -0.0287736 0.0694355 
-0.0348189 -0.0291548 0.0719182 
-0.0341366 -0.0258681 0.0699511 
-0.0354698 -0.0204891 0.0684723 
-0.0428001 -0.0164329 0.0758266 
-0.0549454 -0.0117852 0.0892679 
-0.0669541 -0.00518902 0.100483 
-0.0691988 -0.00147859 0.100226 
-0.0647451 0.00388671 0.0891407 
-0.0623816 0.011984 0.0791152 
-0.0623528 0.0150453 0.0766608 
-0.0596416 0.0169879 0.0713995 
-0.0535619 0.020437 0.0608162 
-0.0500079 0.0246653 0.0530039 
-0.0518102 0.0290395 0.0513559 
-0.0540027 0.0317001 0.0517795 
-0.0491264 0.0286197 0.0450144 
-0.0470857 0.0261891 0.0411812 
-0.0468558 0.0253378 0.040561 
-0.045064 0.022516 0.0380865 
-0.04312 0.0197309 0.035721 
-0.0416301 0.0179668 0.0340869 
-0.038865 0.0151408 0.0313195 
-0.0357452 0.0124136 0.0284676 
-0.0340763 0.0112748 0.0270072 
-0.027567 0.007555 0.0217889 
-0.0240713 0.00501687 0.0192947 
-0.0232717 0.0033585 0.0191644 
-0.0239241 0.00183627 0.0204611 
-0.0265482 -4.27497e-05 0.0242767 
-0.0289279 -0.00141413 0.0277611 
-0.0305575 -0.00278545 0.0305317 
-0.0325545 -0.00578193 0.0350555 
-0.0329128 -0.00655566 0.0360753 
-0.0333856 -0.0107791 0.0402571 
-0.0332648 -0.0111682 0.0405196 
-0.0327551 -0.0148103 0.0443752 
-0.0329003 -0.0200904 0.0506126 
-0.0349097 -0.026913 0.0605845 
-0.0362833 -0.0315115 0.0696125 
-0.0384934 -0.0331116 0.0774963 
-0.0391269 -0.0325294 0.0790273 
-0.0385561 -0.0288081 0.0766557 
-0.0392964 -0.0218551 0.0727198 
-0.0473432 -0.0166151 0.0784881 
-0.0474283 -0.0162679 0.0782734 
-0.0546931 -0.00991539 0.0828347 
-0.0617131 -0.00332971 0.0874799 
-0.062004 -0.00282352 0.0875227 
-0.0565603 0.00275912 0.0761242 
-0.0481209 0.00845556 0.0606597 
-0.044985 0.0138104 0.0531361 
-0.0471843 0.0202639 0.0526206 
-0.0511467 0.0263122 0.0544883 
-0.0518328 0.0269899 0.0549406 
-0.0550457 0.0311867 0.0552915 
-0.055551 0.0322698 0.0543161 
-0.0612849 0.0621243 0.0599207 
-0.0500807 0.0504592 0.0466859 
-0.0415974 0.0397353 0.0370595 
-0.0395688 0.0343215 0.033716 
-0.0435263 0.0340379 0.0357265 
-0.0454857 0.0332521 0.0367859 
-0.0463825 0.0319887 0.0370513 
-0.0479538 0.0294037 0.0371369 
-0.0480808 0.0290828 0.0371397 
-0.0479096 0.0254101 0.0360626 
-0.0477365 0.024719 0.0357762 
-0.0472135 0.0211621 0.0348518 
-0.0470186 0.0203746 0.0346116 
-0.0463333 0.0178916 0.0338392 
-0.043594 0.0146812 0.0315361 
-0.0427862 0.0141418 0.0309086 
-0.0371249 0.0102387 0.0267837 
-0.0353014 0.00763343 0.0255285 
-0.0348688 0.00580925 0.0256288 
-0.0322922 0.00359493 0.0243856 
-0.0304783 0.00153557 0.0236817 
-0.0302822 -0.000394551 0.0241455 
-0.0320641 -0.00262993 0.0264493 
-0.0358263 -0.0059314 0.0314008 
-0.0392901 -0.00925354 0.0364754 
-0.0398274 -0.0102678 0.0376889 
-0.0414293 -0.0148016 0.0428933 
-0.0434406 -0.0194314 0.0490028 
-0.0433271 -0.019675 0.0491801 
-0.0387871 -0.0215466 0.0481642 
-0.0350851 -0.0243327 0.0490644 
-0.0357073 -0.0301724 0.0566404 
-0.0386451 -0.0383308 0.0689533 
-0.038792 -0.0412161 0.0730939 
-0.0364683 -0.0417989 0.0728262 
-0.0290668 -0.0429576 0.068881 
-0.0234345 -0.0477746 0.0707114 
-0.0209083 -0.0565573 0.0807721 
-0.0193658 -0.0611599 0.0868208 
-0.0178336 -0.0633083 0.0896639 
-0.0144233 -0.0653894 0.0929719 
-0.0141163 -0.0653591 0.0931192 
-0.0127898 -0.0634965 0.0940819 
-0.0130256 -0.060932 0.0932996 
-0.0137115 -0.0545994 0.0881418 
-0.0189764 -0.0471596 0.0879907 
-0.0215994 -0.0414488 0.0851461 
-0.0228763 -0.0342943 0.0784836 
-0.0251436 -0.0227203 0.0690557 
-0.0277367 -0.0110256 0.0616383 
-0.0340061 0.000917348 0.0613142 
-0.0440187 0.0138526 0.0670027 
-0.0471309 0.0190186 0.0681589 
-0.0488645 0.0252707 0.0665628 
-0.0552199 0.0399548 0.0679497 
-0.0621896 0.0521128 0.0714181 
-0.0637293 0.0550746 0.0719273 
-0.0665755 0.0638124 0.070012 
-0.0664204 0.0644044 0.069101 
-0.0621276 0.0628225 0.0610842 
-0.0624736 0.0684313 0.056238 
-0.0546239 0.0560114 0.0472394 
-0.0522728 0.0489836 0.0431139 
-0.0552536 0.0473853 0.0437568 
-0.0582038 0.0480687 0.0455105 
-0.0596739 0.0457156 0.0455407 
-0.0582298 0.040007 0.0428325 
-0.0584258 0.0396113 0.0428266 
-0.0589297 0.034969 0.0419101 
-0.0587468 0.0343835 0.0416497 
-0.0563276 0.0288429 0.0388572 
-0.0558027 0.0277298 0.0383291 
-0.0538327 0.0240311 0.036507 
-0.0527714 0.0205546 0.0355244 
-0.0524095 0.0197385 0.0351937 
-0.0494894 0.0165281 0.0329655 
-0.0468196 0.0130298 0.0311352 
-0.0470585 0.0106754 0.0317784 
-0.0475291 0.0096585 0.0322722 
-0.0459324 0.00825992 0.031351 
-0.0406377 0.00516339 0.0281823 
-0.0386197 0.00256005 0.0275187 
-0.0403332 7.18863e-05 0.0297602 
-0.0447062 -0.00286979 0.0344494 
-0.0464081 -0.00447498 0.0366689 
-0.0480283 -0.00682945 0.0393379 
-0.0513463 -0.0122605 0.0455876 
-0.0515743 -0.0128742 0.0462402 
-0.0533599 -0.0191175 0.0529709 
-0.0551805 -0.0227118 0.0573301 
-0.0548448 -0.0259972 0.0599796 
-0.0498956 -0.0299402 0.0607512 
-0.0490768 -0.0366499 0.0671409 
-0.0477598 -0.0422158 0.072787 
-0.0425513 -0.0447187 0.0734564 
-0.0384077 -0.0495835 0.0772968 
-0.0342362 -0.057549 0.0839691 
-0.0299755 -0.0657637 0.0908847 
-0.0282977 -0.0749295 0.101314 
-0.0272964 -0.07679 0.103413 
-0.0223803 -0.08075 0.108213 
-0.0216638 -0.0813747 0.109149 
-0.0176197 -0.0806432 0.109639 
-0.0169731 -0.0799473 0.109124 
-0.013793 -0.0715191 0.100949 
-0.0134365 -0.0696989 0.0988764 
-0.0137043 -0.0577567 0.0879844 
-0.0160964 -0.0443579 0.0770664 
-0.0225772 -0.0383728 0.0804177 
-0.0284843 -0.031075 0.0828258 
-0.0284939 -0.0302842 0.0821646 
-0.0273236 -0.0166926 0.0688021 
-0.0352538 -0.00410508 0.0720631 
-0.0402291 0.00214063 0.0751482 
-0.0447314 0.0110893 0.0751478 
-0.0491797 0.0283674 0.0706542 
-0.0579774 0.0478298 0.0741874 
-0.0600463 0.0506496 0.0759286 
-0.0760034 0.0743582 0.0865271 
-0.0772551 0.0763443 0.0871595 
-0.0844164 0.0901295 0.0884075 
-0.084684 0.0909733 0.0881162 
-0.083573 0.0934948 0.0821445 
-0.0834087 0.0933683 0.0818482 
-0.0753808 0.0847291 0.0708088 
-0.0697533 0.0776323 0.0641722 
-0.0568733 0.0698231 0.0514167 
-0.0485232 0.0566119 0.0423673 
-0.0480003 0.0515954 0.0401614 
-0.0514183 0.0499909 0.0410239 
-0.0574245 0.050672 0.0438868 
-0.064654 0.0520204 0.0475472 
-0.0648669 0.0519116 0.0476021 
-0.0673508 0.0472704 0.0471523 
-0.0673089 0.0465827 0.0469084 
-0.0656615 0.0401512 0.0440562 
-0.0650116 0.0384762 0.0432149 
-0.0623358 0.0328943 0.0402298 
-0.0614697 0.0313459 0.0393548 
-0.0584611 0.0260334 0.0366044 
-0.0579767 0.0249893 0.0361406 
-0.056459 0.0217806 0.0347431 
-0.0555014 0.0186195 0.033976 
-0.0550017 0.0169072 0.0335872 
-0.0537866 0.0154099 0.0328301 
-0.0488296 0.0116629 0.0301954 
-0.0439757 0.00832025 0.0276573 
-0.0412299 0.00564338 0.0260788 
-0.03987 0.00329223 0.0258251 
-0.0401108 0.000959982 0.0267813 
-0.0418175 -0.00154743 0.0288155 
-0.0449112 -0.00477622 0.0321805 
-0.0495911 -0.00888316 0.0370587 
-0.0513291 -0.0114472 0.0398609 
-0.0506379 -0.0137705 0.040998 
-0.0491869 -0.0174421 0.0428071 
-0.0532662 -0.0237493 0.0515302 
-0.0548149 -0.0271972 0.0555779 
-0.0549343 -0.0304225 0.058522 
-0.0564237 -0.0384365 0.0671825 
-0.0624196 -0.049418 0.0825083 
-0.0641292 -0.0538287 0.0888402 
-0.0625987 -0.055684 0.0908246 
-0.053667 -0.0544418 0.0863957 
-0.0430463 -0.0528826 0.0804927 
-0.0339845 -0.0553506 0.0787944 
-0.0296957 -0.0632917 0.0855812 
-0.0293572 -0.0636244 0.0858067 
-0.0231246 -0.0648534 0.0848803 
-0.0196457 -0.0649163 0.0844653 
-0.0178467 -0.0638674 0.083532 
-0.016502 -0.0612464 0.0813712 
-0.0158091 -0.0541978 0.0751425 
-0.0157806 -0.052275 0.073477 
-0.0153707 -0.0436134 0.0646802 
-0.0161348 -0.0307171 0.052028 
-0.021928 -0.0255616 0.0547343 
-0.030766 -0.0208829 0.0617727 
-0.0355473 -0.0179943 0.066741 
-0.0393171 -0.0129452 0.0692835 
-0.0497771 0.00228922 0.0738137 
-0.0559757 0.011201 0.0760365 
-0.0589646 0.0198997 0.0751065 
-0.0622192 0.039109 0.0744668 
-0.0680268 0.0613212 0.0772387 
-0.0793098 0.0859324 0.0841306 
-0.0812809 0.0898048 0.0851641 
-0.0863425 0.101351 0.0863103 
-0.0855789 0.102963 0.0835138 
-0.0828593 0.101185 0.0793677 
-0.0751911 0.0931356 0.0702237 
-0.070095 0.0869992 0.0648036 
-0.0673377 0.0776558 0.0580182 
-0.058973 0.0632654 0.0486546 
-0.0553442 0.0545328 0.0435259 
-0.0578807 0.0530737 0.0436466 
-0.0644413 0.054878 0.0466626 
-0.0675664 0.0533543 0.0470766 
-0.0703904 0.0505695 0.0468251 
-0.0696989 0.0455808 0.0444603 
-0.0703076 0.0454427 0.0446401 
-0.0699981 0.0401301 0.0425041 
-0.0696411 0.0390988 0.0419862 
-0.0657015 0.0325797 0.0381519 
-0.064959 0.0317952 0.0375884 
-0.0628927 0.0274233 0.0357309 
-0.0614433 0.0236029 0.0344409 
-0.0611949 0.0227828 0.0341684 
-0.0591358 0.0197009 0.0326648 
-0.0559559 0.0160944 0.0307283 
-0.05472 0.015108 0.0299448 
-0.0500952 0.0120812 0.027109 
-0.0470391 0.00925415 0.0256513 
-0.0433974 0.00652998 0.024079 
-0.041028 0.00406931 0.0229049 
-0.0408432 0.00190335 0.023236 
-0.0432432 -0.000612694 0.0255208 
-0.0490139 -0.00398208 0.0301001 
-0.0556682 -0.00808557 0.0356311 
-0.0572968 -0.0101274 0.0376105 
-0.0575019 -0.0127266 0.0389304 
-0.05633 -0.0180426 0.0408094 
-0.0562088 -0.019147 0.0414216 
-0.0565447 -0.0261461 0.0464286 
-0.0566319 -0.0279955 0.0478442 
-0.0552215 -0.0320016 0.0502352 
-0.0562698 -0.0388839 0.0575065 
-0.0618993 -0.0482032 0.0703041 
-0.0640298 -0.0513067 0.0753648 
-0.0670058 -0.0571545 0.085051 
-0.0687951 -0.0637465 0.0959219 
-0.0685543 -0.063975 0.0965139 
-0.0616524 -0.0608361 0.0944444 
-0.0602077 -0.0596711 0.0932954 
-0.0527404 -0.0506156 0.0845737 
-0.0521412 -0.0495626 0.0836079 
-0.0471708 -0.0380473 0.0726571 
-0.0462338 -0.0322606 0.0682846 
-0.045822 -0.0296022 0.0660433 
-0.0465169 -0.0223462 0.0610714 
-0.0490657 -0.0171649 0.0591361 
-0.0492267 -0.0169397 0.059077 
-0.0509339 -0.0119284 0.055961 
-0.0523329 -0.00853925 0.0543912 
-0.0529728 -0.00706215 0.0539315 
-0.0546873 -0.00137735 0.0529333 
-0.0553368 -9.12049e-05 0.0533083 
-0.0589333 0.00761006 0.0568372 
-0.0616636 0.0131846 0.0604067 
-0.063765 0.0237214 0.0643651 
-0.0634246 0.0420428 0.0641129 
-0.0631683 0.0429877 0.0638735 
-0.0540118 0.0511735 0.0547431 
-0.0600955 0.0664691 0.0599388 
-0.0613131 0.0699161 0.0607342 
-0.0698536 0.0839114 0.0668813 
-0.0745516 0.0905151 0.0696112 
-0.0745874 0.0906704 0.0689161 
-0.0725443 0.086403 0.0646711 
-0.0701225 0.0818152 0.0610401 
-0.088667 0.0675882 0.058124 
-0.0886285 0.0626883 0.0554971 
-0.0885016 0.0607512 0.0545604 
-0.0844709 0.0539142 0.0503316 
-0.0811465 0.0462382 0.0460284 
-0.0809485 0.0455213 0.0456722 
-0.0773599 0.0384832 0.0417183 
-0.0764999 0.0372432 0.0409567 
-0.072249 0.0309506 0.0373324 
-0.071431 0.0298479 0.0366874 
-0.0682028 0.0255222 0.0342333 
-0.065066 0.0222252 0.0321626 
-0.062592 0.0205331 0.030757 
-0.0584873 0.0166293 0.0285299 
-0.0590847 0.0140281 0.0284872 
-0.0595057 0.0119042 0.0287496 
-0.0592478 0.0117091 0.0286192 
-0.0515315 0.00810966 0.024873 
-0.0486489 0.0052643 0.0238082 
-0.0486512 0.00276959 0.0242164 
-0.0510701 5.04156e-05 0.0259838 
-0.0576593 -0.0033263 0.0302764 
-0.0607978 -0.0051186 0.0325377 
-0.0625088 -0.00754098 0.0343122 
-0.0627879 -0.0121339 0.0359025 
-0.063835 -0.0177585 0.0384105 
-0.0641342 -0.0186013 0.0389582 
-0.0629546 -0.0241926 0.040937 
-0.0614064 -0.0267997 0.041662 
-0.0601845 -0.0331498 0.0459122 
-0.0593378 -0.0348614 0.0468726 
-0.0560236 -0.0379134 0.0478517 
-0.0585005 -0.0462376 0.0564224 
-0.0607375 -0.0503719 0.0615798 
-0.0616212 -0.0541603 0.066518 
-0.0611831 -0.0601562 0.0738841 
-0.0621209 -0.0642031 0.0806219 
-0.0622202 -0.0664984 0.084862 
-0.0601749 -0.0692713 0.0907862 
-0.0598748 -0.069192 0.0911991 
-0.0556231 -0.0645166 0.0908186 
-0.0550905 -0.0636049 0.0902901 
-0.0522127 -0.0539382 0.0848876 
-0.0508548 -0.0469012 0.0802431 
-0.0501574 -0.0435564 0.0775865 
-0.0489685 -0.0335032 0.0692127 
-0.0512754 -0.0262503 0.0649753 
-0.0514333 -0.0258893 0.0647581 
-0.052432 -0.0195562 0.0592077 
-0.0545696 -0.0139351 0.0550123 
-0.055412 -0.0131011 0.0546439 
-0.057445 -0.00882405 0.0521327 
-0.0589721 -0.00412519 0.0505776 
-0.0599481 -0.00168271 0.0502907 
-0.0640769 0.00850235 0.0511453 
-0.0652444 0.0146615 0.0516179 
-0.0625619 0.0220631 0.0499879 
-0.0563386 0.0354338 0.0468683 
-0.0536323 0.0484465 0.0461255 
-0.0568545 0.056207 0.0482973 
-0.0631634 0.0640154 0.0521068 
-0.0640897 0.0650941 0.0526933 
-0.0639222 0.0641724 0.0519325 
-0.069217 0.065489 0.0544486 
-0.0786358 0.071027 0.0600789 
-0.0788526 0.0711131 0.0601588 
-0.0775879 0.0678683 0.0574008 
-0.0815518 0.0681577 0.0577808 
-0.090136 0.0721484 0.0614044 
-0.0904917 0.0722528 0.0615095 
-0.106878 0.0801004 0.0663633 
-0.0994471 0.0702685 0.0590635 
-0.0960429 0.0654471 0.0557934 
-0.0901854 0.0581402 0.0507401 
-0.0841265 0.0480944 0.0445237 
-0.0834418 0.0465973 0.0436999 
-0.0809387 0.0405908 0.0404496 
-0.08007 0.0383205 0.0392753 
-0.0775497 0.0331499 0.0366251 
-0.0771391 0.0324917 0.036264 
-0.0729737 0.0271775 0.0332686 
-0.0713765 0.0250156 0.0320768 
-0.0684514 0.0222602 0.0302379 
-0.0650836 0.0183706 0.0282808 
-0.0659814 0.0158653 0.0285269 
-0.066001 0.0157098 0.0285272 
-0.0618556 0.0124665 0.0266185 
-0.0563049 0.0089676 0.0242653 
-0.0537532 0.00598409 0.023285 
-0.0540717 0.00338038 0.02369 
-0.0557265 0.000533789 0.0248572 
-0.0594476 -0.00287491 0.0271205 
-0.0637187 -0.00689279 0.0295921 
-0.0688327 -0.011846 0.0329693 
-0.0690089 -0.012188 0.033134 
-0.0699088 -0.0177627 0.0348018 
-0.0709317 -0.0245828 0.0371392 
-0.0711404 -0.0268792 0.0379839 
-0.0690624 -0.031579 0.0385417 
-0.0656675 -0.0362517 0.0388285 
-0.063246 -0.0389557 0.039023 
-0.0582242 -0.0412589 0.0380452 
-0.0528988 -0.04573 0.0390179 
-0.0551951 -0.054906 0.0465168 
-0.0616941 -0.0675156 0.0594041 
-0.0632593 -0.0710963 0.0634922 
-0.0633295 -0.0758944 0.0697299 
-0.060473 -0.0798864 0.076248 
-0.0605677 -0.0806649 0.077483 
-0.0576413 -0.0824243 0.0843065 
-0.0567989 -0.0821071 0.0849111 
-0.0502479 -0.0766625 0.08441 
-0.0489816 -0.0751866 0.0836741 
-0.042603 -0.0642291 0.0774533 
-0.0412021 -0.0611072 0.0751799 
-0.0373426 -0.0500167 0.0666717 
-0.0359431 -0.0390643 0.0587871 
-0.0354412 -0.0366345 0.0564922 
-0.034164 -0.0289512 0.0485899 
-0.0353227 -0.0224132 0.0425076 
-0.0351807 -0.0210734 0.0406959 
-0.0345099 -0.0166706 0.0344038 
-0.0370359 -0.0128136 0.0313145 
-0.0371306 -0.0119492 0.0303642 
-0.0362429 -0.00818533 0.026982 
-0.0400116 -0.0019876 0.0274733 
-0.0491453 0.00692701 0.0325558 
-0.0499159 0.00801636 0.0330183 
-0.0536403 0.019221 0.0355592 
-0.0563231 0.0261491 0.037628 
-0.0573018 0.0341757 0.0389529 
-0.0603235 0.0436788 0.0425068 
-0.0651825 0.050325 0.0470163 
-0.0672975 0.0527097 0.0488688 
-0.0754442 0.0593857 0.0547612 
-0.0888281 0.0695808 0.0635161 
-0.0894805 0.0701331 0.0639432 
-0.097957 0.0770669 0.0682916 
-0.101867 0.0799643 0.0692471 
-0.103395 0.0810233 0.0695189 
-0.108127 0.0835382 0.069988 
-0.109726 0.0832727 0.0690619 
-0.104835 0.0779729 0.0608746 
-0.0949536 0.0676288 0.0526637 
-0.0841173 0.0556301 0.0438414 
-0.082181 0.0497249 0.0401136 
-0.0826757 0.0493784 0.0400592 
-0.0812883 0.0439324 0.037258 
-0.0803514 0.0412835 0.0359851 
-0.0793043 0.0365617 0.0340957 
-0.0790282 0.0359209 0.033792 
-0.0759626 0.030812 0.031329 
-0.074272 0.0285311 0.0300634 
-0.0717732 0.025541 0.0283313 
-0.070082 0.0221875 0.0271237 
-0.068634 0.0201848 0.0262649 
-0.0669062 0.018507 0.0253925 
-0.0641811 0.0152343 0.0240287 
-0.0619348 0.0122731 0.0227158 
-0.0577707 0.00910054 0.0210017 
-0.0554374 0.00623995 0.0203727 
-0.0554972 0.00362908 0.0205409 
-0.0568792 0.000819918 0.0211407 
-0.0607371 -0.00254152 0.0226017 
-0.0659841 -0.00663155 0.0250256 
-0.0702473 -0.0117871 0.0275926 
-0.0753142 -0.0181008 0.0302752 
-0.077658 -0.0207419 0.0316472 
-0.0796564 -0.026289 0.033663 
-0.0799214 -0.034488 0.0356737 
-0.0799613 -0.035681 0.0360139 
-0.0768812 -0.0429205 0.0370559 
-0.073608 -0.0463377 0.037284 
-0.0689272 -0.0512011 0.0381871 
-0.0665677 -0.0515875 0.0378815 
-0.0628662 -0.0568109 0.0404226 
-0.0696431 -0.0699955 0.0501461 
-0.070011 -0.0708528 0.0508508 
-0.0702851 -0.0773934 0.057838 
-0.0736945 -0.0859011 0.0667991 
-0.0736235 -0.0888515 0.0706436 
-0.0683206 -0.0904637 0.0761312 
-0.0678767 -0.0907596 0.0768791 
-0.0605899 -0.0888643 0.0798283 
-0.0573921 -0.086902 0.079345 
-0.0488054 -0.0803379 0.0759138 
-0.0408583 -0.0733525 0.0716215 
-0.0376485 -0.0699186 0.0692739 
-0.0299143 -0.0592646 0.0608978 
-0.0280099 -0.0559013 0.058095 
-0.0243787 -0.047578 0.0509049 
-0.0216745 -0.0396976 0.0431729 
-0.02064 -0.0366787 0.0397584 
-0.0198098 -0.0282601 0.0306106 
-0.0196278 -0.0259596 0.0274549 
-0.0194857 -0.0227194 0.0223227 
-0.0194193 -0.0208949 0.0180256 
-0.0194154 -0.0203944 0.015965 
-0.0192642 -0.0195143 0.0126402 
-0.019106 -0.0190981 0.0116902 
-0.017696 -0.0159364 0.00856612 
-0.01734 -0.0153581 0.00817293 
-0.0137373 -0.00874951 0.00514289 
-0.0122901 0.000764677 0.0033321 
-0.0138808 0.0115236 0.00345145 
-0.0169911 0.0208909 0.00567203 
-0.0199583 0.0240327 0.00834051 
-0.0291583 0.0268101 0.0153417 
-0.0415922 0.0298036 0.0248501 
-0.0527485 0.0339881 0.0333249 
-0.0618307 0.040108 0.0408744 
-0.0714523 0.0471556 0.0480681 
-0.0720835 0.0477037 0.0485282 
-0.0829794 0.0567163 0.0555329 
-0.0974442 0.0689721 0.0638744 
-0.0992714 0.0705782 0.0648522 
-0.110877 0.0808482 0.0699229 
-0.113696 0.0838443 0.0707619 
-0.115818 0.0866641 0.0701277 
-0.114094 0.0854988 0.0676769 
-0.110952 0.0792984 0.058589 
-0.0920789 0.0644785 0.0459049 
-0.079897 0.05314 0.03739 
-0.0805283 0.0495804 0.0353289 
-0.0864838 0.0484364 0.0356091 
-0.0871562 0.0482793 0.0356648 
-0.085538 0.0421613 0.0329264 
-0.085003 0.0413791 0.0325208 
-0.0827762 0.0360615 0.0302694 
-0.0807223 0.0333952 0.0288866 
-0.0776476 0.0298949 0.0269876 
-0.0759681 0.0262304 0.025581 
-0.0746385 0.025042 0.0249394 
-0.0683063 0.0209244 0.0223636 
-0.0655589 0.0174309 0.0208686 
-0.0698403 0.0158082 0.0215997 
-0.0716565 0.0138683 0.0219531 
-0.0714618 0.0136771 0.0218708 
-0.0631641 0.00983127 0.0190317 
-0.0583297 0.00651112 0.0174661 
-0.057437 0.00370008 0.0171042 
-0.0599549 0.000802357 0.0178053 
-0.0663693 -0.00275953 0.0196773 
-0.0764984 -0.00711936 0.0229439 
-0.0768232 -0.00741301 0.0230628 
-0.0774124 -0.0120267 0.0235012 
-0.079526 -0.0186481 0.0251352 
-0.0856678 -0.0257739 0.0280113 
-0.0866199 -0.0278617 0.0285979 
-0.0867848 -0.0360651 0.0299033 
-0.0873403 -0.0420949 0.0313293 
-0.0854589 -0.0462451 0.0318888 
-0.0781605 -0.0488725 0.0313361 
-0.0720279 -0.0538024 0.0326984 
-0.072629 -0.0631512 0.0375362 
-0.08136 -0.0784585 0.0472272 
-0.0846929 -0.0853662 0.0527505 
-0.0840008 -0.0875035 0.0555999 
-0.0806591 -0.0910877 0.0620863 
-0.079815 -0.0909096 0.0624521 
-0.069268 -0.0859229 0.0636061 
-0.0659341 -0.0843743 0.0637637 
-0.0575079 -0.080259 0.0633014 
-0.0460174 -0.0729361 0.0604264 
-0.0434938 -0.0710371 0.0594977 
-0.032655 -0.0620374 0.0547319 
-0.0309153 -0.0600585 0.0534528 
-0.0232269 -0.0501268 0.0460866 
-0.0213605 -0.0477194 0.0438095 
-0.0181182 -0.0429386 0.038448 
-0.014033 -0.0352946 0.0286932 
-0.0137107 -0.0343377 0.0272157 
-0.0126598 -0.0303357 0.0202603 
-0.0125623 -0.0291873 0.0173502 
-0.0131893 -0.0286586 0.0142326 
-0.0139929 -0.028698 0.0124734 
-0.0150725 -0.0282836 0.00927166 
-0.0150039 -0.02782 0.00856269 
-0.0147219 -0.0248315 0.00549017 
-0.013609 -0.0223862 0.0042416 
-0.0105226 -0.0160381 0.00203161 
-0.00835055 -0.00773788 -1.12474e-05 
-0.00833333 0.000775337 -0.00115058 
-0.0114608 0.0109868 -0.000991517 
-0.0151826 0.0176777 0.000116393 
-0.0203165 0.0251454 0.00358135 
-0.0209145 0.0255446 0.00456414 
-0.0252277 0.0240874 0.00933865 
-0.0320768 0.0216753 0.0155719 
-0.0422293 0.0220254 0.022964 
-0.047341 0.0222394 0.0266005 
-0.0493781 0.0220735 0.0280971 
-0.0515836 0.0199408 0.0292953 
-0.0641315 0.0279558 0.0372458 
-0.0662642 0.0296233 0.0385456 
-0.0810891 0.042361 0.0467992 
-0.0870811 0.0480528 0.0501724 
-0.103232 0.065377 0.0593794 
-0.104746 0.0669818 0.0600875 
-0.114303 0.0786186 0.0635953 
-0.115214 0.0799372 0.0637008 
-0.112766 0.0805274 0.0598223 
-0.119653 0.0793145 0.0517275 
-0.105089 0.0682523 0.0428688 
-0.0969693 0.059069 0.0371129 
-0.0955611 0.0539283 0.0349489 
-0.0950865 0.0522423 0.0342146 
-0.0916269 0.0447437 0.0306809 
-0.0909033 0.0434575 0.0300726 
-0.0868214 0.0368667 0.0271099 
-0.0861123 0.0357582 0.0265951 
-0.0833077 0.0313037 0.0245512 
-0.0806396 0.0279702 0.0230395 
-0.0781139 0.0262018 0.0220435 
-0.0710425 0.0211755 0.0193273 
-0.0729577 0.018666 0.0189655 
-0.0774193 0.0172557 0.0198715 
-0.077486 0.017113 0.0198717 
-0.0717128 0.0135245 0.0180972 
-0.0648537 0.00976169 0.0160032 
-0.060696 0.00645408 0.0145111 
-0.0586853 0.00354288 0.0135909 
-0.0627579 0.000671675 0.014556 
-0.0688182 -0.00302411 0.0159739 
-0.0778091 -0.00775491 0.017934 
-0.0867376 -0.0133221 0.0197989 
-0.0868935 -0.0136742 0.0198315 
-0.0853412 -0.0194011 0.0197423 
-0.0891969 -0.0280829 0.0214147 
-0.0911527 -0.0312047 0.0221353 
-0.0926577 -0.0382713 0.023228 
-0.0929358 -0.0455641 0.024466 
-0.0910653 -0.0509113 0.0251644 
-0.0868767 -0.0532199 0.0249177 
-0.0748969 -0.0543219 0.0244536 
-0.0747928 -0.0643125 0.0287356 
-0.0854351 -0.08181 0.0373754 
-0.0861641 -0.0845932 0.0395822 
-0.0830965 -0.08644 0.0425777 
-0.0776796 -0.0887525 0.0465192 
-0.0763455 -0.0881792 0.0467175 
-0.0655585 -0.0836595 0.047426 
-0.0561368 -0.0809183 0.0475552 
-0.054129 -0.0799256 0.0472937 
-0.040911 -0.0725817 0.0442288 
-0.0338365 -0.0668814 0.0423963 
-0.0284507 -0.0614084 0.040206 
-0.0218151 -0.0526802 0.0361274 
-0.0190502 -0.048436 0.033794 
-0.0142248 -0.039483 0.0273528 
-0.0139242 -0.0385426 0.0266449 
-0.0133838 -0.0313957 0.0206848 
-0.0137864 -0.0289917 0.0180172 
-0.0152607 -0.0262336 0.0136363 
-0.0166192 -0.0255557 0.0110254 
-0.0179464 -0.0259597 0.00833772 
-0.0181874 -0.0261549 0.00706399 
-0.0181754 -0.0260243 0.00406499 
-0.0178138 -0.0252948 0.00281532 
-0.0160892 -0.022079 0.000523138 
-0.0143741 -0.0159397 -0.00252762 
-0.013642 -0.00790483 -0.00512848 
-0.0136638 0.00173117 -0.00628069 
-0.0171194 0.0111451 -0.0050028 
-0.0180223 0.0121929 -0.0042633 
-0.0225964 0.0115559 0.000740131 
-0.0294722 0.00675512 0.00643255 
-0.0323154 0.00481684 0.00900781 
-0.0336909 0.003469 0.010935 
-0.0370256 0.00365339 0.0151764 
-0.043628 0.00503211 0.0195874 
-0.0537175 0.00834654 0.0243903 
-0.0662193 0.0156852 0.0309858 
-0.0719011 0.0199855 0.0339262 
-0.0854903 0.0322572 0.0410522 
-0.0954325 0.0419244 0.0458432 
-0.103701 0.050381 0.049542 
-0.115286 0.0639871 0.0542243 
-0.11711 0.0666011 0.054846 
-0.125047 0.0789096 0.057074 
-0.125376 0.0796864 0.0570037 
-0.121222 0.0802556 0.0527071 
-0.11137 0.0726416 0.037776 
-0.0955374 0.0607153 0.0306108 
-0.0958273 0.0584634 0.0301624 
-0.0911866 0.0529871 0.0280319 
-0.0865275 0.0449904 0.0249796 
-0.0861739 0.0437305 0.0245217 
-0.0843647 0.0386784 0.0227104 
-0.0830318 0.0359535 0.0216416 
-0.0813548 0.0329317 0.020368 
-0.0798724 0.0290633 0.0191393 
-0.0794607 0.028149 0.0187701 
-0.0759668 0.0245411 0.0170187 
-0.0742543 0.0210937 0.015751 
-0.0764005 0.0191248 0.0158864 
-0.0764756 0.0189748 0.0158766 
-0.0720346 0.0156149 0.0145538 
-0.0658632 0.0119128 0.0128656 
-0.0622111 0.00872724 0.0115255 
-0.0616528 0.00597014 0.0107639 
-0.0622659 0.00335646 0.010479 
-0.0640025 0.00043365 0.0105729 
-0.0662051 -0.00312521 0.0108398 
-0.0748578 -0.00802837 0.0119838 
-0.0880057 -0.0145565 0.0136475 
-0.0916285 -0.017519 0.0140142 
-0.0915169 -0.0209816 0.0138394 
-0.0904168 -0.0280516 0.0137233 
-0.094806 -0.0362276 0.0146327 
-0.0953365 -0.0385365 0.014799 
-0.0921239 -0.0470908 0.014797 
-0.0920539 -0.0505294 0.0150118 
-0.0866096 -0.0572244 0.0145646 
-0.0837107 -0.0571127 0.0141286 
-0.0763329 -0.0605476 0.0140126 
-0.0734605 -0.0686206 0.0156624 
-0.0816033 -0.0852843 0.0200039 
-0.0847225 -0.0909555 0.0219404 
-0.0834844 -0.09562 0.0243984 
-0.0753104 -0.0968389 0.0256813 
-0.0732979 -0.097932 0.0265907 
-0.0654637 -0.0957997 0.0272512 
-0.0518386 -0.0892956 0.0269918 
-0.0507949 -0.0891895 0.0272683 
-0.0392812 -0.0828917 0.0275899 
-0.0348535 -0.0792296 0.0270656 
-0.0257843 -0.069968 0.0251605 
-0.0196556 -0.0622274 0.0232449 
-0.0150589 -0.0542403 0.0213012 
-0.0125422 -0.0479027 0.0195282 
-0.00977868 -0.034717 0.0151603 
-0.00973912 -0.03422 0.0149502 
-0.0104023 -0.0244816 0.00995998 
-0.0114318 -0.021846 0.00801545 
-0.0137811 -0.0194118 0.00520488 
-0.0169686 -0.0172496 0.00177587 
-0.0171082 -0.0172449 0.00163016 
-0.0189784 -0.0171065 -0.00163614 
-0.0191388 -0.0169178 -0.00330536 
-0.0187452 -0.016437 -0.00513933 
-0.016768 -0.0130019 -0.00852754 
-0.0160751 -0.0113622 -0.00931969 
-0.0142228 -0.00638898 -0.0110977 
-0.0130879 0.00205058 -0.0129677 
-0.0141302 0.00519666 -0.012441 
-0.017114 0.00626208 -0.00894005 
-0.0192373 0.005271 -0.00611822 
-0.02515 0.000921335 0.000148255 
-0.0271982 -0.000809206 0.00172988 
-0.0296875 -0.00410315 0.00448837 
-0.0325794 -0.00606488 0.00802418 
-0.040361 -0.00538926 0.0124101 
-0.0418566 -0.00510411 0.0130478 
-0.0465606 -0.00265036 0.0149016 
-0.0596188 0.00307593 0.0205532 
-0.063876 0.00553618 0.0223515 
-0.081828 0.0179776 0.0300595 
-0.0872848 0.0226531 0.0324591 
-0.0979365 0.0333321 0.0370797 
-0.112323 0.0494601 0.0436916 
-0.117027 0.0549436 0.0454991 
-0.124603 0.0655015 0.0481203 
-0.129639 0.0764583 0.0495478 
-0.130565 0.0777303 0.0497262 
-0.131517 0.0836009 0.0480175 
-0.130761 0.0834973 0.047482 
-0.114329 0.0745671 0.0390506 
-0.0944532 0.0604922 0.0237221 
-0.0833078 0.0513973 0.0194861 
-0.0784395 0.0437946 0.0173114 
-0.0781766 0.0427566 0.0170884 
-0.0779579 0.03781 0.016174 
-0.0775951 0.03682 0.0158748 
-0.0760171 0.0327241 0.0146578 
-0.0742832 0.0295776 0.0137056 
-0.0728162 0.0280205 0.0131292 
-0.0728866 0.0251894 0.0125216 
-0.075398 0.0233013 0.0122136 
-0.0753407 0.0218371 0.0118449 
-0.0733103 0.0201757 0.0113152 
-0.0677857 0.0164063 0.0101421 
-0.0628914 0.0128782 0.00874453 
-0.060804 0.0100838 0.00771666 
-0.0623356 0.00795933 0.00740244 
-0.0638927 0.00560026 0.00710718 
-0.0648995 0.00294709 0.00675311 
-0.065104 7.62431e-07 0.00631986 
-0.0650155 -0.00329415 0.00585051 
-0.0682684 -0.00745941 0.005679 
-0.0837476 -0.0144198 0.00650232 
-0.0945907 -0.0208401 0.00697362 
-0.0955563 -0.0226314 0.00690901 
-0.0950904 -0.0299757 0.0064831 
-0.0989456 -0.0369247 0.0065508 
-0.100454 -0.0422684 0.00653227 
-0.10077 -0.052452 0.00647448 
-0.100611 -0.0547457 0.0064943 
-0.098445 -0.0668 0.0066104 
-0.097276 -0.0696753 0.00654057 
-0.0896483 -0.0721245 0.00627229 
-0.0850054 -0.0806289 0.00704253 
-0.0917584 -0.0980676 0.00908716 
-0.0934733 -0.102989 0.00977668 
-0.0900034 -0.106299 0.0106477 
-0.0831574 -0.109748 0.0118612 
-0.0821696 -0.109975 0.012 
-0.0706521 -0.105877 0.0123048 
-0.0618512 -0.101367 0.0123194 
-0.0547826 -0.0969703 0.0121991 
-0.0393845 -0.0863178 0.0114155 
-0.0376181 -0.0848169 0.0112467 
-0.0243048 -0.0717987 0.00959748 
-0.0167017 -0.0628751 0.00816936 
-0.0136255 -0.0583988 0.00735225 
-0.00652356 -0.0441571 0.00427359 
-0.00571949 -0.0419446 0.00372826 
-0.00376502 -0.0322739 0.00111289 
-0.00382365 -0.0294335 0.000150157 
-0.00547692 -0.0241745 -0.00212871 
-0.00593697 -0.0231376 -0.00260648 
-0.0097078 -0.0200253 -0.00470316 
-0.0116018 -0.0186858 -0.00638514 
-0.0124905 -0.0179779 -0.00780801 
-0.0136719 -0.0171898 -0.0109023 
-0.0128065 -0.0165362 -0.0124573 
-0.00946848 -0.0143078 -0.0156514 
-0.00360931 -0.00986216 -0.019845 
-0.000855658 -0.00747379 -0.0215099 
0.00758146 0.0017836 -0.0256606 
0.00769685 0.007315 -0.0261275 
0.0035025 0.00817759 -0.0217065 
-0.00355896 0.00615133 -0.0174639 
-0.010104 0.00170843 -0.0110928 
-0.0169951 -0.0054464 -0.00632721 
-0.0231196 -0.0111586 -0.00288603 
-0.0244223 -0.0123053 -0.00221549 
-0.026928 -0.0134335 -0.000508427 
-0.0307965 -0.0119703 0.00189671 
-0.038492 -0.00868285 0.00480376 
-0.0492212 -0.00392985 0.00821544 
-0.0708298 0.00443189 0.0151318 
-0.0776164 0.00802986 0.0174128 
-0.0917374 0.0176927 0.0223562 
-0.106894 0.0321159 0.0276673 
-0.107325 0.0327255 0.0278193 
-0.116771 0.0467389 0.0320498 
-0.127665 0.0621574 0.0356754 
-0.128834 0.0638623 0.0359736 
-0.133273 0.073933 0.037213 
-0.133949 0.0782563 0.037167 
-0.133039 0.0805349 0.0365727 
-0.12483 0.0789347 0.0336444 
-0.121255 0.0771264 0.0324534 
-0.0902426 0.057121 0.0147848 
-0.0812035 0.0484043 0.0127893 
-0.0807924 0.0476558 0.0126952 
-0.0756985 0.0395413 0.0113411 
-0.0749706 0.0382381 0.0110471 
-0.0733051 0.0338011 0.0100023 
-0.0720018 0.0306983 0.00926727 
-0.0708536 0.0292098 0.00884804 
-0.0689939 0.0254561 0.00781818 
-0.0717968 0.0238491 0.00767866 
-0.0728013 0.0229162 0.00755861 
-0.071701 0.0214012 0.00723193 
-0.0659162 0.0175476 0.00621196 
-0.0607819 0.0139144 0.00505359 
-0.0600531 0.0114602 0.00431305 
-0.0623851 0.00964431 0.00391407 
-0.0643717 0.00754741 0.00348283 
-0.0655172 0.00508819 0.00303627 
-0.0660877 0.00233623 0.00254148 
-0.0663434 -0.000690715 0.00196328 
-0.067243 -0.00417894 0.00131643 
-0.0754373 -0.00959715 0.000571215 
-0.0913691 -0.0169845 -5.96437e-05 
-0.0957214 -0.0196897 -0.000301828 
-0.0992848 -0.0252712 -0.000940384 
-0.102388 -0.0344666 -0.00191935 
-0.102801 -0.0357516 -0.00205528 
-0.103831 -0.0453376 -0.00280966 
-0.10377 -0.0522724 -0.00327871 
-0.103127 -0.0580287 -0.00362437 
-0.101748 -0.0671896 -0.00409705 
-0.0991375 -0.0737758 -0.00447123 
-0.0929282 -0.0747854 -0.00446924 
-0.0889687 -0.0837277 -0.00497411 
-0.093389 -0.0993538 -0.00563687 
-0.094742 -0.103999 -0.00594422 
-0.0912151 -0.107224 -0.00638549 
-0.0845155 -0.110189 -0.00701827 
-0.0835275 -0.110337 -0.00710803 
-0.0721573 -0.10573 -0.00761004 
-0.0633255 -0.100577 -0.00793766 
-0.0559213 -0.0955248 -0.00813516 
-0.0405431 -0.0846441 -0.00866242 
-0.0361458 -0.0810579 -0.008866 
-0.0258843 -0.0701496 -0.00909799 
-0.0178039 -0.0594845 -0.00927944 
-0.0141303 -0.0534937 -0.00937508 
-0.00791336 -0.0401729 -0.00922574 
-0.00743445 -0.0387864 -0.00920111 
-0.00519037 -0.0276928 -0.00912701 
-0.00517833 -0.0274211 -0.00912994 
-0.00543278 -0.0215263 -0.00887005 
-0.00561926 -0.0208304 -0.00892847 
-0.00673476 -0.0176275 -0.00951974 
-0.00689833 -0.0170644 -0.00968475 
-0.00813329 -0.015564 -0.0121642 
-0.00774775 -0.0147696 -0.0136442 
-0.0063538 -0.0137491 -0.0152296 
-0.000974394 -0.0103781 -0.018849 
0.000469081 -0.00935014 -0.0197596 
0.00902503 -0.00260839 -0.0271861 
0.0134434 0.00176975 -0.0307705 
0.0152469 0.00494317 -0.0309413 
0.0162797 0.00824991 -0.0336354 
0.0148108 0.00957591 -0.0329498 
0.00988458 0.00900126 -0.0290144 
0.00370868 0.00495898 -0.0251429 
0.00224669 0.00376496 -0.0234496 
-0.0050782 -0.00230015 -0.0146541 
-0.011049 -0.0076988 -0.0101857 
-0.0169733 -0.0126843 -0.00863035 
-0.022486 -0.0160812 -0.00804308 
-0.0252679 -0.0167721 -0.00807449 
-0.0273894 -0.0159909 -0.0076516 
-0.0324254 -0.0128475 -0.00576436 
-0.0482787 -0.0105564 -0.00320157 
-0.0523396 -0.00932383 -0.00226472 
-0.0743567 0.000207626 0.0036263 
-0.0784461 0.00252363 0.00478471 
-0.0958164 0.0146671 0.00988452 
-0.106487 0.02391 0.0131196 
-0.112802 0.0308105 0.0149985 
-0.124858 0.0461053 0.0189626 
-0.128761 0.0509536 0.0200121 
-0.135333 0.0610374 0.0220248 
-0.137648 0.068289 0.0228417 
-0.137228 0.0714522 0.0228974 
-0.135601 0.0776123 0.0235427 
-0.134447 0.0777173 0.0234007 
-0.122391 0.0752126 0.021651 
-0.114002 0.071759 0.0199472 
-0.103728 0.0658912 0.0176614 
-0.0619803 0.0405201 0.00668355 
-0.0637406 0.0397776 0.00644381 
-0.065285 0.0403709 0.0065193 
-0.066945 0.0371673 0.0057046 
-0.0662704 0.0363415 0.00554849 
-0.0676611 0.0333571 0.00507921 
-0.0665033 0.0303536 0.00458447 
-0.0651128 0.0286982 0.00431752 
-0.0632008 0.0249504 0.00364245 
-0.0664357 0.0235967 0.0031919 
-0.0663165 0.0234068 0.00316228 
-0.061782 0.0197796 0.00267691 
-0.0648687 0.0185523 0.00209152 
-0.062073 0.0156002 0.00130404 
-0.0590824 0.0127449 0.00078825 
-0.061289 0.0109819 0.000294719 
-0.0657683 0.0093118 -0.000430977 
-0.0692177 0.00733763 -0.00114203 
-0.0671084 0.00462574 -0.00143282 
-0.0644157 0.00161968 -0.00175011 
-0.0655772 -0.00156745 -0.00255534 
-0.0699421 -0.00533642 -0.00378684 
-0.0783794 -0.0107918 -0.00513613 
-0.0922832 -0.0180596 -0.00693813 
-0.09611 -0.020652 -0.00758201 
-0.100534 -0.0267399 -0.0090399 
-0.104234 -0.0351815 -0.0108699 
-0.104854 -0.0372112 -0.0112875 
-0.104983 -0.0478752 -0.0130429 
-0.104836 -0.0499752 -0.01338 
-0.102405 -0.0612891 -0.014905 
-0.101678 -0.0634316 -0.0151124 
-0.0936092 -0.0726893 -0.015265 
-0.0930056 -0.0730616 -0.0152622 
-0.0818276 -0.0753053 -0.01461 
-0.085226 -0.0889021 -0.0175791 
-0.0879245 -0.0947248 -0.0193753 
-0.0883436 -0.101915 -0.0226176 
-0.0833843 -0.106427 -0.0256242 
-0.0824739 -0.106662 -0.0259633 
-0.0713084 -0.102609 -0.027522 
-0.0631913 -0.0982719 -0.0285298 
-0.0563636 -0.0936388 -0.0289732 
-0.0413667 -0.0821981 -0.0297217 
-0.0396459 -0.0806022 -0.0297762 
-0.0274053 -0.0652158 -0.0290494 
-0.0227659 -0.0571531 -0.0284242 
-0.0161906 -0.040953 -0.0274256 
-0.0151548 -0.0375144 -0.0271514 
-0.0123798 -0.022569 -0.0261736 
-0.0121897 -0.0203895 -0.0258932 
-0.0124778 -0.0129254 -0.0248733 
-0.0135138 -0.00911438 -0.0242529 
-0.0138675 -0.00815016 -0.0237817 
-0.0150168 -0.00651897 -0.0229631 
-0.0155092 -0.00702654 -0.0225628 
-0.0152478 -0.00735554 -0.0220314 
-0.0142664 -0.00833145 -0.0208372 
-0.0153479 -0.0106866 -0.0222612 
-0.0158011 -0.0117576 -0.0225365 
-0.0170067 -0.0142952 -0.0213848 
-0.0192115 -0.0160192 -0.0192375 
-0.0232584 -0.0160914 -0.0167974 
-0.0314476 -0.0150122 -0.0158842 
-0.0470545 -0.0129307 -0.0152061 
-0.0495692 -0.0122523 -0.0149231 
-0.0711495 -0.00354328 -0.0116698 
-0.0749973 -0.0015047 -0.0108612 
-0.0958534 0.0120741 -0.00622131 
-0.0976763 0.0135821 -0.00577453 
-0.110527 0.0272663 -0.00055301 
-0.120645 0.0372582 0.00180556 
-0.127795 0.0445491 0.00326694 
-0.137756 0.058304 0.00652614 
-0.138437 0.0597659 0.00679357 
-0.140743 0.069043 0.00884471 
-0.138697 0.0738723 0.0101703 
-0.136204 0.0741023 0.0103481 
-0.119202 0.0702385 0.0106739 
-0.106496 0.0660976 0.0105277 
-0.102007 0.0640391 0.0103357 
-0.0726866 0.0473241 0.00785804 
-0.0964615 0.0558183 -0.000538669 
-0.0786179 0.0441426 4.64057e-05 
-0.0661972 0.0352338 0.000462073 
-0.0640963 0.0308376 7.7016e-05 
-0.0663542 0.0289472 -0.000611693 
-0.0695839 0.0270635 -0.00167385 
-0.0773123 0.0268906 -0.00310275 
-0.0851401 0.0280438 -0.00394343 
-0.0860732 0.0271837 -0.00427636 
-0.0793333 0.0222082 -0.00431506 
-0.0766081 0.0194099 -0.0041771 
-0.0748164 0.0181062 -0.00413299 
-0.0684604 0.0142989 -0.00428495 
-0.0639499 0.0107484 -0.00427565 
-0.0713132 0.009105 -0.0054491 
-0.0779392 0.00743058 -0.0065912 
-0.0779145 0.00726543 -0.00662295 
-0.0680515 0.00408686 -0.00620379 
-0.060793 0.000876961 -0.00601061 
-0.0623632 -0.00235905 -0.00692129 
-0.0719752 -0.0063619 -0.00901718 
-0.0765991 -0.00843271 -0.0100259 
-0.0797647 -0.0112056 -0.0109636 
-0.0847138 -0.0171381 -0.0126545 
-0.0900626 -0.0216047 -0.0142649 
-0.0944803 -0.0263996 -0.0160614 
-0.0992666 -0.0338122 -0.0186503 
-0.100975 -0.0380028 -0.0200103 
-0.102317 -0.0461806 -0.0224497 
-0.102215 -0.0506126 -0.02365 
-0.100913 -0.0586492 -0.0256772 
-0.0961955 -0.0650263 -0.0269185 
-0.0939452 -0.0663373 -0.0269951 
-0.0806045 -0.0679127 -0.0265946 
-0.0776373 -0.0776911 -0.0298323 
-0.0811078 -0.0920335 -0.0364719 
-0.0806427 -0.0961603 -0.0390729 
-0.0771435 -0.0980581 -0.0413465 
-0.0674933 -0.0968376 -0.0446207 
-0.060167 -0.0939521 -0.0464081 
-0.0542419 -0.0902035 -0.0471878 
-0.041344 -0.0797469 -0.0489022 
-0.0399613 -0.0782228 -0.048935 
-0.0278104 -0.0591345 -0.0477357 
-0.0267903 -0.0568744 -0.0474566 
-0.020398 -0.0370699 -0.0452215 
-0.0184058 -0.0264036 -0.0449817 
-0.0177722 -0.0222181 -0.0445415 
-0.017061 -0.0124771 -0.0430605 
-0.0170686 -0.0116765 -0.0428021 
-0.0173975 -0.00692942 -0.0397297 
-0.0173951 -0.00599688 -0.0377301 
-0.0166648 -0.00551758 -0.0337745 
-0.0152472 -0.00626903 -0.0287957 
-0.0145717 -0.00861152 -0.0268961 
-0.0152746 -0.0126032 -0.0275883 
-0.0152061 -0.0128047 -0.0272333 
-0.0153577 -0.0134906 -0.024209 
-0.0177189 -0.013213 -0.0220597 
-0.0247907 -0.0128256 -0.0230584 
-0.0364295 -0.0116178 -0.0259897 
-0.0540938 -0.00859136 -0.0275254 
-0.0569061 -0.00781544 -0.0275882 
-0.078909 0.00112777 -0.0254768 
-0.0826144 0.00302031 -0.0250696 
-0.101098 0.0150206 -0.0222384 
-0.104098 0.0177983 -0.0211958 
-0.112246 0.027572 -0.0172794 
-0.124264 0.0409202 -0.0126937 
-0.127402 0.044213 -0.0121226 
-0.133899 0.053838 -0.00997159 
-0.136314 0.0632507 -0.00627334 
-0.136153 0.065089 -0.00554723 
-0.130821 0.0679964 -0.00344543 
-0.12208 0.0670846 -0.00235182 
-0.111985 0.0633857 -0.00155442 
-0.0753447 0.0440222 -0.00673379 
-0.0838915 0.0467974 -0.00680913 
-0.0825711 0.045336 -0.0065423 
-0.0722885 0.0371121 -0.00543682 
-0.0639307 0.0298223 -0.00490357 
-0.0698135 0.0293112 -0.00576239 
-0.0723395 0.0291482 -0.00627059 
-0.0773001 0.0290726 -0.00728755 
-0.0888249 0.0299104 -0.00919805 
-0.101291 0.0318816 -0.0112504 
-0.101134 0.0309467 -0.011675 
-0.101059 0.0296668 -0.0121182 
-0.0949346 0.0260175 -0.011957 
-0.084728 0.0199391 -0.0112765 
-0.0815175 0.0170498 -0.0111259 
-0.0787319 0.015571 -0.0108918 
-0.070236 0.0113536 -0.0102282 
-0.0696466 0.00823715 -0.0101506 
-0.0743636 0.00631209 -0.0111063 
-0.0742044 0.00614022 -0.0110994 
-0.0640814 0.00314868 -0.00998546 
-0.0568029 0.00017555 -0.00954483 
-0.0568653 -0.00277588 -0.0101841 
-0.0629887 -0.00624662 -0.0119377 
-0.0721313 -0.010429 -0.014764 
-0.0724045 -0.0106968 -0.0149024 
-0.0660672 -0.01312 -0.0144463 
-0.0727579 -0.0199314 -0.017594 
-0.0747998 -0.0214495 -0.0184359 
-0.0831111 -0.0302055 -0.022819 
-0.084076 -0.0318226 -0.0235394 
-0.0871998 -0.0414862 -0.0274176 
-0.0872139 -0.0424966 -0.0277701 
-0.0855464 -0.0518699 -0.0307937 
-0.0847214 -0.0525891 -0.0309191 
-0.0732617 -0.0536712 -0.0299155 
-0.0684787 -0.0587137 -0.0323933 
-0.0663054 -0.0660677 -0.0362436 
-0.0668638 -0.0769011 -0.042441 
-0.0654575 -0.0859193 -0.0490417 
-0.0628389 -0.0887057 -0.0520706 
-0.0581425 -0.0878447 -0.0533571 
-0.0487232 -0.0859292 -0.0575427 
-0.0455144 -0.0840227 -0.0581616 
-0.0370089 -0.0763377 -0.0582672 
-0.0298351 -0.0670674 -0.0575311 
-0.0251797 -0.0585358 -0.0562522 
-0.0208866 -0.0477642 -0.0542497 
-0.0177608 -0.0318464 -0.0518967 
-0.0170702 -0.0256183 -0.052254 
-0.0165385 -0.0201847 -0.0522153 
-0.0164598 -0.0119903 -0.0541928 
-0.0165816 -0.010712 -0.0546916 
-0.0167906 -0.0076008 -0.0543427 
-0.0166368 -0.00591185 -0.0512155 
-0.0151694 -0.00602715 -0.0442766 
-0.0145502 -0.00728601 -0.0396313 
-0.0169239 -0.00859792 -0.0402772 
-0.0219648 -0.00957675 -0.0432174 
-0.0256734 -0.00995254 -0.0439197 
-0.0300255 -0.00984979 -0.0440051 
-0.0423906 -0.00862219 -0.0445947 
-0.048632 -0.00781164 -0.0445263 
-0.0635423 -0.00406257 -0.0427629 
-0.0669518 -0.00282862 -0.0422641 
-0.0881688 0.00611014 -0.0404221 
-0.0907237 0.0073294 -0.0403397 
-0.105855 0.0168934 -0.0380362 
-0.110715 0.0229876 -0.0352015 
-0.111554 0.0271732 -0.0326421 
-0.123652 0.0394604 -0.0296452 
-0.134267 0.0509683 -0.0270445 
-0.134242 0.0514436 -0.0267546 
-0.126843 0.0558325 -0.0209397 
-0.120368 0.0598978 -0.0157629 
-0.114217 0.0620231 -0.0123172 
-0.11349 0.0619069 -0.0121023 
-0.0915669 0.0527722 -0.00863433 
-0.0675238 0.039238 -0.0104586 
-0.074895 0.0414805 -0.0112397 
-0.0738352 0.0389563 -0.0110394 
-0.0695272 0.0352558 -0.0103979 
-0.0535763 0.0248114 -0.00775627 
-0.0498574 0.0223222 -0.00716044 
-0.0542596 0.0220508 -0.00815014 
-0.0688994 0.0252702 -0.0114075 
-0.0786642 0.0269952 -0.0138036 
-0.0821574 0.027137 -0.0147938 
-0.0864646 0.0255322 -0.0165077 
-0.0900649 0.0235082 -0.0185894 
-0.0905564 0.0228938 -0.0189919 
-0.0855383 0.0190897 -0.0185419 
-0.0804609 0.0150759 -0.0178118 
-0.0763161 0.0128194 -0.0170072 
-0.0711899 0.0108585 -0.0159544 
-0.0622457 0.00705182 -0.0143015 
-0.0587556 0.00429094 -0.0136315 
-0.0539642 0.00181006 -0.0128877 
-0.0497657 -0.000586263 -0.0126168 
-0.0481239 -0.00295811 -0.0126592 
-0.051006 -0.00587751 -0.013829 
-0.0600895 -0.010534 -0.0181992 
-0.0618542 -0.0120315 -0.0194657 
-0.0651565 -0.0159965 -0.0222339 
-0.0697334 -0.0208388 -0.0257277 
-0.0725046 -0.0241019 -0.0280154 
-0.0761558 -0.0304316 -0.0320211 
-0.0773975 -0.0339457 -0.0339927 
-0.0786655 -0.0407906 -0.0375432 
-0.0785853 -0.045426 -0.0398103 
-0.0775536 -0.0505138 -0.0421772 
-0.0745573 -0.0585938 -0.0455285 
-0.0736816 -0.0593726 -0.0456369 
-0.0669023 -0.0645561 -0.0474415 
-0.0586274 -0.0678878 -0.0482622 
-0.0517629 -0.0709734 -0.0503384 
-0.046425 -0.0759031 -0.0558098 
-0.0410313 -0.0813332 -0.0633566 
-0.0377067 -0.0861123 -0.0703935 
-0.0356108 -0.0854033 -0.0711537 
-0.0243717 -0.0737659 -0.0668684 
-0.0197225 -0.0693029 -0.0673058 
-0.0158343 -0.0629399 -0.065629 
-0.0119253 -0.0540598 -0.0642745 
-0.00973377 -0.0454568 -0.0637804 
-0.00888812 -0.0404615 -0.0613498 
-0.00963605 -0.0294605 -0.0623981 
-0.0113143 -0.0196682 -0.0651001 
-0.0129552 -0.0131059 -0.0674614 
-0.0129663 -0.0126904 -0.0671458 
-0.0121647 -0.00762779 -0.0578007 
-0.0126297 -0.00537373 -0.0533149 
-0.0140728 -0.00546456 -0.0552908 
-0.0178228 -0.00707132 -0.0639567 
-0.0186816 -0.0076209 -0.0632947 
-0.0191673 -0.00794283 -0.0600029 
-0.0215256 -0.00817335 -0.0546713 
-0.0281813 -0.00831271 -0.0554804 
-0.0408621 -0.00855434 -0.0627003 
-0.0484303 -0.0083607 -0.0655132 
-0.0581069 -0.00713224 -0.066898 
-0.0707058 -0.00376239 -0.0655519 
-0.0734148 -0.00269815 -0.0647197 
-0.0861916 0.00272034 -0.0620324 
-0.0990123 0.00864518 -0.0607428 
-0.0996732 0.00964907 -0.0596545 
-0.104294 0.0163501 -0.0528547 
-0.108565 0.0249188 -0.0467331 
-0.127031 0.0382961 -0.0479762 
-0.135057 0.0452153 -0.0477793 
-0.133165 0.0480213 -0.0445383 
-0.118507 0.0497474 -0.0342227 
-0.105434 0.0486203 -0.0266878 
-0.0982662 0.0473076 -0.0230506 
-0.0867547 0.0462672 -0.0165211 
-0.0780464 0.0445447 -0.0127704 
-0.0364907 0.031936 -0.0104749 
-0.0341682 0.0283099 -0.00883073 
-0.0300295 0.0225845 -0.00686622 
-0.0313853 0.022711 -0.00700715 
-0.0333273 0.0214795 -0.00717653 
-0.0336367 0.0209536 -0.00721732 
-0.043949 0.0245186 -0.0095418 
-0.0570397 0.0288417 -0.0132754 
-0.0650758 0.0296218 -0.0167031 
-0.0672748 0.0276863 -0.0184964 
-0.0673381 0.0275201 -0.0185173 
-0.0668619 0.0244701 -0.018212 
-0.0674265 0.0218648 -0.0185912 
-0.0717678 0.0203898 -0.0203297 
-0.0764285 0.0188344 -0.0222452 
-0.0767751 0.0164714 -0.0230999 
-0.0768069 0.0163196 -0.0231575 
-0.0715947 0.0128079 -0.0221092 
-0.0617818 0.00872176 -0.0198715 
-0.0559063 0.00557554 -0.019 
-0.054962 0.00306652 -0.0194537 
-0.0539559 0.000545131 -0.019963 
-0.0546748 -0.00225522 -0.0216282 
-0.0613694 -0.00609619 -0.026626 
-0.0681076 -0.00992616 -0.0315148 
-0.0685688 -0.0105995 -0.0320875 
-0.068033 -0.0148627 -0.0335803 
-0.0696503 -0.0197917 -0.0361626 
-0.0699416 -0.0207111 -0.0366492 
-0.0707271 -0.0277363 -0.0403 
-0.0707782 -0.0290287 -0.0410529 
-0.0704566 -0.0367296 -0.0452941 
-0.0702491 -0.0381777 -0.0460243 
-0.0681175 -0.0470125 -0.050048 
-0.0677704 -0.0479693 -0.0504255 
-0.0634333 -0.0557604 -0.0544644 
-0.0603506 -0.0587065 -0.0552525 
-0.0542144 -0.0592949 -0.0534437 
-0.0452636 -0.0602821 -0.0528313 
-0.0417713 -0.0677389 -0.0606729 
-0.0412059 -0.0791289 -0.0744649 
-0.0410822 -0.0803273 -0.0763939 
-0.035021 -0.0787938 -0.0816439 
-0.0299163 -0.0739008 -0.0821503 
-0.0254588 -0.0677998 -0.0821546 
-0.0216276 -0.0600556 -0.0814688 
-0.0169633 -0.0479389 -0.0800189 
-0.0160724 -0.0453562 -0.0793518 
-0.0131033 -0.0316175 -0.0757347 
-0.0124161 -0.0252597 -0.0739302 
-0.0119606 -0.0207108 -0.0713908 
-0.0119976 -0.0126655 -0.0669213 
-0.0130422 -0.00777277 -0.0654289 
-0.0143601 -0.00672607 -0.0668853 
-0.0162037 -0.00613252 -0.0665243 
-0.0166113 -0.00605564 -0.0647069 
-0.017986 -0.00594982 -0.0578234 
-0.0242084 -0.00673545 -0.0605721 
-0.0367012 -0.00822457 -0.073275 
-0.0433607 -0.00866273 -0.0784547 
-0.055705 -0.00838572 -0.0839084 
-0.0632056 -0.00752267 -0.0853693 
-0.0737313 -0.00501396 -0.0844075 
-0.0769419 -0.00310633 -0.0812975 
-0.0904001 0.0021134 -0.0801611 
-0.101131 0.00707801 -0.0801134 
-0.101914 0.00858456 -0.0782235 
-0.0978664 0.0147203 -0.0658037 
-0.108453 0.0246878 -0.0630512 
-0.11996 0.0319202 -0.0650934 
-0.125807 0.0365492 -0.0654497 
-0.130003 0.0444668 -0.0622704 
-0.126061 0.0447975 -0.05924 
-0.106623 0.0424548 -0.0474044 
-0.0782828 0.0365175 -0.032396 
-0.0571579 0.0314816 -0.0222567 
-0.045089 0.0291348 -0.0166534 
-0.0389431 0.0290457 -0.0135785 
-0.0378791 0.0316228 -0.0121334 
-0.0367984 0.0322433 -0.0107737 
-0.0526291 0.0254845 -0.0219322 
-0.0491097 0.0235234 -0.0177038 
-0.0620115 0.0273083 -0.0223168 
-0.0677441 0.0278162 -0.024382 
-0.0671571 0.0266701 -0.0241418 
-0.0639285 0.022764 -0.0234131 
-0.0636428 0.0197688 -0.0236979 
-0.0645696 0.0186003 -0.0243226 
-0.0636344 0.0173138 -0.0242137 
-0.0612956 0.0144915 -0.0236898 
-0.0593068 0.0119299 -0.0231022 
-0.0536573 0.00874625 -0.0214045 
-0.0524043 0.00648738 -0.0215483 
-0.0525882 0.00439651 -0.0223329 
-0.0528955 0.00220498 -0.0232051 
-0.053946 -0.000271943 -0.0246891 
-0.0595448 -0.00352625 -0.0290882 
-0.0732487 -0.00848627 -0.0388472 
-0.0746017 -0.00908713 -0.0399536 
-0.0791509 -0.014357 -0.0470432 
-0.0788675 -0.0152195 -0.0478452 
-0.0760183 -0.0200872 -0.0518949 
-0.0752826 -0.020951 -0.0525111 
-0.0694506 -0.025201 -0.0541829 
-0.068219 -0.0259332 -0.0543163 
-0.0614542 -0.0303918 -0.05503 
-0.0607024 -0.030854 -0.0550013 
-0.0526352 -0.0350166 -0.0537491 
-0.0519717 -0.035594 -0.0536915 
-0.0475098 -0.0426524 -0.0556902 
-0.0456844 -0.0438772 -0.0560508 
-0.0407205 -0.0457714 -0.0562046 
-0.036132 -0.0503926 -0.0614148 
-0.0342752 -0.0530114 -0.0688257 
-0.0332309 -0.052742 -0.0705082 
-0.0277773 -0.045869 -0.0741875 
-0.0268405 -0.0441615 -0.0747097 
-0.0232769 -0.0359817 -0.0763357 
-0.0207918 -0.0291573 -0.0761866 
-0.0195606 -0.0261502 -0.0745679 
-0.0173468 -0.0168426 -0.0684359 
-0.0180902 -0.0112194 -0.0670078 
-0.0184786 -0.0109078 -0.0673533 
-0.0233908 -0.00967581 -0.0706303 
-0.026457 -0.00943345 -0.0725208 
-0.0317124 -0.00945136 -0.0762358 
-0.0400273 -0.00951109 -0.081829 
-0.0433321 -0.00933208 -0.0834365 
-0.0508253 -0.00847142 -0.0857188 
-0.0615238 -0.00691139 -0.0890827 
-0.0633571 -0.00642102 -0.0890783 
-0.0677619 -0.00308745 -0.0827081 
-0.074095 0.00112504 -0.0784856 
-0.0869504 0.00601847 -0.0827818 
-0.087427 0.00637103 -0.082701 
-0.0884309 0.0119431 -0.0754409 
-0.0963659 0.0201098 -0.0723785 
-0.107613 0.0290661 -0.0722098 
-0.1106 0.0326663 -0.0710886 
-0.107969 0.0354301 -0.0659376 
-0.0979555 0.0378386 -0.0548919 
-0.0883593 0.0376136 -0.0463743 
-0.0845283 0.0367673 -0.0434208 
-0.0639802 0.0301059 -0.0292995 
-0.0746456 0.0312174 -0.0414794 
-0.0710074 0.0288593 -0.0365808 
-0.0710697 0.0277678 -0.0356648 
-0.0655097 0.0236341 -0.031734 
-0.0622158 0.021614 -0.0298124 
-0.0567867 0.0173074 -0.0269396 
-0.057139 0.0150596 -0.0271856 
-0.0574837 0.0139539 -0.0276205 
-0.0560279 0.0127082 -0.0271937 
-0.0512616 0.00977602 -0.0254921 
-0.0468021 0.00717966 -0.0235786 
-0.0441779 0.00495448 -0.022397 
-0.0441984 0.00317004 -0.022832 
-0.0446081 0.00130698 -0.0236543 
-0.0460603 -0.000868422 -0.0254266 
-0.0519735 -0.00374962 -0.0304255 
-0.0638248 -0.00792349 -0.0400888 
-0.0650195 -0.00843324 -0.0412011 
-0.0683065 -0.0127559 -0.0474078 
-0.0679901 -0.0131469 -0.0476727 
-0.0647261 -0.0165428 -0.0504159 
-0.0620346 -0.0179304 -0.0508627 
-0.0579093 -0.0192238 -0.0507676 
-0.0497547 -0.0201201 -0.050545 
-0.0470995 -0.021986 -0.0535193 
-0.0453149 -0.0220516 -0.0532765 
-0.0338998 -0.0189826 -0.046895 
-0.0268348 -0.0174867 -0.0468789 
-0.0275389 -0.0202779 -0.0604698 
-0.0297931 -0.0232654 -0.0755678 
-0.0299219 -0.0232171 -0.0767178 
-0.0309898 -0.0200377 -0.0803319 
-0.0313391 -0.0196949 -0.080588 
-0.0318691 -0.0139399 -0.0728244 
-0.032048 -0.0134003 -0.0720453 
-0.0351856 -0.010227 -0.0685919 
-0.0361964 -0.00949439 -0.0678944 
-0.0371805 -0.0076811 -0.0642457 
-0.0447712 -0.00616841 -0.069568 
-0.0524323 -0.004577 -0.0742937 
-0.0526401 -0.00443223 -0.0741637 
-0.0527985 -0.00191041 -0.0681687 
-0.054807 0.00144821 -0.06333 
-0.0629496 0.00515497 -0.0664238 
-0.0713467 0.0098772 -0.0692325 
-0.0824072 0.0160647 -0.0737618 
-0.0828718 0.0164441 -0.0737868 
-0.0842675 0.0213009 -0.0683687 
-0.0810135 0.0255138 -0.059222 
-0.0822852 0.0305591 -0.0540551 
-0.0835439 0.0321757 -0.0531863 
-0.0806704 0.0330556 -0.0473354 
-0.0585777 0.0223853 -0.0351622 
-0.0595754 0.0225483 -0.0355636 
-0.0515434 0.0177532 -0.029529 
-0.0484314 0.0161697 -0.0274927 
-0.0406056 0.012177 -0.0226238 
-0.0370976 0.00956057 -0.0207252 
-0.0394526 0.0084984 -0.0224067 
-0.0398147 0.00724509 -0.0232094 
-0.0397684 0.00715542 -0.0232004 
-0.0355395 0.00521868 -0.020826 
-0.0310912 0.00332254 -0.0183618 
-0.030157 0.00191664 -0.0179626 
-0.0302117 0.000588686 -0.018309 
-0.0315447 -0.000937818 -0.0198594 
-0.0376943 -0.00321131 -0.0254067 
-0.0428353 -0.00486723 -0.0303015 
-0.0467187 -0.00698175 -0.0358597 
-0.0466543 -0.00742246 -0.0367598 
-0.0424671 -0.00797382 -0.0382951 
-0.0386191 -0.00743327 -0.040062 
-0.0382341 -0.00709555 -0.0411212 
-0.0376094 -0.00558396 -0.0449596 
-0.0375207 -0.00548565 -0.0450405 
-0.0350734 -0.00375415 -0.0441059 
-0.0333506 -0.00191625 -0.041833 
-0.0340609 -0.000234082 -0.0413608 
-0.0361799 0.00150006 -0.0419426 
-0.0393907 0.00360693 -0.0432768 
-0.0458842 0.00674414 -0.0471555 
-0.0559364 0.0110926 -0.0535216 
-0.0573636 0.0140176 -0.0513932 
-0.0570778 0.0141391 -0.0508761 
-0.0549984 0.0165869 -0.044613 
-0.0574248 0.0205131 -0.0409079 
-0.0613711 0.0230232 -0.0406222 
-0.0619721 0.0236747 -0.0379232 
