-0.155125 -0.00830297 0.0359674 
-0.1552 -0.00833527 0.0359665 
-0.155262 -0.0084 0.0359701 
-0.155299 -0.00846542 0.0359722 
-0.155313 -0.00853165 0.0359724 
-0.155298 -0.00859837 0.0359709 
-0.155279 -0.00862529 0.0359701 
-0.155235 -0.00866673 0.0359676 
-0.155202 -0.00868926 0.0359653 
-0.155114 -0.00871423 0.0359621 
-0.155019 -0.0087205 0.0359587 
-0.154927 -0.00867989 0.0359607 
-0.154923 -0.00867774 0.0359608 
-0.154845 -0.00861863 0.0359625 
-0.154863 -0.00855454 0.0359694 
-0.154914 -0.00851906 0.0359751 
-0.154966 -0.0084869 0.0359794 
-0.155001 -0.00846449 0.0359814 
-0.15507 -0.00841834 0.0359825 
-0.155071 -0.00841619 0.0359825 
-0.155101 -0.00835128 0.0359769 
-0.155105 -0.00834483 0.0359758 
-0.155461 -0.00841559 0.0359433 
-0.155528 -0.00841276 0.0359392 
-0.155577 -0.00840473 0.0359313 
-0.155605 -0.00842268 0.0359291 
-0.155658 -0.00847107 0.0359233 
-0.155667 -0.00848232 0.0359215 
-0.155697 -0.0085449 0.0359154 
-0.155697 -0.0086114 0.0359149 
-0.155693 -0.00862328 0.0359157 
-0.15566 -0.0086813 0.0359174 
-0.155647 -0.00869599 0.0359174 
-0.155588 -0.0087301 0.0359198 
-0.155515 -0.00875148 0.0359208 
-0.155454 -0.00876069 0.0359204 
-0.155432 -0.00876365 0.0359198 
-0.155425 -0.00876209 0.0359202 
-0.155345 -0.00874834 0.0359212 
-0.155254 -0.00870576 0.0359235 
-0.155262 -0.00864273 0.035932 
-0.155305 -0.00857766 0.0359402 
-0.155346 -0.00852863 0.0359445 
-0.155362 -0.00851016 0.0359456 
-0.15541 -0.00846286 0.0359464 
-0.155439 -0.00843936 0.0359454 
-0.155767 -0.00844226 0.0359003 
-0.155805 -0.0084033 0.0358932 
-0.155855 -0.00839627 0.0358854 
-0.155927 -0.00844259 0.0358794 
-0.155934 -0.00844793 0.0358785 
-0.155985 -0.00849345 0.0358653 
-0.155988 -0.0084987 0.0358638 
-0.156014 -0.00855992 0.0358542 
-0.156017 -0.00862587 0.0358591 
-0.156017 -0.00862906 0.0358593 
-0.15599 -0.00869819 0.0358655 
-0.155989 -0.00870036 0.0358655 
-0.155933 -0.00876812 0.0358647 
-0.155883 -0.00877442 0.0358724 
-0.155826 -0.00876015 0.0358808 
-0.155759 -0.00872563 0.0358887 
-0.155757 -0.00872383 0.035889 
-0.155694 -0.00866351 0.0358957 
-0.155712 -0.00859857 0.0359016 
-0.155742 -0.00854029 0.0359042 
-0.155745 -0.0085309 0.0359042 
-0.155758 -0.00846241 0.035902 
-0.155907 -0.00826555 0.0358191 
-0.155962 -0.00826303 0.0358121 
-0.155976 -0.00826855 0.0358123 
-0.156058 -0.00830343 0.0358101 
-0.156103 -0.00832529 0.0358057 
-0.156138 -0.00834989 0.0358038 
-0.15618 -0.00838679 0.0358026 
-0.156234 -0.00845017 0.0358014 
-0.156272 -0.00851528 0.035802 
-0.156295 -0.00858061 0.0358004 
-0.156302 -0.00864607 0.0357979 
-0.156294 -0.00871055 0.0357917 
-0.156268 -0.00877679 0.0357864 
-0.156259 -0.00879202 0.0357856 
-0.156221 -0.0088432 0.0357801 
-0.156165 -0.00889771 0.0357729 
-0.15615 -0.0089097 0.0357711 
-0.156057 -0.00897486 0.0357564 
-0.156039 -0.008985 0.035754 
-0.15592 -0.00903929 0.0357404 
-0.155855 -0.00904441 0.0357448 
-0.155872 -0.0089913 0.0357707 
-0.155875 -0.00897595 0.0357771 
-0.155876 -0.00893404 0.0357921 
-0.155904 -0.00887423 0.0358103 
-0.155943 -0.00881267 0.0358259 
-0.155982 -0.0087493 0.0358384 
-0.156018 -0.00868488 0.0358478 
-0.156046 -0.00865635 0.0358509 
-0.156077 -0.00861744 0.0358535 
-0.156087 -0.00855014 0.0358545 
-0.156081 -0.00851678 0.0358537 
-0.15607 -0.00848286 0.0358519 
-0.15601 -0.00841688 0.0358468 
-0.155941 -0.00834922 0.0358379 
-0.155909 -0.00827697 0.0358224 
-0.156157 -0.00828272 0.0357632 
-0.156192 -0.00826538 0.0357531 
-0.156242 -0.0082691 0.0357442 
-0.156268 -0.00828091 0.0357432 
-0.156322 -0.00830737 0.0357386 
-0.156368 -0.00833782 0.0357336 
-0.156395 -0.00835945 0.0357302 
-0.156433 -0.00839723 0.0357243 
-0.156465 -0.00843982 0.0357178 
-0.156474 -0.00845708 0.035714 
-0.156501 -0.00851825 0.0357047 
-0.156518 -0.00858158 0.0356979 
-0.156525 -0.00864583 0.035693 
-0.156517 -0.00870939 0.0356847 
-0.156506 -0.00877657 0.0356828 
-0.156497 -0.00881425 0.0356858 
-0.156483 -0.00884655 0.0356863 
-0.156445 -0.00890273 0.0356845 
-0.156434 -0.00891498 0.0356838 
-0.156362 -0.00898201 0.035675 
-0.156354 -0.00898829 0.0356743 
-0.156304 -0.00901856 0.0356795 
-0.156242 -0.00904417 0.0356825 
-0.156181 -0.00905796 0.0356867 
-0.156139 -0.00904743 0.0356984 
-0.15613 -0.00901334 0.0357153 
-0.156136 -0.00899324 0.0357235 
-0.156146 -0.00895554 0.0357373 
-0.156173 -0.00889577 0.0357556 
-0.156269 -0.00883415 0.0357718 
-0.156273 -0.00883147 0.0357725 
-0.156302 -0.00876832 0.0357846 
-0.156305 -0.00870515 0.0357931 
-0.156302 -0.00870003 0.0357936 
-0.156269 -0.00864221 0.0357977 
-0.156243 -0.00857694 0.0357993 
-0.156203 -0.00851115 0.0357974 
-0.15615 -0.00844452 0.035792 
-0.156105 -0.00837572 0.0357835 
-0.156106 -0.00836906 0.0357827 
-0.156133 -0.0083196 0.0357739 
-0.156149 -0.00829936 0.0357685 
-0.155941 -0.0081855 0.0356706 
-0.155965 -0.00814184 0.0356607 
-0.156019 -0.00812326 0.0356553 
-0.156111 -0.00813135 0.0356556 
-0.156196 -0.00814443 0.0356541 
-0.156265 -0.00816759 0.0356568 
-0.156317 -0.00818679 0.0356578 
-0.156402 -0.00821942 0.0356539 
-0.156413 -0.00822505 0.035654 
-0.156502 -0.00827576 0.035651 
-0.156515 -0.00828451 0.0356499 
-0.15659 -0.00834602 0.0356471 
-0.156605 -0.00836024 0.0356461 
-0.156647 -0.00840807 0.0356423 
-0.156678 -0.00846113 0.0356322 
-0.15668 -0.00846762 0.0356301 
-0.156704 -0.00852939 0.0356216 
-0.15671 -0.00859057 0.035609 
-0.156714 -0.0086541 0.035602 
-0.156706 -0.00871761 0.0355934 
-0.156683 -0.00878059 0.0355813 
-0.156645 -0.00884237 0.0355658 
-0.156594 -0.00890407 0.0355488 
-0.156541 -0.0089687 0.0355371 
-0.156496 -0.00901958 0.0355305 
-0.15648 -0.00903502 0.0355288 
-0.156434 -0.00908458 0.0355294 
-0.156416 -0.00911015 0.0355427 
-0.156413 -0.00911259 0.0355433 
-0.156371 -0.00914065 0.035549 
-0.156343 -0.00915257 0.0355616 
-0.156312 -0.00915828 0.0355737 
-0.156281 -0.00915424 0.0355871 
-0.156273 -0.00914526 0.0355962 
-0.156258 -0.00913659 0.0356038 
-0.156167 -0.00914701 0.0356015 
-0.156078 -0.00914705 0.0356008 
-0.156008 -0.00912629 0.0356067 
-0.155978 -0.00910174 0.0356141 
-0.155952 -0.00908346 0.0356184 
-0.155858 -0.00904992 0.0356202 
-0.155852 -0.00904449 0.035621 
-0.15583 -0.00898451 0.0356341 
-0.155804 -0.00895688 0.0356376 
-0.155767 -0.00892362 0.0356401 
-0.155835 -0.00886212 0.035659 
-0.155883 -0.0088309 0.0356694 
-0.155925 -0.00879941 0.0356785 
-0.155924 -0.00873608 0.0356863 
-0.155917 -0.00867193 0.0356913 
-0.155926 -0.00860657 0.0356965 
-0.155959 -0.00854051 0.035702 
-0.155969 -0.0085114 0.0357032 
-0.155976 -0.00847344 0.0357036 
-0.155945 -0.00840535 0.0356984 
-0.155947 -0.0083522 0.0356949 
-0.155947 -0.00833611 0.0356935 
-0.155937 -0.00826556 0.0356845 
-0.155939 -0.00825484 0.0356832 
-0.155943 -0.00819265 0.0356722 
-0.156079 -0.00811287 0.0355779 
-0.156159 -0.00810802 0.035577 
-0.156222 -0.0081009 0.0355721 
-0.156283 -0.00809992 0.0355663 
-0.156334 -0.00811639 0.0355695 
-0.156418 -0.00814493 0.0355727 
-0.156493 -0.00816789 0.0355676 
-0.156505 -0.00817358 0.0355681 
-0.156623 -0.00823616 0.0355723 
-0.156632 -0.0082417 0.0355721 
-0.156713 -0.00829617 0.0355679 
-0.156731 -0.00831055 0.0355677 
-0.156784 -0.00835817 0.0355652 
-0.156841 -0.00842208 0.0355643 
-0.15685 -0.0084356 0.0355618 
-0.156872 -0.00848202 0.0355526 
-0.156894 -0.00854379 0.0355436 
-0.156918 -0.00860978 0.035543 
-0.156914 -0.00863964 0.0355351 
-0.156906 -0.00866945 0.0355258 
-0.156887 -0.00873059 0.035511 
-0.156864 -0.00879363 0.0354989 
-0.156826 -0.00885574 0.0354841 
-0.156783 -0.0089189 0.0354707 
-0.156764 -0.008948 0.0354676 
-0.156736 -0.00898477 0.0354619 
-0.156678 -0.00905149 0.0354547 
-0.156672 -0.00905794 0.0354546 
-0.156642 -0.00910284 0.0354628 
-0.156615 -0.00912617 0.0354633 
-0.156576 -0.00915357 0.0354624 
-0.156541 -0.00917809 0.0354717 
-0.156499 -0.00919705 0.03548 
-0.156456 -0.00920773 0.0354891 
-0.156406 -0.009214 0.0354968 
-0.15637 -0.00920508 0.0355096 
-0.156318 -0.00919549 0.0355185 
-0.156223 -0.00919819 0.0355164 
-0.156184 -0.0091776 0.0355247 
-0.156171 -0.0091696 0.0355273 
-0.156114 -0.0091309 0.0355382 
-0.156107 -0.0091221 0.0355407 
-0.156058 -0.00907301 0.0355516 
-0.156048 -0.00906395 0.0355531 
-0.155977 -0.00900967 0.0355594 
-0.155967 -0.00900377 0.0355596 
-0.155957 -0.00894282 0.0355714 
-0.155939 -0.00888096 0.0355804 
-0.155952 -0.00881809 0.0355912 
-0.155939 -0.00875465 0.0355973 
-0.155933 -0.0087507 0.035597 
-0.155854 -0.00869003 0.0355929 
-0.155866 -0.00862492 0.0355989 
-0.155889 -0.00859653 0.035603 
-0.15591 -0.00855946 0.0356069 
-0.155907 -0.00849297 0.0356074 
-0.155901 -0.00842524 0.0356059 
-0.15591 -0.00841898 0.0356068 
-0.155977 -0.0083565 0.0356106 
-0.155982 -0.00835006 0.0356107 
-0.156021 -0.0082861 0.0356083 
-0.156024 -0.00827953 0.0356077 
-0.15605 -0.00821563 0.0356004 
-0.156051 -0.00821373 0.0356001 
-0.156067 -0.00816048 0.0355902 
-0.156078 -0.00813789 0.035585 
-0.156126 -0.00811521 0.0354959 
-0.156174 -0.0080881 0.0354898 
-0.156264 -0.00808762 0.0354907 
-0.156358 -0.00809548 0.0354915 
-0.156435 -0.0081022 0.0354885 
-0.156534 -0.00812887 0.0354896 
-0.15654 -0.00813065 0.0354898 
-0.156673 -0.00818447 0.0354949 
-0.156686 -0.00819049 0.0354953 
-0.156782 -0.00823807 0.0354942 
-0.156803 -0.00825012 0.035493 
-0.15687 -0.00829593 0.0354885 
-0.156887 -0.00830958 0.0354865 
-0.156954 -0.0083713 0.0354827 
-0.156966 -0.00838535 0.035481 
-0.157 -0.00843244 0.0354744 
-0.157041 -0.00849615 0.0354716 
-0.157053 -0.00853059 0.0354655 
-0.157057 -0.00855686 0.0354596 
-0.15707 -0.00862032 0.0354523 
-0.157073 -0.00868373 0.0354444 
-0.157043 -0.0087427 0.0354237 
-0.157019 -0.00880566 0.0354112 
-0.15698 -0.00886757 0.0353958 
-0.156927 -0.0089286 0.0353768 
-0.15687 -0.00899156 0.0353609 
-0.156801 -0.00905416 0.0353438 
-0.156773 -0.00908827 0.0353414 
-0.156739 -0.00912171 0.0353378 
-0.156694 -0.00916448 0.0353351 
-0.156697 -0.00918614 0.0353538 
-0.156681 -0.00920227 0.0353583 
-0.156661 -0.0092179 0.0353621 
-0.15664 -0.00923443 0.0353755 
-0.156635 -0.00923588 0.0353944 
-0.156645 -0.00922792 0.0354075 
-0.156649 -0.00922033 0.0354194 
-0.156617 -0.00921782 0.0354323 
-0.156579 -0.00920914 0.0354447 
-0.1565 -0.00921275 0.035446 
-0.156454 -0.00919342 0.0354562 
-0.156451 -0.00919184 0.0354569 
-0.156378 -0.00917286 0.0354622 
-0.156362 -0.00913934 0.0354739 
-0.156349 -0.00911252 0.0354821 
-0.156332 -0.00908143 0.0354902 
-0.156342 -0.00902149 0.0355072 
-0.156335 -0.00900637 0.0355101 
-0.156313 -0.00896088 0.0355179 
-0.15634 -0.00889914 0.0355322 
-0.156311 -0.00883625 0.0355389 
-0.156318 -0.00877276 0.0355474 
-0.156284 -0.00874055 0.035547 
-0.156244 -0.00870844 0.0355451 
-0.156221 -0.00864298 0.0355469 
-0.156239 -0.00861029 0.0355503 
-0.15625 -0.00857703 0.0355525 
-0.156189 -0.0085103 0.0355463 
-0.156131 -0.00844244 0.0355386 
-0.156148 -0.00837375 0.0355371 
-0.156154 -0.00836125 0.0355368 
-0.15616 -0.00830374 0.035532 
-0.156154 -0.00826556 0.0355269 
-0.15615 -0.00823243 0.0355218 
-0.156138 -0.0081814 0.0355118 
-0.156132 -0.00815911 0.0355068 
-0.156468 -0.00822856 0.0354505 
-0.156544 -0.00821332 0.0354495 
-0.156611 -0.00820123 0.0354465 
-0.156634 -0.00817232 0.0354346 
-0.156677 -0.00816189 0.0354255 
-0.156719 -0.00815862 0.0354155 
-0.156782 -0.00817375 0.0354082 
-0.156834 -0.00819127 0.0353982 
-0.156845 -0.00819727 0.0353984 
-0.156933 -0.00824804 0.0353949 
-0.156946 -0.00825689 0.0353941 
-0.157013 -0.0083107 0.0353867 
-0.157019 -0.00831605 0.0353855 
-0.157088 -0.00838033 0.0353872 
-0.15714 -0.00844397 0.0353846 
-0.157146 -0.00845741 0.0353816 
-0.157161 -0.00850351 0.0353708 
-0.157177 -0.00856489 0.03536 
-0.157175 -0.00857957 0.0353551 
-0.157164 -0.00862366 0.0353399 
-0.15717 -0.00868796 0.0353343 
-0.157158 -0.00875082 0.0353235 
-0.157106 -0.00880895 0.035298 
-0.157063 -0.00887005 0.0352803 
-0.157029 -0.00893451 0.0352705 
-0.156977 -0.00899825 0.0352567 
-0.156907 -0.00906012 0.0352379 
-0.156879 -0.00908839 0.0352328 
-0.156837 -0.00912441 0.0352242 
-0.156755 -0.00918943 0.0352101 
-0.156744 -0.00920011 0.0352096 
-0.156694 -0.00925114 0.0352128 
-0.156683 -0.0092626 0.0352147 
-0.15665 -0.00929033 0.0352185 
-0.156654 -0.00930281 0.0352382 
-0.156678 -0.00930068 0.035264 
-0.156702 -0.0092919 0.0352768 
-0.156743 -0.00927376 0.0353021 
-0.15677 -0.00925338 0.0353307 
-0.156777 -0.00924875 0.0353347 
-0.15683 -0.00920535 0.0353698 
-0.156837 -0.00919761 0.0353754 
-0.156871 -0.0091493 0.0354056 
-0.156873 -0.00914431 0.0354084 
-0.156919 -0.00908732 0.035435 
-0.156932 -0.00904788 0.0354506 
-0.156934 -0.00902947 0.0354572 
-0.156945 -0.00897008 0.0354751 
-0.156951 -0.00890919 0.0354896 
-0.15695 -0.00890642 0.03549 
-0.156909 -0.00884789 0.0354985 
-0.156867 -0.00880405 0.035502 
-0.156841 -0.00878589 0.0355023 
-0.156753 -0.00872272 0.0355015 
-0.15673 -0.00871132 0.0355003 
-0.156621 -0.00865829 0.0354936 
-0.156555 -0.00863201 0.0354883 
-0.156439 -0.00859303 0.0354775 
-0.156326 -0.00852634 0.0354658 
-0.156318 -0.00852255 0.0354648 
-0.156181 -0.00845846 0.0354485 
-0.15619 -0.00840597 0.0354476 
-0.156196 -0.00839008 0.0354474 
-0.156266 -0.00834631 0.0354516 
-0.156326 -0.0083194 0.0354545 
-0.156347 -0.00830454 0.0354547 
-0.156432 -0.00827567 0.0354571 
-0.15646 -0.00824446 0.0354534 
-0.156903 -0.00820127 0.0353402 
-0.156947 -0.00820655 0.0353296 
-0.156976 -0.00821863 0.0353287 
-0.157026 -0.00824167 0.0353242 
-0.157071 -0.00826637 0.0353116 
-0.157079 -0.00827182 0.0353109 
-0.15714 -0.00832126 0.0353014 
-0.157148 -0.00832984 0.0352994 
-0.157203 -0.00839043 0.0352915 
-0.157209 -0.00840091 0.0352889 
-0.157234 -0.00844989 0.0352779 
-0.157247 -0.00849207 0.0352678 
-0.157247 -0.00850888 0.0352618 
-0.157267 -0.00857166 0.0352545 
-0.157262 -0.0086324 0.0352393 
-0.157259 -0.0086952 0.0352294 
-0.157257 -0.00869873 0.0352278 
-0.157215 -0.00875274 0.0352041 
-0.157194 -0.0088164 0.0351934 
-0.157156 -0.00887835 0.0351779 
-0.157102 -0.00893942 0.0351591 
-0.157048 -0.00900236 0.0351433 
-0.157029 -0.00903114 0.0351401 
-0.156999 -0.00906791 0.0351343 
-0.156921 -0.00913006 0.0351153 
-0.156831 -0.00919268 0.0350955 
-0.156824 -0.00920038 0.0350948 
-0.156745 -0.0092585 0.0350833 
-0.156711 -0.00928414 0.0350799 
-0.156683 -0.00932198 0.0350895 
-0.15667 -0.00933364 0.0350915 
-0.156636 -0.00935876 0.0350949 
-0.156666 -0.00936222 0.0351212 
-0.156697 -0.009355 0.0351381 
-0.15673 -0.00934615 0.035158 
-0.156756 -0.00933724 0.035185 
-0.156799 -0.00931688 0.0352088 
-0.156826 -0.00930171 0.0352251 
-0.156851 -0.00927494 0.0352538 
-0.156857 -0.00927024 0.0352575 
-0.156901 -0.00922304 0.0352912 
-0.156905 -0.00921787 0.0352944 
-0.156966 -0.00916178 0.0353243 
-0.156989 -0.00912324 0.0353423 
-0.156996 -0.00910511 0.0353499 
-0.157022 -0.00904625 0.0353714 
-0.157044 -0.0089862 0.0353892 
-0.157043 -0.00898283 0.0353901 
-0.157029 -0.00892575 0.0354024 
-0.157008 -0.00886362 0.0354119 
-0.156994 -0.00885262 0.0354127 
-0.156927 -0.00880157 0.0354145 
-0.156868 -0.00875677 0.0354141 
-0.156836 -0.00873816 0.0354128 
-0.156747 -0.00867312 0.0354087 
-0.156684 -0.00864338 0.0354037 
-0.156603 -0.00860764 0.0353965 
-0.156507 -0.00854091 0.0353869 
-0.156457 -0.00847287 0.0353802 
-0.156505 -0.00844235 0.0353838 
-0.156612 -0.00841273 0.0353914 
-0.156632 -0.00840199 0.0353923 
-0.156687 -0.00837148 0.035393 
-0.156774 -0.00835161 0.0353952 
-0.156838 -0.00832587 0.0353926 
-0.15684 -0.00832347 0.0353921 
-0.156864 -0.00828595 0.0353827 
-0.156892 -0.00825762 0.035372 
-0.156921 -0.00823891 0.0353607 
-0.15692 -0.00823632 0.0353595 
-0.157033 -0.00822774 0.0352543 
-0.157053 -0.00821962 0.0352395 
-0.157083 -0.00823068 0.0352364 
-0.157113 -0.00824288 0.0352308 
-0.157171 -0.00827555 0.0352205 
-0.157184 -0.00828408 0.0352187 
-0.15723 -0.00832235 0.0352088 
-0.157248 -0.00834109 0.0352046 
-0.157294 -0.00839419 0.0351957 
-0.157298 -0.00840078 0.0351941 
-0.157335 -0.00846185 0.0351843 
-0.157341 -0.00848851 0.0351764 
-0.157342 -0.00851989 0.0351655 
-0.15736 -0.00858253 0.0351576 
-0.157359 -0.008644 0.0351444 
-0.157357 -0.00864758 0.0351429 
-0.157331 -0.00870272 0.0351232 
-0.157322 -0.0087663 0.0351141 
-0.157299 -0.00882948 0.035102 
-0.15726 -0.00889149 0.0350866 
-0.157207 -0.0089526 0.0350678 
-0.157137 -0.00901311 0.0350454 
-0.157054 -0.00907253 0.0350201 
-0.156994 -0.00913287 0.0350078 
-0.156989 -0.00913686 0.035007 
-0.156898 -0.00919892 0.0349858 
-0.1568 -0.00926134 0.0349656 
-0.156773 -0.00928042 0.0349616 
-0.156696 -0.00932533 0.0349479 
-0.156622 -0.00936807 0.0349374 
-0.156585 -0.00939178 0.0349348 
-0.15653 -0.00942241 0.0349304 
-0.156499 -0.00945055 0.0349403 
-0.156529 -0.00945476 0.0349668 
-0.156603 -0.00943963 0.0350054 
-0.156634 -0.00943097 0.0350198 
-0.156687 -0.00941394 0.0350476 
-0.15673 -0.00939423 0.0350796 
-0.15674 -0.00938977 0.0350842 
-0.156818 -0.00934826 0.0351248 
-0.15683 -0.00934082 0.0351313 
-0.156885 -0.00929708 0.035166 
-0.156892 -0.00928961 0.0351713 
-0.15695 -0.00923507 0.0352047 
-0.15696 -0.00922259 0.0352115 
-0.156993 -0.00917913 0.035233 
-0.157039 -0.00912115 0.0352578 
-0.157041 -0.00910782 0.0352626 
-0.157043 -0.00906253 0.0352772 
-0.157052 -0.00900243 0.0352937 
-0.157045 -0.00898887 0.0352965 
-0.157015 -0.00894182 0.0353042 
-0.15699 -0.00887934 0.0353126 
-0.156973 -0.00886528 0.0353132 
-0.156913 -0.00881655 0.035314 
-0.156858 -0.00875237 0.035315 
-0.15681 -0.00868684 0.0353143 
-0.156802 -0.00868045 0.0353137 
-0.156729 -0.00862092 0.0353084 
-0.156745 -0.00859059 0.0353102 
-0.156762 -0.00855338 0.0353116 
-0.156817 -0.00851143 0.0353152 
-0.156876 -0.00848276 0.0353181 
-0.156899 -0.00846793 0.0353186 
-0.156974 -0.00843387 0.0353193 
-0.157042 -0.00840835 0.0353177 
-0.157043 -0.00840605 0.0353173 
-0.157066 -0.00836167 0.0353079 
-0.15707 -0.00832811 0.0352982 
-0.157066 -0.00831207 0.0352929 
-0.157073 -0.00827904 0.0352781 
-0.15705 -0.00824496 0.0352627 
-0.157092 -0.00822719 0.0351547 
-0.157117 -0.0082216 0.0351408 
-0.157121 -0.00821272 0.0351226 
-0.157142 -0.00822078 0.0351065 
-0.157152 -0.00822643 0.0351057 
-0.157202 -0.00826171 0.0350958 
-0.157229 -0.00828317 0.0350923 
-0.15729 -0.00833735 0.0350875 
-0.157295 -0.00834405 0.0350863 
-0.157347 -0.00840555 0.0350799 
-0.157358 -0.00843047 0.0350733 
-0.157366 -0.00846404 0.0350627 
-0.157397 -0.00852694 0.0350566 
-0.1574 -0.00856102 0.0350488 
-0.157398 -0.008587 0.0350414 
-0.157404 -0.00864998 0.035032 
-0.15739 -0.00871103 0.0350171 
-0.15736 -0.0087713 0.034999 
-0.157341 -0.00883518 0.0349887 
-0.157302 -0.0088972 0.0349733 
-0.157248 -0.00895832 0.0349545 
-0.157179 -0.00901884 0.0349322 
-0.157113 -0.00908097 0.0349141 
-0.157035 -0.00914292 0.0348948 
-0.156937 -0.00920346 0.0348699 
-0.156913 -0.0092244 0.0348664 
-0.156855 -0.00926858 0.0348568 
-0.156744 -0.00933056 0.0348344 
-0.156732 -0.00933832 0.0348329 
-0.156626 -0.0093941 0.0348146 
-0.156566 -0.00942433 0.0348055 
-0.156503 -0.00946192 0.0348026 
-0.156485 -0.00947209 0.0348018 
-0.156474 -0.00949356 0.0348169 
-0.156548 -0.0094847 0.0348533 
-0.156554 -0.00948375 0.0348562 
-0.156617 -0.00947259 0.034892 
-0.156709 -0.00944593 0.0349286 
-0.156753 -0.00943132 0.0349476 
-0.156811 -0.00940659 0.0349835 
-0.156821 -0.00940217 0.0349882 
-0.156891 -0.00936377 0.0350267 
-0.156902 -0.00935398 0.035036 
-0.156914 -0.00933235 0.0350554 
-0.156929 -0.00930446 0.0350758 
-0.156935 -0.00929051 0.0350847 
-0.156944 -0.00925089 0.0351068 
-0.156949 -0.00923613 0.0351141 
-0.156967 -0.00919472 0.0351325 
-0.156972 -0.00915257 0.0351484 
-0.156967 -0.00913717 0.0351533 
-0.156971 -0.00907765 0.035171 
-0.156955 -0.00905717 0.035175 
-0.156924 -0.00901757 0.0351814 
-0.156873 -0.00897874 0.0351845 
-0.156833 -0.00895625 0.0351846 
-0.156747 -0.00890906 0.0351831 
-0.156716 -0.00889315 0.0351819 
-0.156603 -0.00882912 0.0351767 
-0.156585 -0.00882147 0.0351755 
-0.156453 -0.00876377 0.0351647 
-0.156374 -0.00869777 0.0351594 
-0.156336 -0.00863175 0.0351579 
-0.156353 -0.00856543 0.0351616 
-0.156435 -0.0085342 0.0351716 
-0.15661 -0.00853653 0.0351916 
-0.156767 -0.00853593 0.0352078 
-0.156917 -0.0085425 0.0352216 
-0.157022 -0.0085176 0.0352282 
-0.157111 -0.00849318 0.035231 
-0.157114 -0.00849051 0.0352309 
-0.157171 -0.00845764 0.0352286 
-0.157194 -0.00841387 0.0352207 
-0.157194 -0.00840692 0.0352191 
-0.157203 -0.00836072 0.035206 
-0.157188 -0.00833609 0.0351984 
-0.15715 -0.00828832 0.0351816 
-0.157125 -0.00825806 0.0351689 
-0.157185 -0.00825793 0.0350592 
-0.157133 -0.0082099 0.0350323 
-0.157113 -0.0081879 0.0350101 
-0.157127 -0.00819132 0.0349929 
-0.157172 -0.00822065 0.0349801 
-0.157181 -0.00822652 0.0349796 
-0.157247 -0.00827984 0.0349708 
-0.157253 -0.00828519 0.0349696 
-0.15732 -0.00834746 0.0349665 
-0.157337 -0.00837272 0.0349613 
-0.157354 -0.00840637 0.0349527 
-0.157392 -0.00846907 0.0349463 
-0.157395 -0.00848399 0.0349425 
-0.157399 -0.00852842 0.0349303 
-0.157416 -0.00859127 0.0349226 
-0.157421 -0.00865426 0.0349131 
-0.157418 -0.00871715 0.0349032 
-0.157415 -0.00872064 0.0349015 
-0.157368 -0.00877464 0.0348772 
-0.157346 -0.008838 0.0348655 
-0.157305 -0.00889969 0.0348493 
-0.157253 -0.00896112 0.0348313 
-0.157183 -0.00902148 0.0348086 
-0.157143 -0.00908304 0.0348008 
-0.15714 -0.0090871 0.0348004 
-0.157057 -0.00914803 0.0347783 
-0.156971 -0.00921042 0.0347583 
-0.156911 -0.00926061 0.0347488 
-0.156891 -0.00927562 0.0347457 
-0.156777 -0.00933678 0.0347213 
-0.156722 -0.00937211 0.0347138 
-0.156671 -0.00940237 0.034707 
-0.156606 -0.0094401 0.0346998 
-0.156597 -0.00946692 0.0347148 
-0.156631 -0.0094754 0.0347418 
-0.156704 -0.00946647 0.0347794 
-0.15678 -0.00944783 0.0348103 
-0.15683 -0.00943403 0.0348315 
-0.156902 -0.00941025 0.0348707 
-0.156914 -0.00940592 0.0348758 
-0.156998 -0.00936833 0.0349171 
-0.157013 -0.00935879 0.0349276 
-0.157033 -0.00933923 0.0349484 
-0.157053 -0.00931118 0.0349725 
-0.157058 -0.00930359 0.034978 
-0.157058 -0.00926743 0.035002 
-0.15706 -0.00925945 0.0350065 
-0.157058 -0.00921611 0.0350276 
-0.15704 -0.00920512 0.0350316 
-0.156996 -0.00918651 0.0350366 
-0.15691 -0.00915855 0.0350401 
-0.1569 -0.00914958 0.035042 
-0.156827 -0.00911065 0.0350463 
-0.156782 -0.00909005 0.035047 
-0.156724 -0.00905571 0.0350486 
-0.156688 -0.00902885 0.03505 
-0.156605 -0.00897662 0.0350499 
-0.156582 -0.00896624 0.0350489 
-0.156497 -0.00890236 0.0350479 
-0.15645 -0.00888014 0.0350447 
-0.156354 -0.0088373 0.0350372 
-0.156286 -0.00877227 0.0350346 
-0.156255 -0.00870666 0.0350355 
-0.156292 -0.00864146 0.0350436 
-0.156366 -0.00861466 0.035054 
-0.156486 -0.00857646 0.0350696 
-0.156511 -0.00856591 0.0350726 
-0.156676 -0.00855786 0.0350913 
-0.156834 -0.00855729 0.0351075 
-0.156985 -0.00856487 0.0351212 
-0.157075 -0.0085736 0.0351284 
-0.157127 -0.00857852 0.0351321 
-0.15726 -0.00860132 0.0351402 
-0.157316 -0.00856625 0.0351398 
-0.157324 -0.00855903 0.0351393 
-0.157363 -0.00851178 0.0351332 
-0.157362 -0.00849104 0.0351296 
-0.157319 -0.00841873 0.0351148 
-0.157316 -0.00841179 0.0351129 
-0.157269 -0.00834327 0.0350926 
-0.15726 -0.00833186 0.0350886 
-0.157194 -0.00826552 0.0350625 
-0.157236 -0.00825894 0.0349374 
-0.157207 -0.00823085 0.0349137 
-0.157189 -0.00821751 0.0348912 
-0.157224 -0.00823937 0.0348815 
-0.157233 -0.00824676 0.0348779 
-0.157273 -0.00828504 0.0348627 
-0.157281 -0.00829353 0.0348605 
-0.15734 -0.00835439 0.0348535 
-0.157348 -0.00836495 0.0348512 
-0.157375 -0.00841373 0.0348407 
-0.157393 -0.0084565 0.0348317 
-0.157395 -0.00847345 0.0348261 
-0.157426 -0.00853689 0.0348212 
-0.157435 -0.00859849 0.03481 
-0.157442 -0.00866175 0.0348012 
-0.15744 -0.00866531 0.0347998 
-0.157407 -0.00872011 0.0347787 
-0.157401 -0.00878401 0.0347705 
-0.157365 -0.00884546 0.0347535 
-0.157291 -0.00890224 0.0347236 
-0.157277 -0.00896913 0.0347208 
-0.157214 -0.00903057 0.0347011 
-0.15713 -0.00909002 0.034676 
-0.157076 -0.00915072 0.0346651 
-0.157072 -0.00915473 0.0346644 
-0.156986 -0.00921703 0.0346443 
-0.156895 -0.00927996 0.0346258 
-0.15687 -0.00929916 0.0346223 
-0.1568 -0.00934455 0.0346104 
-0.156746 -0.00938393 0.0346049 
-0.156712 -0.00941383 0.0346054 
-0.156678 -0.0094368 0.0346037 
-0.156705 -0.009453 0.0346279 
-0.156736 -0.00946257 0.0346538 
-0.156776 -0.00946317 0.0346829 
-0.156812 -0.00945482 0.0346984 
-0.156876 -0.00943835 0.0347283 
-0.156934 -0.0094196 0.0347635 
-0.156945 -0.00941539 0.0347687 
-0.156998 -0.00938996 0.0348013 
-0.157016 -0.00937164 0.0348244 
-0.15702 -0.00936735 0.0348288 
-0.157016 -0.00934647 0.0348501 
-0.15703 -0.00932396 0.0348664 
-0.157036 -0.00930395 0.0348794 
-0.157044 -0.00927066 0.0348979 
-0.157043 -0.00925304 0.0349065 
-0.156988 -0.00922158 0.0349175 
-0.156985 -0.00921636 0.0349192 
-0.156998 -0.00915818 0.03494 
-0.156979 -0.00913782 0.0349446 
-0.156941 -0.00909889 0.0349519 
-0.156907 -0.00907082 0.0349554 
-0.156832 -0.00903834 0.0349549 
-0.156788 -0.00902189 0.0349535 
-0.156689 -0.00897598 0.0349505 
-0.156651 -0.00895394 0.0349496 
-0.156573 -0.00891203 0.0349462 
-0.156524 -0.00884797 0.0349479 
-0.156543 -0.00878374 0.0349564 
-0.156521 -0.00871815 0.0349584 
-0.156572 -0.0086526 0.0349677 
-0.156598 -0.00864286 0.034971 
-0.156757 -0.008624 0.0349893 
-0.156929 -0.00864266 0.0350066 
-0.157009 -0.00865201 0.035014 
-0.157084 -0.00866045 0.0350203 
-0.15721 -0.00865481 0.0350294 
-0.157327 -0.00866063 0.0350356 
-0.157432 -0.0086697 0.0350384 
-0.157472 -0.00863887 0.035037 
-0.157484 -0.00862046 0.0350355 
-0.157483 -0.00856689 0.0350293 
-0.157474 -0.00852791 0.0350229 
-0.15746 -0.00849387 0.0350162 
-0.157423 -0.00843328 0.0350014 
-0.157413 -0.00841986 0.0349976 
-0.15734 -0.00834484 0.0349738 
-0.157333 -0.00833767 0.034971 
-0.157247 -0.00826665 0.0349409 
-0.157116 -0.00818695 0.0347845 
-0.157065 -0.00815679 0.0347562 
-0.157106 -0.00817824 0.0347523 
-0.157133 -0.00819516 0.0347475 
-0.157189 -0.00823511 0.0347393 
-0.157202 -0.00824541 0.0347377 
-0.157261 -0.00829552 0.0347328 
-0.157287 -0.0083235 0.0347286 
-0.157308 -0.00835475 0.0347212 
-0.157361 -0.00841787 0.0347182 
-0.157366 -0.00843161 0.0347149 
-0.157379 -0.00847758 0.0347034 
-0.157403 -0.00854007 0.0346958 
-0.157425 -0.00860381 0.0346904 
-0.157424 -0.00860775 0.0346892 
-0.157406 -0.00866334 0.0346713 
-0.157413 -0.00872776 0.0346656 
-0.157395 -0.00879006 0.0346529 
-0.157335 -0.00884805 0.0346264 
-0.157291 -0.00890918 0.0346085 
-0.157264 -0.00897406 0.0346003 
-0.15722 -0.0090384 0.0345885 
-0.157136 -0.00909768 0.034563 
-0.157056 -0.00915904 0.0345423 
-0.157027 -0.00918753 0.0345369 
-0.156984 -0.00922349 0.0345282 
-0.156878 -0.00928395 0.0345033 
-0.156807 -0.0093337 0.034491 
-0.156784 -0.00934819 0.0344873 
-0.156667 -0.00941071 0.0344656 
-0.156639 -0.0094286 0.0344627 
-0.156556 -0.0094786 0.0344549 
-0.156538 -0.00948829 0.0344532 
-0.156542 -0.00951064 0.0344715 
-0.156556 -0.00952483 0.0344931 
-0.156604 -0.00952427 0.034524 
-0.156642 -0.00951641 0.0345398 
-0.156713 -0.00950012 0.0345713 
-0.156758 -0.00948824 0.0346027 
-0.156784 -0.00947929 0.034616 
-0.156827 -0.00946159 0.0346412 
-0.156854 -0.00944096 0.0346695 
-0.156862 -0.00943649 0.0346739 
-0.156912 -0.00939984 0.0347073 
-0.156923 -0.00938733 0.0347175 
-0.156936 -0.00936057 0.0347371 
-0.156946 -0.00933584 0.0347527 
-0.156968 -0.00930424 0.0347703 
-0.15698 -0.00928065 0.0347822 
-0.157006 -0.00922395 0.0348072 
-0.157006 -0.00922161 0.0348081 
-0.157 -0.0091661 0.0348266 
-0.156988 -0.00914292 0.0348327 
-0.15696 -0.00910669 0.03484 
-0.156944 -0.00904599 0.0348526 
-0.156942 -0.00904347 0.0348528 
-0.156876 -0.00898426 0.0348573 
-0.156834 -0.00895278 0.0348581 
-0.156779 -0.00892097 0.0348567 
-0.156695 -0.00885695 0.0348549 
-0.156678 -0.00883745 0.0348549 
-0.156636 -0.0087922 0.0348541 
-0.156613 -0.00872655 0.0348561 
-0.156631 -0.00869394 0.0348598 
-0.156713 -0.00866092 0.0348705 
-0.156777 -0.00865104 0.0348777 
-0.156934 -0.00865051 0.0348937 
-0.156988 -0.00866011 0.0348986 
-0.157097 -0.00867957 0.0349077 
-0.157236 -0.00869642 0.0349174 
-0.157359 -0.00871442 0.0349234 
-0.157379 -0.00871959 0.034924 
-0.157469 -0.00874228 0.0349254 
-0.157521 -0.00871278 0.0349253 
-0.157535 -0.00870138 0.0349247 
-0.157556 -0.00864072 0.03492 
-0.157553 -0.00861821 0.0349176 
-0.157538 -0.0085697 0.0349111 
-0.157487 -0.00849887 0.0348996 
-0.157472 -0.00847569 0.0348944 
-0.157429 -0.00842576 0.0348818 
-0.157346 -0.00835267 0.034861 
-0.157339 -0.00834552 0.0348582 
-0.157253 -0.00827447 0.0348282 
-0.157242 -0.00826676 0.0348247 
-0.157129 -0.00819438 0.0347885 
-0.156985 -0.00813357 0.0346276 
-0.156959 -0.00812305 0.0346028 
-0.157011 -0.00815793 0.0345909 
-0.157024 -0.00816676 0.0345899 
-0.157114 -0.0082293 0.0345894 
-0.157126 -0.00823978 0.0345882 
-0.15718 -0.00829013 0.0345833 
-0.157219 -0.00833361 0.034579 
-0.15723 -0.00835103 0.0345755 
-0.157292 -0.00841598 0.0345772 
-0.157336 -0.00848016 0.0345746 
-0.157344 -0.00851448 0.0345678 
-0.157346 -0.00854061 0.0345613 
-0.157364 -0.0086039 0.0345545 
-0.157361 -0.00866587 0.0345422 
-0.157341 -0.00872661 0.0345262 
-0.157334 -0.00879033 0.0345177 
-0.15731 -0.0088535 0.0345055 
-0.157272 -0.00891548 0.0344902 
-0.157218 -0.00897658 0.0344715 
-0.157149 -0.00903706 0.0344494 
-0.157071 -0.00909727 0.0344266 
-0.157011 -0.00916134 0.0344135 
-0.15697 -0.00921296 0.034408 
-0.156956 -0.00922832 0.0344061 
-0.15686 -0.00929028 0.0343853 
-0.156819 -0.00932839 0.0343813 
-0.156782 -0.00935748 0.034377 
-0.156695 -0.00941113 0.0343642 
-0.156675 -0.00942243 0.0343613 
-0.156573 -0.0094791 0.0343492 
-0.15656 -0.00949079 0.0343513 
-0.156527 -0.00951585 0.0343546 
-0.156537 -0.00953113 0.0343752 
-0.156585 -0.00953058 0.034406 
-0.156623 -0.00952272 0.0344217 
-0.156694 -0.00950645 0.0344531 
-0.156758 -0.00948847 0.0344896 
-0.156772 -0.00948409 0.0344953 
-0.156838 -0.00945758 0.034531 
-0.156872 -0.00943971 0.0345522 
-0.156898 -0.00942443 0.0345679 
-0.156915 -0.00939733 0.034595 
-0.156921 -0.00939267 0.0345987 
-0.15693 -0.00936144 0.0346221 
-0.156913 -0.00934272 0.0346337 
-0.156906 -0.00933179 0.0346398 
-0.156867 -0.00929796 0.0346545 
-0.156864 -0.00928914 0.0346582 
-0.156827 -0.00925031 0.0346707 
-0.156814 -0.00923263 0.0346759 
-0.156785 -0.00918375 0.0346884 
-0.156774 -0.00917405 0.0346901 
-0.156777 -0.00911369 0.0347058 
-0.156742 -0.0090787 0.03471 
-0.156708 -0.00905248 0.0347117 
-0.156675 -0.00899028 0.0347192 
-0.156638 -0.00896823 0.0347183 
-0.156565 -0.00892636 0.0347156 
-0.156471 -0.00887928 0.0347099 
-0.156431 -0.00886152 0.0347068 
-0.156304 -0.00879583 0.0346968 
-0.156336 -0.00873091 0.0347058 
-0.156415 -0.00868391 0.0347185 
-0.156595 -0.00867288 0.0347407 
-0.156769 -0.00867323 0.0347601 
-0.156947 -0.00870642 0.0347771 
-0.157098 -0.00872238 0.0347897 
-0.15714 -0.00873133 0.0347927 
-0.15724 -0.00875227 0.0347986 
-0.157362 -0.00877714 0.0348035 
-0.157461 -0.00878231 0.0348055 
-0.15754 -0.00876956 0.0348048 
-0.157574 -0.0087137 0.0348029 
-0.157578 -0.00869307 0.0348015 
-0.157573 -0.00864334 0.0347972 
-0.157549 -0.00857509 0.0347878 
-0.157548 -0.00857209 0.0347872 
-0.157492 -0.00850156 0.0347757 
-0.157426 -0.00842863 0.0347575 
-0.157419 -0.00842014 0.0347548 
-0.157344 -0.00835361 0.0347329 
-0.15729 -0.00831262 0.0347173 
-0.157239 -0.00827704 0.0347023 
-0.157134 -0.00821279 0.0346727 
-0.157109 -0.00819855 0.0346654 
-0.156825 -0.00808587 0.0344635 
-0.156829 -0.00809566 0.0344436 
-0.156839 -0.00810121 0.0344433 
-0.156941 -0.0081634 0.0344444 
-0.156956 -0.00817436 0.0344439 
-0.157022 -0.0082253 0.0344417 
-0.157072 -0.00826927 0.0344397 
-0.157087 -0.00828689 0.0344372 
-0.157147 -0.00834994 0.0344349 
-0.157218 -0.00841635 0.0344406 
-0.157236 -0.00844772 0.0344375 
-0.157249 -0.00847871 0.034433 
-0.157282 -0.00854276 0.0344296 
-0.157294 -0.0086052 0.0344206 
-0.15729 -0.00866709 0.034408 
-0.157298 -0.00873162 0.0344026 
-0.15729 -0.00879531 0.034394 
-0.157267 -0.00885847 0.0343819 
-0.157228 -0.00892043 0.0343667 
-0.157174 -0.0089815 0.0343479 
-0.157112 -0.00904293 0.0343284 
-0.157067 -0.00910799 0.0343189 
-0.156994 -0.00917025 0.034301 
-0.156979 -0.00919165 0.0342992 
-0.156936 -0.00923708 0.034293 
-0.156848 -0.00930053 0.034276 
-0.15684 -0.00930813 0.0342751 
-0.156754 -0.00936523 0.034261 
-0.156693 -0.00940202 0.0342518 
-0.156645 -0.00943029 0.0342456 
-0.156578 -0.00946942 0.0342384 
-0.156528 -0.00949872 0.0342354 
-0.156483 -0.00952062 0.0342313 
-0.156494 -0.0095359 0.0342519 
-0.156542 -0.00953536 0.0342825 
-0.15658 -0.00952752 0.0342983 
-0.15665 -0.00951123 0.0343296 
-0.156715 -0.00949329 0.034366 
-0.156728 -0.0094889 0.0343717 
-0.156795 -0.00946241 0.0344072 
-0.156829 -0.00944453 0.0344284 
-0.156854 -0.00942926 0.0344442 
-0.156856 -0.00940848 0.0344668 
-0.156863 -0.00939841 0.0344751 
-0.156866 -0.009375 0.0344927 
-0.156874 -0.00934745 0.0345101 
-0.156874 -0.0093311 0.0345191 
-0.156852 -0.00929344 0.0345362 
-0.156849 -0.00928862 0.0345382 
-0.156816 -0.00923715 0.0345557 
-0.156815 -0.00923539 0.0345562 
-0.156742 -0.00918808 0.0345647 
-0.15673 -0.00917898 0.0345661 
-0.156656 -0.00912821 0.0345716 
-0.156639 -0.00911854 0.0345721 
-0.1566 -0.00905719 0.0345807 
-0.156567 -0.0090259 0.0345826 
-0.156529 -0.00899464 0.0345834 
-0.156417 -0.00894117 0.0345776 
-0.156388 -0.00893017 0.0345756 
-0.156292 -0.0088655 0.034571 
-0.156223 -0.00883246 0.0345653 
-0.156155 -0.00879954 0.0345594 
-0.156205 -0.00876036 0.0345692 
-0.156261 -0.00873564 0.0345782 
-0.156384 -0.00871102 0.0345954 
-0.156555 -0.00873812 0.0346146 
-0.156588 -0.00874466 0.0346181 
-0.156765 -0.00875316 0.0346372 
-0.156923 -0.00875273 0.0346531 
-0.15707 -0.00876388 0.0346653 
-0.157204 -0.00878051 0.0346738 
-0.157267 -0.0087992 0.0346761 
-0.157326 -0.00881858 0.0346772 
-0.157424 -0.00883167 0.0346781 
-0.157485 -0.00878998 0.0346803 
-0.157497 -0.00877932 0.0346804 
-0.157535 -0.00871836 0.0346782 
-0.157538 -0.00870596 0.0346773 
-0.157538 -0.00864727 0.0346716 
-0.157527 -0.00860577 0.0346657 
-0.157516 -0.00857515 0.0346601 
-0.157463 -0.00850336 0.0346465 
-0.157446 -0.00848178 0.0346408 
-0.157397 -0.0084293 0.0346259 
-0.157344 -0.00838084 0.0346087 
-0.157309 -0.00835248 0.0345971 
-0.157196 -0.00827725 0.0345685 
-0.157182 -0.00826808 0.0345643 
-0.157061 -0.00819943 0.0345325 
-0.15698 -0.00815747 0.0345108 
-0.156899 -0.0081189 0.0344868 
-0.1566 -0.00802158 0.0343072 
-0.156598 -0.0080271 0.0342864 
-0.15661 -0.00803308 0.0342866 
-0.156704 -0.00808753 0.0342838 
-0.156712 -0.00809294 0.034283 
-0.156823 -0.00815804 0.0342912 
-0.156881 -0.00820079 0.0342913 
-0.156904 -0.00822079 0.0342903 
-0.15698 -0.00828451 0.0342913 
-0.15705 -0.00834931 0.0342939 
-0.157053 -0.0083531 0.0342935 
-0.15709 -0.00841134 0.0342874 
-0.15716 -0.00847952 0.0342959 
-0.157187 -0.00854273 0.0342902 
-0.157199 -0.00860508 0.034281 
-0.157222 -0.00867073 0.034279 
-0.157229 -0.00873523 0.0342737 
-0.157221 -0.00879889 0.034265 
-0.157198 -0.00886202 0.034253 
-0.157159 -0.00892397 0.0342377 
-0.157106 -0.00898499 0.0342191 
-0.157043 -0.00904638 0.0341996 
-0.156999 -0.00911143 0.03419 
-0.156925 -0.00917366 0.0341721 
-0.156913 -0.00919359 0.0341713 
-0.156869 -0.00924059 0.0341645 
-0.156811 -0.00929512 0.0341571 
-0.156799 -0.00930725 0.0341559 
-0.156704 -0.00937213 0.0341413 
-0.156689 -0.00938295 0.0341401 
-0.156602 -0.00943939 0.0341309 
-0.156583 -0.00944992 0.0341287 
-0.15648 -0.00950521 0.0341194 
-0.156477 -0.00950759 0.0341197 
-0.156427 -0.00953861 0.0341237 
-0.156473 -0.00953861 0.0341538 
-0.156511 -0.00953076 0.0341695 
-0.156582 -0.00951451 0.0342007 
-0.156646 -0.00949658 0.034237 
-0.156659 -0.00949219 0.0342427 
-0.156726 -0.00946573 0.0342781 
-0.15676 -0.00944786 0.0342993 
-0.156785 -0.0094326 0.0343149 
-0.156803 -0.00940552 0.0343418 
-0.156807 -0.00940093 0.0343456 
-0.156819 -0.00936881 0.0343695 
-0.156831 -0.00934984 0.0343813 
-0.156863 -0.00930475 0.0344062 
-0.156866 -0.00929488 0.0344112 
-0.156888 -0.00923844 0.034436 
-0.156887 -0.00922821 0.0344398 
-0.156883 -0.00918073 0.0344558 
-0.156878 -0.00913863 0.0344676 
-0.156868 -0.00912123 0.0344714 
-0.156869 -0.00906059 0.0344857 
-0.156836 -0.00901879 0.034491 
-0.156815 -0.00899912 0.0344926 
-0.156809 -0.00893609 0.0345019 
-0.156877 -0.00888824 0.0345146 
-0.156911 -0.00887196 0.0345196 
-0.157018 -0.00884056 0.0345318 
-0.157147 -0.00884509 0.0345403 
-0.157259 -0.00884212 0.0345459 
-0.157355 -0.0088353 0.0345485 
-0.157421 -0.0087933 0.0345504 
-0.157429 -0.00878632 0.0345505 
-0.157479 -0.00873164 0.0345476 
-0.157483 -0.00872025 0.0345468 
-0.157491 -0.00865449 0.0345388 
-0.157491 -0.00864769 0.0345376 
-0.157455 -0.00857717 0.034528 
-0.157431 -0.00853458 0.0345184 
-0.157408 -0.00850299 0.0345101 
-0.157335 -0.00842951 0.03449 
-0.157326 -0.00842089 0.0344869 
-0.157242 -0.00835424 0.0344637 
-0.157155 -0.00829611 0.034442 
-0.157127 -0.00827884 0.0344346 
-0.156993 -0.00820404 0.0344052 
-0.156876 -0.00814411 0.0343759 
-0.156839 -0.00812644 0.0343666 
-0.156667 -0.00804903 0.0343259 
-0.156791 -0.00815338 0.0342232 
-0.156723 -0.00812893 0.0341907 
-0.156642 -0.0081048 0.0341552 
-0.156725 -0.00815987 0.0341552 
-0.156854 -0.00823063 0.0341761 
-0.156958 -0.00829885 0.0341896 
-0.15706 -0.00836846 0.0342054 
-0.15709 -0.00840382 0.0342032 
-0.157108 -0.00843082 0.0342001 
-0.157144 -0.00849363 0.034194 
-0.157144 -0.00853348 0.0341814 
-0.15714 -0.00855171 0.0341743 
-0.157151 -0.00861397 0.0341651 
-0.157134 -0.0086739 0.0341473 
-0.157135 -0.00873744 0.0341394 
-0.157121 -0.00880011 0.0341281 
-0.157116 -0.00880385 0.0341261 
-0.157049 -0.00885655 0.0340977 
-0.157009 -0.00891817 0.0340817 
-0.156959 -0.00897954 0.0340643 
-0.15691 -0.00904277 0.0340501 
-0.156898 -0.0090719 0.0340482 
-0.156876 -0.00910906 0.0340442 
-0.156814 -0.00917288 0.0340307 
-0.156796 -0.00920756 0.0340304 
-0.156772 -0.00924189 0.0340289 
-0.15674 -0.00928776 0.0340288 
-0.15672 -0.00931186 0.0340287 
-0.156672 -0.00935713 0.0340261 
-0.156641 -0.0093805 0.0340235 
-0.15659 -0.00941899 0.0340206 
-0.15655 -0.00945234 0.0340233 
-0.156532 -0.00946293 0.0340228 
-0.156524 -0.00948462 0.0340383 
-0.156524 -0.00949789 0.0340566 
-0.156553 -0.00949623 0.0340832 
-0.156582 -0.00948861 0.0340992 
-0.15661 -0.00947979 0.0341175 
-0.156625 -0.00947002 0.0341418 
-0.156666 -0.00944968 0.0341647 
-0.156691 -0.00943441 0.0341804 
-0.156709 -0.00940738 0.0342072 
-0.156715 -0.00940267 0.034211 
-0.156759 -0.00935557 0.034244 
-0.156762 -0.0093507 0.0342471 
-0.156831 -0.00929491 0.0342784 
-0.156859 -0.00925664 0.034297 
-0.156867 -0.00923863 0.0343049 
-0.156853 -0.00918734 0.0343233 
-0.156849 -0.00918175 0.034325 
-0.156845 -0.00912245 0.0343422 
-0.156827 -0.00909743 0.0343472 
-0.156795 -0.00906253 0.0343526 
-0.156783 -0.00900094 0.0343636 
-0.156806 -0.00893785 0.0343757 
-0.156913 -0.00887329 0.0343929 
-0.156926 -0.00886721 0.0343946 
-0.157053 -0.00884894 0.0344052 
-0.157165 -0.00884433 0.034411 
-0.157261 -0.0088395 0.0344133 
-0.157343 -0.00883282 0.0344124 
-0.157395 -0.00879006 0.0344114 
-0.157401 -0.00878295 0.034411 
-0.157424 -0.008718 0.0344062 
-0.157426 -0.00870752 0.0344049 
-0.157424 -0.00864444 0.0343942 
-0.157417 -0.00862827 0.0343917 
-0.157386 -0.00857265 0.0343816 
-0.157324 -0.00850113 0.0343676 
-0.157309 -0.00848435 0.0343628 
-0.157246 -0.008427 0.0343457 
-0.157148 -0.00835423 0.0343241 
-0.157123 -0.00833671 0.0343173 
-0.15703 -0.00827826 0.0342935 
-0.156948 -0.00823103 0.0342696 
-0.156883 -0.00819745 0.0342502 
-0.15651 -0.00807854 0.0340557 
-0.15654 -0.00809937 0.0340402 
-0.156551 -0.00810737 0.0340374 
-0.156569 -0.00812841 0.034024 
-0.156597 -0.00815943 0.0340116 
-0.156716 -0.00822844 0.0340277 
-0.156753 -0.00825344 0.0340315 
-0.156811 -0.00829514 0.0340371 
-0.156897 -0.00836212 0.0340458 
-0.156981 -0.00841331 0.0340649 
-0.157017 -0.00843656 0.0340732 
-0.157036 -0.00846319 0.0340718 
-0.157058 -0.00849987 0.0340686 
-0.157079 -0.0085615 0.034059 
-0.157068 -0.00860076 0.0340442 
-0.157059 -0.00861872 0.0340361 
-0.157055 -0.00868046 0.0340235 
-0.157023 -0.00873918 0.0340025 
-0.157002 -0.00880086 0.0339886 
-0.156998 -0.0088046 0.0339866 
-0.156931 -0.00885725 0.0339583 
-0.156891 -0.00891882 0.0339422 
-0.156837 -0.00897975 0.0339237 
-0.15677 -0.00904032 0.0339024 
-0.156736 -0.00910205 0.0338959 
-0.156734 -0.00910615 0.0338956 
-0.156648 -0.00916624 0.0338723 
-0.156604 -0.00923441 0.0338689 
-0.156599 -0.00924537 0.0338695 
-0.156563 -0.0093052 0.0338715 
-0.156554 -0.00931565 0.0338716 
-0.156496 -0.00937505 0.03387 
-0.156488 -0.0093814 0.0338694 
-0.156414 -0.00943841 0.0338663 
-0.156404 -0.00944481 0.0338657 
-0.156329 -0.00948948 0.0338614 
-0.156318 -0.00951132 0.0338764 
-0.156326 -0.00952184 0.0338968 
-0.156356 -0.00952056 0.0339234 
-0.156385 -0.00951397 0.0339503 
-0.156433 -0.00949734 0.0339736 
-0.156468 -0.00948309 0.0339922 
-0.156493 -0.00946372 0.0340195 
-0.156507 -0.00945416 0.0340295 
-0.156528 -0.00943191 0.0340508 
-0.156557 -0.00940529 0.0340718 
-0.156584 -0.00938086 0.0340887 
-0.156611 -0.00935241 0.0341065 
-0.156696 -0.0092959 0.0341379 
-0.156722 -0.00926787 0.0341518 
-0.156743 -0.00923925 0.0341647 
-0.156759 -0.0091817 0.0341866 
-0.156759 -0.00916827 0.0341909 
-0.156752 -0.00912265 0.0342038 
-0.15676 -0.0090623 0.0342193 
-0.156807 -0.00900027 0.0342353 
-0.156921 -0.00895623 0.0342504 
-0.157036 -0.008942 0.0342579 
-0.157132 -0.00894113 0.0342597 
-0.157178 -0.00892657 0.0342616 
-0.157219 -0.00891113 0.0342627 
-0.15729 -0.00887548 0.0342624 
-0.157309 -0.0088528 0.0342627 
-0.157337 -0.00879536 0.0342618 
-0.157341 -0.00878266 0.034261 
-0.157344 -0.00871128 0.0342547 
-0.157344 -0.00870314 0.0342534 
-0.157323 -0.00863941 0.0342437 
-0.1573 -0.00859732 0.0342354 
-0.157279 -0.0085662 0.0342275 
-0.157212 -0.00849502 0.0342137 
-0.157128 -0.00842355 0.0341965 
-0.157122 -0.00841901 0.034195 
-0.157026 -0.00835 0.0341729 
-0.15691 -0.00827834 0.0341514 
-0.156782 -0.00820752 0.0341223 
-0.156773 -0.00820283 0.0341203 
-0.156621 -0.0081276 0.0340868 
-0.156365 -0.00807742 0.0339109 
-0.156359 -0.00808244 0.0338894 
-0.156388 -0.008103 0.0338819 
-0.156403 -0.00811703 0.0338756 
-0.156396 -0.00813624 0.0338522 
-0.156412 -0.00815248 0.0338485 
-0.156526 -0.00822079 0.0338628 
-0.156659 -0.00829354 0.0338887 
-0.156744 -0.00834123 0.0339073 
-0.15679 -0.00836793 0.0339173 
-0.156888 -0.00843895 0.0339356 
-0.156942 -0.00850428 0.0339364 
-0.156944 -0.00851743 0.0339324 
-0.156945 -0.00856265 0.0339184 
-0.156958 -0.0086248 0.0339091 
-0.15695 -0.00865809 0.0338986 
-0.156938 -0.00868378 0.0338892 
-0.156925 -0.0087452 0.0338758 
-0.156892 -0.00880498 0.0338569 
-0.156842 -0.00886413 0.0338345 
-0.156804 -0.00892591 0.0338192 
-0.15675 -0.00898681 0.0338006 
-0.156687 -0.00904804 0.0337813 
-0.156668 -0.00911665 0.0337817 
-0.156661 -0.00913704 0.0337825 
-0.156632 -0.00918498 0.0337801 
-0.156605 -0.00922898 0.0337797 
-0.156588 -0.00925482 0.0337798 
-0.15655 -0.00930065 0.0337792 
-0.156525 -0.00932432 0.0337778 
-0.156472 -0.00936668 0.0337745 
-0.156436 -0.00939345 0.0337727 
-0.156394 -0.00942117 0.0337708 
-0.15632 -0.00946363 0.0337669 
-0.156305 -0.0094701 0.0337654 
-0.156251 -0.00950009 0.0337698 
-0.156191 -0.00952577 0.0337731 
-0.156158 -0.00953772 0.0337842 
-0.156158 -0.00953459 0.0338041 
-0.156149 -0.00952804 0.0338227 
-0.156173 -0.00950964 0.0338449 
-0.156179 -0.00950317 0.0338518 
-0.156165 -0.00948512 0.0338704 
-0.156184 -0.00946307 0.0338876 
-0.156195 -0.00944347 0.0339014 
-0.156222 -0.00941095 0.033922 
-0.156264 -0.00937205 0.0339445 
-0.156275 -0.00935626 0.0339527 
-0.156365 -0.00929918 0.0339831 
-0.156432 -0.00924151 0.0340095 
-0.156475 -0.00918292 0.0340317 
-0.156476 -0.00917899 0.0340329 
-0.156485 -0.00912315 0.034049 
-0.156544 -0.00906219 0.0340682 
-0.156614 -0.00903075 0.0340804 
-0.156753 -0.00901002 0.0340936 
-0.156817 -0.00899656 0.0340996 
-0.156877 -0.00898188 0.0341047 
-0.156978 -0.00896943 0.0341087 
-0.157061 -0.00896094 0.0341083 
-0.157133 -0.00893859 0.034107 
-0.157162 -0.00891528 0.0341077 
-0.157195 -0.00888638 0.0341067 
-0.157228 -0.00884176 0.0341026 
-0.157233 -0.00882889 0.0341016 
-0.157239 -0.00877121 0.0340978 
-0.157227 -0.00871198 0.0340933 
-0.157224 -0.00870108 0.0340919 
-0.157187 -0.00863431 0.0340896 
-0.157135 -0.00856603 0.0340827 
-0.157068 -0.00849437 0.0340677 
-0.157024 -0.008454 0.0340562 
-0.156983 -0.00842046 0.0340454 
-0.15688 -0.00834778 0.0340235 
-0.156802 -0.00829852 0.0340039 
-0.156756 -0.0082719 0.0339925 
-0.156619 -0.00819755 0.0339635 
-0.156469 -0.00812454 0.0339352 
-0.155775 -0.00791121 0.033725 
-0.15575 -0.00789634 0.0337015 
-0.155712 -0.00788143 0.0336749 
-0.155758 -0.00789909 0.0336778 
-0.155874 -0.00794726 0.0336841 
-0.155905 -0.0079615 0.0336852 
-0.156071 -0.00803211 0.0337106 
-0.156216 -0.00810086 0.0337303 
-0.156345 -0.00816891 0.0337465 
-0.156471 -0.00823896 0.0337655 
-0.156476 -0.0082429 0.0337657 
-0.156556 -0.00830333 0.033769 
-0.156647 -0.00837098 0.0337799 
-0.156706 -0.00843477 0.033779 
-0.15677 -0.00850186 0.0337846 
-0.156818 -0.00856773 0.0337867 
-0.156818 -0.0085714 0.0337859 
-0.156821 -0.0086279 0.0337725 
-0.156845 -0.00869364 0.0337709 
-0.156842 -0.00875633 0.0337612 
-0.156808 -0.00881561 0.0337412 
-0.156774 -0.00887694 0.0337249 
-0.156742 -0.00893968 0.0337122 
-0.156721 -0.00900587 0.0337077 
-0.156703 -0.00906363 0.0337065 
-0.156699 -0.00907414 0.0337065 
-0.156647 -0.00913909 0.0336963 
-0.156596 -0.00919497 0.0336882 
-0.156586 -0.00920476 0.0336867 
-0.156514 -0.00927185 0.0336783 
-0.156502 -0.00928239 0.0336776 
-0.156427 -0.00933991 0.0336712 
-0.156412 -0.00934995 0.0336698 
-0.156312 -0.00940682 0.0336591 
-0.156299 -0.00941288 0.0336576 
-0.156217 -0.00945462 0.0336544 
-0.156164 -0.00947628 0.0336491 
-0.156094 -0.00950166 0.0336415 
-0.156037 -0.00952101 0.0336464 
-0.156023 -0.00952166 0.0336628 
-0.156037 -0.00950793 0.0336871 
-0.156046 -0.00950339 0.0336919 
-0.156085 -0.00947541 0.0337212 
-0.156105 -0.00945638 0.0337382 
-0.156135 -0.00943269 0.0337567 
-0.156174 -0.00940465 0.0337761 
-0.156222 -0.00936039 0.0338036 
-0.156227 -0.00935099 0.033809 
-0.156275 -0.00929521 0.0338376 
-0.156304 -0.00926314 0.0338525 
-0.15632 -0.00923816 0.033863 
-0.156387 -0.00917941 0.033887 
-0.156454 -0.00911918 0.0339089 
-0.156523 -0.00909225 0.0339202 
-0.156633 -0.00905556 0.0339346 
-0.156673 -0.00904203 0.0339393 
-0.156775 -0.00902974 0.0339436 
-0.156858 -0.0090226 0.0339432 
-0.156935 -0.00900024 0.0339428 
-0.156966 -0.00897676 0.0339454 
-0.157013 -0.00893359 0.0339478 
-0.157036 -0.00890663 0.0339481 
-0.157063 -0.00886034 0.0339471 
-0.157073 -0.00883562 0.033945 
-0.15707 -0.00876918 0.033947 
-0.157061 -0.00871645 0.0339425 
-0.157056 -0.00869872 0.0339404 
-0.15702 -0.00862911 0.0339325 
-0.156968 -0.00855979 0.0339232 
-0.156929 -0.00851837 0.0339152 
-0.156898 -0.00848843 0.0339086 
-0.156815 -0.00842107 0.0338998 
-0.156792 -0.00840404 0.033897 
-0.156716 -0.00835298 0.0338876 
-0.156602 -0.0082837 0.0338712 
-0.156473 -0.00821335 0.0338513 
-0.156328 -0.00814266 0.0338282 
-0.156169 -0.00807131 0.0338018 
-0.155993 -0.00799894 0.033772 
-0.155804 -0.00792386 0.0337339 
-0.156168 -0.00815054 0.0336344 
-0.156093 -0.0081225 0.0336012 
-0.15617 -0.00816991 0.0336013 
-0.156236 -0.00821313 0.0336034 
-0.156262 -0.00823315 0.0336028 
-0.156358 -0.00829947 0.0336116 
-0.156436 -0.00836474 0.0336162 
-0.156465 -0.00839997 0.0336139 
-0.156483 -0.00842684 0.0336109 
-0.156535 -0.0084919 0.0336113 
-0.15658 -0.0085573 0.0336124 
-0.156588 -0.00861834 0.0336006 
-0.156604 -0.0086828 0.0335958 
-0.156612 -0.00874706 0.0335904 
-0.156604 -0.00881047 0.0335818 
-0.156586 -0.00887418 0.033572 
-0.156565 -0.00893869 0.0335642 
-0.15656 -0.00900747 0.0335665 
-0.156561 -0.00901463 0.0335678 
-0.15656 -0.00908054 0.0335772 
-0.156558 -0.00909162 0.0335784 
-0.156534 -0.00915215 0.0335829 
-0.156528 -0.00916308 0.0335835 
-0.156478 -0.00922216 0.0335827 
-0.156468 -0.00923246 0.0335822 
-0.156393 -0.00929123 0.033577 
-0.156383 -0.00929748 0.0335761 
-0.156288 -0.00935323 0.0335685 
-0.156275 -0.00935925 0.0335669 
-0.156148 -0.00941445 0.0335505 
-0.156121 -0.00942524 0.0335494 
-0.156056 -0.00944837 0.0335459 
-0.156005 -0.00946086 0.0335529 
-0.156034 -0.00944275 0.033576 
-0.156042 -0.0094361 0.0335835 
-0.156109 -0.00939375 0.0336197 
-0.156122 -0.0093845 0.0336267 
-0.156183 -0.00934103 0.0336562 
-0.156229 -0.00930224 0.0336792 
-0.156242 -0.00928625 0.0336879 
-0.156327 -0.00922879 0.0337162 
-0.156436 -0.00916871 0.0337416 
-0.156451 -0.00916255 0.0337439 
-0.156574 -0.00912297 0.0337558 
-0.156624 -0.00910126 0.033761 
-0.156685 -0.00907278 0.0337661 
-0.156754 -0.00903235 0.0337711 
-0.156778 -0.00901267 0.0337737 
-0.15682 -0.00896584 0.0337798 
-0.156859 -0.00890983 0.0337833 
-0.156866 -0.00889733 0.0337832 
-0.156883 -0.00883066 0.0337866 
-0.156876 -0.00876579 0.0337913 
-0.156862 -0.00870102 0.033787 
-0.15686 -0.00869638 0.0337865 
-0.156826 -0.00862757 0.0337801 
-0.156774 -0.00855828 0.0337709 
-0.156705 -0.00848866 0.0337598 
-0.15667 -0.00845704 0.0337516 
-0.15662 -0.00841601 0.03374 
-0.156519 -0.00834423 0.03372 
-0.156425 -0.00828555 0.0336964 
-0.156396 -0.00826823 0.0336888 
-0.156256 -0.0081931 0.0336579 
-0.156107 -0.00822807 0.0335002 
-0.156069 -0.00821823 0.0334732 
-0.156091 -0.00823858 0.0334675 
-0.15614 -0.00828099 0.0334625 
-0.156158 -0.00829861 0.0334605 
-0.156238 -0.00836414 0.0334659 
-0.156301 -0.00842859 0.0334671 
-0.156322 -0.00846335 0.033463 
-0.156334 -0.00849018 0.0334586 
-0.15637 -0.00855402 0.0334557 
-0.1564 -0.00861855 0.0334534 
-0.156392 -0.00867902 0.0334383 
-0.156393 -0.00874223 0.0334304 
-0.156386 -0.00880557 0.0334218 
-0.156368 -0.00886918 0.0334119 
-0.156347 -0.00893358 0.0334042 
-0.156342 -0.00900228 0.0334064 
-0.156343 -0.00900943 0.0334077 
-0.156345 -0.00907592 0.0334187 
-0.156345 -0.00908267 0.0334197 
-0.156352 -0.00912976 0.0334359 
-0.156345 -0.0091542 0.0334405 
-0.156328 -0.00918282 0.0334443 
-0.156334 -0.00920531 0.0334628 
-0.1563 -0.00923682 0.0334665 
-0.156285 -0.00924779 0.0334669 
-0.156259 -0.00926798 0.0334785 
-0.156231 -0.00927996 0.0334907 
-0.156199 -0.00928571 0.0335025 
-0.15618 -0.00927556 0.0335191 
-0.156185 -0.0092705 0.0335225 
-0.156284 -0.00921247 0.0335508 
-0.156298 -0.00920653 0.0335527 
-0.15642 -0.00914722 0.0335684 
-0.156431 -0.0091405 0.03357 
-0.156522 -0.00908066 0.033581 
-0.156547 -0.00905985 0.0335848 
-0.156592 -0.00901494 0.0335914 
-0.156634 -0.00895182 0.0336043 
-0.156663 -0.00888954 0.0336092 
-0.156664 -0.00888506 0.0336094 
-0.156674 -0.00882005 0.0336153 
-0.156669 -0.00875277 0.0336151 
-0.156646 -0.00868638 0.0336156 
-0.156608 -0.00862082 0.0336153 
-0.156559 -0.00855434 0.0336035 
-0.156555 -0.00854992 0.0336025 
-0.156486 -0.0084804 0.0335914 
-0.1564 -0.00840895 0.0335738 
-0.156297 -0.00833737 0.033554 
-0.156262 -0.008315 0.0335447 
-0.156168 -0.00825974 0.0335187 
-0.155853 -0.00822791 0.0333128 
-0.155864 -0.00823657 0.0333112 
-0.155938 -0.00829752 0.033307 
-0.155955 -0.00831307 0.0333062 
-0.155999 -0.00835917 0.0333027 
-0.156079 -0.00842654 0.0333118 
-0.15612 -0.00848926 0.0333066 
-0.156163 -0.00855405 0.0333064 
-0.156163 -0.00855771 0.0333055 
-0.156164 -0.00861365 0.0332915 
-0.156188 -0.00867905 0.0332896 
-0.156173 -0.00873961 0.0332749 
-0.156148 -0.00880005 0.0332589 
-0.156126 -0.00886288 0.0332474 
-0.156123 -0.00893012 0.0332472 
-0.156137 -0.0089647 0.0332548 
-0.156163 -0.00900737 0.0332711 
-0.156168 -0.00901933 0.0332755 
-0.156213 -0.00904231 0.0333023 
-0.156262 -0.00904688 0.033332 
-0.156282 -0.00903715 0.0333421 
-0.156353 -0.00898427 0.033378 
-0.156356 -0.00898083 0.0333798 
-0.156398 -0.00892715 0.0334029 
-0.15642 -0.00886358 0.0334134 
-0.156428 -0.00880017 0.0334221 
-0.156421 -0.00873594 0.0334275 
-0.156398 -0.00867053 0.0334297 
-0.15636 -0.00860467 0.0334286 
-0.156308 -0.00853851 0.0334254 
-0.156238 -0.00847131 0.0334098 
-0.156233 -0.00846647 0.0334086 
-0.156147 -0.0083969 0.0333946 
-0.156039 -0.0083239 0.0333711 
-0.15597 -0.00828428 0.0333518 
-0.155883 -0.00824122 0.0333228 
