-6.07114 -0.390137 1.35583 
-6.07572 -0.392434 1.35575 
-6.07804 -0.397145 1.3557 
-6.07879 -0.401939 1.35559 
-6.07808 -0.406825 1.35539 
-6.07551 -0.411785 1.35511 
-6.07358 -0.413803 1.35499 
-6.06971 -0.416931 1.35473 
-6.06708 -0.418643 1.35455 
-6.06065 -0.420606 1.3543 
-6.05409 -0.421196 1.3541 
-6.04835 -0.418307 1.35423 
-6.04814 -0.418152 1.35424 
-6.04384 -0.413877 1.35443 
-6.04578 -0.409105 1.3549 
-6.04955 -0.406407 1.35526 
-6.05355 -0.403957 1.35555 
-6.0563 -0.402251 1.35572 
-6.06226 -0.398743 1.35596 
-6.06242 -0.398582 1.35596 
-6.06693 -0.393741 1.35599 
-6.06751 -0.393258 1.35598 
-6.08041 -0.397815 1.35058 
-6.0858 -0.397521 1.3505 
-6.0905 -0.396868 1.35027 
-6.09234 -0.398163 1.35015 
-6.09564 -0.401682 1.34982 
-6.0963 -0.402503 1.34972 
-6.09764 -0.407103 1.34933 
-6.09602 -0.412027 1.3491 
-6.09532 -0.412911 1.34908 
-6.09124 -0.41725 1.34893 
-6.08998 -0.418353 1.34888 
-6.08455 -0.420954 1.34882 
-6.07874 -0.422629 1.34873 
-6.07419 -0.42339 1.34865 
-6.07259 -0.423639 1.3486 
-6.07214 -0.423532 1.34861 
-6.06666 -0.422615 1.34864 
-6.06092 -0.41958 1.34881 
-6.06195 -0.414898 1.34932 
-6.06558 -0.41002 1.34984 
-6.0692 -0.406332 1.35019 
-6.07065 -0.404944 1.35029 
-6.07517 -0.401379 1.35051 
-6.07791 -0.399604 1.35057 
-6.09216 -0.399179 1.34491 
-6.09684 -0.396249 1.34481 
-6.10157 -0.395667 1.34459 
-6.10635 -0.399007 1.34428 
-6.10682 -0.399396 1.34423 
-6.111 -0.40271 1.34365 
-6.11134 -0.403095 1.34358 
-6.11291 -0.407601 1.34306 
-6.11079 -0.412477 1.34301 
-6.11066 -0.412714 1.34301 
-6.10619 -0.417862 1.34298 
-6.10603 -0.418025 1.34298 
-6.10042 -0.423114 1.34269 
-6.09569 -0.423639 1.34292 
-6.0909 -0.422649 1.34323 
-6.08593 -0.420176 1.34358 
-6.08578 -0.420046 1.34359 
-6.08197 -0.415657 1.34398 
-6.08408 -0.410823 1.34441 
-6.08735 -0.406467 1.34472 
-6.08783 -0.405766 1.34475 
-6.09078 -0.400681 1.3449 
-6.10237 -0.385722 1.33843 
-6.10727 -0.385468 1.33823 
-6.10806 -0.385859 1.33823 
-6.11329 -0.388338 1.33809 
-6.11653 -0.3899 1.33789 
-6.11866 -0.391678 1.33776 
-6.12087 -0.394355 1.33762 
-6.12327 -0.398979 1.33741 
-6.12424 -0.403751 1.33723 
-6.1244 -0.408561 1.33698 
-6.12356 -0.4134 1.33669 
-6.12217 -0.418188 1.33625 
-6.11934 -0.423131 1.33583 
-6.11843 -0.424269 1.33575 
-6.11521 -0.428111 1.33536 
-6.11081 -0.432222 1.3349 
-6.10966 -0.433131 1.33478 
-6.10333 -0.438086 1.33399 
-6.1021 -0.438861 1.33387 
-6.09405 -0.443041 1.33313 
-6.08871 -0.4435 1.33323 
-6.08782 -0.439529 1.33432 
-6.0876 -0.438383 1.3346 
-6.08667 -0.435271 1.33528 
-6.08782 -0.430795 1.33613 
-6.09004 -0.426176 1.33691 
-6.09277 -0.421427 1.33759 
-6.0957 -0.416605 1.33815 
-6.09801 -0.414455 1.33837 
-6.10088 -0.411533 1.33861 
-6.10316 -0.406536 1.33887 
-6.10368 -0.404076 1.33895 
-6.10407 -0.401578 1.33899 
-6.1021 -0.396776 1.33899 
-6.10016 -0.391861 1.33884 
-6.10172 -0.386565 1.33852 
-6.112 -0.386462 1.33228 
-6.11628 -0.38514 1.332 
-6.12091 -0.385356 1.3317 
-6.1226 -0.386198 1.33165 
-6.12635 -0.38809 1.33143 
-6.12956 -0.390286 1.33118 
-6.13137 -0.391856 1.331 
-6.13386 -0.394609 1.33069 
-6.13592 -0.397726 1.33034 
-6.13667 -0.398994 1.33015 
-6.13825 -0.403495 1.32964 
-6.13872 -0.408166 1.32921 
-6.13828 -0.412919 1.32882 
-6.13723 -0.417639 1.32832 
-6.13492 -0.422632 1.32803 
-6.13294 -0.42543 1.328 
-6.13104 -0.42784 1.3279 
-6.12718 -0.432048 1.32764 
-6.12622 -0.432969 1.32756 
-6.12052 -0.43803 1.32699 
-6.11987 -0.438506 1.32694 
-6.11484 -0.440806 1.327 
-6.1094 -0.442778 1.32698 
-6.10411 -0.443876 1.32705 
-6.09986 -0.443141 1.32747 
-6.09785 -0.440617 1.32817 
-6.09767 -0.439116 1.32854 
-6.09754 -0.436302 1.32915 
-6.09851 -0.431832 1.33001 
-6.10478 -0.427134 1.33085 
-6.10505 -0.426931 1.33088 
-6.10707 -0.42221 1.33153 
-6.10773 -0.417525 1.33204 
-6.10759 -0.417149 1.33208 
-6.10616 -0.412909 1.33239 
-6.10578 -0.40811 1.33264 
-6.10491 -0.403292 1.33277 
-6.10357 -0.398431 1.33277 
-6.10323 -0.393403 1.33266 
-6.1036 -0.392909 1.33266 
-6.10791 -0.389218 1.33252 
-6.11031 -0.387701 1.33241 
-6.09635 -0.379366 1.32492 
-6.10049 -0.376108 1.32473 
-6.10556 -0.374664 1.32462 
-6.1118 -0.375143 1.32467 
-6.11775 -0.376 1.32462 
-6.12168 -0.377624 1.32468 
-6.12477 -0.378976 1.32468 
-6.13049 -0.381285 1.32448 
-6.1311 -0.381687 1.32447 
-6.13648 -0.38533 1.32425 
-6.13733 -0.385961 1.32419 
-6.14152 -0.390419 1.32393 
-6.14233 -0.391453 1.32385 
-6.14461 -0.394945 1.32359 
-6.1468 -0.39884 1.32308 
-6.14705 -0.399319 1.32298 
-6.14829 -0.403867 1.32249 
-6.14886 -0.408398 1.32185 
-6.14848 -0.413103 1.32139 
-6.14745 -0.417821 1.32088 
-6.1458 -0.422522 1.32024 
-6.14357 -0.427158 1.31946 
-6.14068 -0.431802 1.31863 
-6.13684 -0.436663 1.31798 
-6.13317 -0.440494 1.31755 
-6.13193 -0.441657 1.31742 
-6.12725 -0.445385 1.31726 
-6.12357 -0.44729 1.31764 
-6.12323 -0.447475 1.31764 
-6.11873 -0.4496 1.31774 
-6.1148 -0.450508 1.31812 
-6.11077 -0.450962 1.31852 
-6.10692 -0.450692 1.31898 
-6.10532 -0.450031 1.31933 
-6.1035 -0.449402 1.31962 
-6.09706 -0.450291 1.31945 
-6.09081 -0.450409 1.31937 
-6.08558 -0.448957 1.31961 
-6.08314 -0.447173 1.31993 
-6.08113 -0.445852 1.32013 
-6.07512 -0.443488 1.32024 
-6.07467 -0.443094 1.32029 
-6.07293 -0.438673 1.32094 
-6.07135 -0.436659 1.32113 
-6.06923 -0.434244 1.32131 
-6.07307 -0.429593 1.32222 
-6.07591 -0.427213 1.32272 
-6.07843 -0.424823 1.32317 
-6.07901 -0.420132 1.32365 
-6.07946 -0.415389 1.32404 
-6.08111 -0.410536 1.32444 
-6.08438 -0.405601 1.32488 
-6.08565 -0.403432 1.32502 
-6.0871 -0.400612 1.32516 
-6.08735 -0.395617 1.32519 
-6.08931 -0.391681 1.32524 
-6.08987 -0.390492 1.32524 
-6.09222 -0.385287 1.32515 
-6.09281 -0.384492 1.32514 
-6.09611 -0.379891 1.32496 
-6.10528 -0.373627 1.31768 
-6.11122 -0.373163 1.31771 
-6.1165 -0.372555 1.3176 
-6.12162 -0.372408 1.31742 
-6.12439 -0.37356 1.3175 
-6.12915 -0.375561 1.31758 
-6.13459 -0.377166 1.31736 
-6.13526 -0.37757 1.31737 
-6.14142 -0.382048 1.31738 
-6.14199 -0.382447 1.31736 
-6.14688 -0.386377 1.31707 
-6.14783 -0.38742 1.31703 
-6.15066 -0.390878 1.31682 
-6.15326 -0.395536 1.3166 
-6.15384 -0.396527 1.31647 
-6.15546 -0.399942 1.31601 
-6.15662 -0.404495 1.31551 
-6.15675 -0.409349 1.31528 
-6.15678 -0.41157 1.31489 
-6.15665 -0.413796 1.31446 
-6.15575 -0.418357 1.31373 
-6.15411 -0.423064 1.31308 
-6.15186 -0.427721 1.31233 
-6.1489 -0.432463 1.31163 
-6.1473 -0.434642 1.31142 
-6.14505 -0.437405 1.31108 
-6.14022 -0.442424 1.31057 
-6.13969 -0.442909 1.31054 
-6.13524 -0.446264 1.31067 
-6.13268 -0.448025 1.3106 
-6.12937 -0.450102 1.31045 
-6.12498 -0.451957 1.31068 
-6.12037 -0.453407 1.31089 
-6.11587 -0.454244 1.31115 
-6.11111 -0.454767 1.31138 
-6.10706 -0.454143 1.31183 
-6.1024 -0.453493 1.31215 
-6.09593 -0.453814 1.31201 
-6.09258 -0.452335 1.31235 
-6.09149 -0.451757 1.31247 
-6.08693 -0.448959 1.31295 
-6.08636 -0.448315 1.31306 
-6.0827 -0.444735 1.31358 
-6.08199 -0.444077 1.31366 
-6.07749 -0.440149 1.31402 
-6.0769 -0.439724 1.31404 
-6.07621 -0.435218 1.31465 
-6.07533 -0.430657 1.31516 
-6.07638 -0.425981 1.31576 
-6.07626 -0.421299 1.31617 
-6.07601 -0.421014 1.31617 
-6.0725 -0.41663 1.31618 
-6.07425 -0.411791 1.31662 
-6.07602 -0.409658 1.31687 
-6.07797 -0.406885 1.31714 
-6.07934 -0.401968 1.31738 
-6.08091 -0.396963 1.31755 
-6.08161 -0.396487 1.3176 
-6.0874 -0.391774 1.31798 
-6.08793 -0.39129 1.31801 
-6.09266 -0.386506 1.31815 
-6.09308 -0.386016 1.31816 
-6.09756 -0.381257 1.31813 
-6.09772 -0.381115 1.31812 
-6.10158 -0.377158 1.31795 
-6.10362 -0.375475 1.31785 
-6.10434 -0.373551 1.31053 
-6.10925 -0.371484 1.31042 
-6.11551 -0.371331 1.3105 
-6.12185 -0.371789 1.31055 
-6.12753 -0.372187 1.31047 
-6.13375 -0.374031 1.31048 
-6.13409 -0.374156 1.31047 
-6.14149 -0.377964 1.31055 
-6.1422 -0.378392 1.31055 
-6.14788 -0.381791 1.3104 
-6.14922 -0.382658 1.31033 
-6.15345 -0.385964 1.31006 
-6.15457 -0.386954 1.30996 
-6.15824 -0.39144 1.30965 
-6.15897 -0.392466 1.30955 
-6.16106 -0.395912 1.30918 
-6.16272 -0.400578 1.30889 
-6.16346 -0.403118 1.30857 
-6.16388 -0.405061 1.30828 
-6.16417 -0.409748 1.30782 
-6.16378 -0.414445 1.30733 
-6.16292 -0.418865 1.30639 
-6.16128 -0.423567 1.30573 
-6.15904 -0.42821 1.30496 
-6.15621 -0.432811 1.30406 
-6.15268 -0.437557 1.30326 
-6.1485 -0.442292 1.30242 
-6.14595 -0.444855 1.3022 
-6.14319 -0.447377 1.30195 
-6.13923 -0.450603 1.30169 
-6.13643 -0.452185 1.30228 
-6.13425 -0.453396 1.30238 
-6.13193 -0.454575 1.30245 
-6.12819 -0.455816 1.30286 
-6.12527 -0.455915 1.30351 
-6.1244 -0.455303 1.30401 
-6.12329 -0.454726 1.30445 
-6.11934 -0.454572 1.30491 
-6.11523 -0.453968 1.30535 
-6.10935 -0.454335 1.30534 
-6.1052 -0.452955 1.30574 
-6.10492 -0.452841 1.30577 
-6.09956 -0.451526 1.30597 
-6.0977 -0.449057 1.30649 
-6.0964 -0.447083 1.30686 
-6.09485 -0.444799 1.30724 
-6.09483 -0.440339 1.30805 
-6.09432 -0.439227 1.30819 
-6.09292 -0.435882 1.30861 
-6.09446 -0.43127 1.30933 
-6.09319 -0.426647 1.30976 
-6.09414 -0.421936 1.31027 
-6.09265 -0.419595 1.31034 
-6.09085 -0.417272 1.31037 
-6.09071 -0.412456 1.31063 
-6.09237 -0.410011 1.31087 
-6.0937 -0.407534 1.31106 
-6.09191 -0.402679 1.31103 
-6.09053 -0.397738 1.31096 
-6.09377 -0.392631 1.31114 
-6.09453 -0.391699 1.31118 
-6.09705 -0.387439 1.3112 
-6.09834 -0.384621 1.31114 
-6.0996 -0.382179 1.31107 
-6.10137 -0.378423 1.31087 
-6.10219 -0.376785 1.31077 
-6.11652 -0.381282 1.30444 
-6.12241 -0.380055 1.3045 
-6.12793 -0.379075 1.30446 
-6.13188 -0.376913 1.30415 
-6.13639 -0.37609 1.30388 
-6.14082 -0.3758 1.30356 
-6.14587 -0.376841 1.30328 
-6.15041 -0.378079 1.3029 
-6.15106 -0.378508 1.30289 
-6.15641 -0.382155 1.30265 
-6.15724 -0.382793 1.30259 
-6.1616 -0.386695 1.30219 
-6.16201 -0.387085 1.30213 
-6.16505 -0.391753 1.30201 
-6.16744 -0.3964 1.30174 
-6.16793 -0.397388 1.30159 
-6.16928 -0.40079 1.30106 
-6.17022 -0.405322 1.30049 
-6.17036 -0.406416 1.30027 
-6.17049 -0.409706 1.29958 
-6.17005 -0.414462 1.29917 
-6.16901 -0.41914 1.29858 
-6.16732 -0.423528 1.29746 
-6.16507 -0.42812 1.29661 
-6.16228 -0.432942 1.29604 
-6.15884 -0.437738 1.29531 
-6.15479 -0.442423 1.29442 
-6.1528 -0.444555 1.29412 
-6.15003 -0.447281 1.29368 
-6.14441 -0.45221 1.29293 
-6.14342 -0.453015 1.29287 
-6.13819 -0.456852 1.29278 
-6.13684 -0.457714 1.29281 
-6.13326 -0.459804 1.29283 
-6.13059 -0.460706 1.29349 
-6.12886 -0.460498 1.29442 
-6.12905 -0.459807 1.29492 
-6.12904 -0.458391 1.29589 
-6.12765 -0.456827 1.29697 
-6.12774 -0.456472 1.29714 
-6.12788 -0.453165 1.29855 
-6.12785 -0.45258 1.29877 
-6.12742 -0.448936 1.30002 
-6.1273 -0.448564 1.30013 
-6.12845 -0.444267 1.30128 
-6.12829 -0.44132 1.30197 
-6.12801 -0.439951 1.30226 
-6.12789 -0.435528 1.3031 
-6.12801 -0.431004 1.30381 
-6.12789 -0.430799 1.30384 
-6.12541 -0.426516 1.30431 
-6.12308 -0.423322 1.30456 
-6.12166 -0.422012 1.30462 
-6.11716 -0.417452 1.30475 
-6.11599 -0.416638 1.30474 
-6.11054 -0.412859 1.30462 
-6.10725 -0.411004 1.30448 
-6.10149 -0.408276 1.30417 
-6.09676 -0.403496 1.30393 
-6.09639 -0.403228 1.3039 
-6.09057 -0.398673 1.30346 
-6.09266 -0.394777 1.3036 
-6.09353 -0.393594 1.30366 
-6.09906 -0.390261 1.30398 
-6.10358 -0.388189 1.30421 
-6.10545 -0.387062 1.30427 
-6.11185 -0.384812 1.3045 
-6.11517 -0.382467 1.30448 
-6.14755 -0.378524 1.29656 
-6.15195 -0.378866 1.29619 
-6.15382 -0.379722 1.29612 
-6.15742 -0.381364 1.29591 
-6.1616 -0.383145 1.29541 
-6.16212 -0.383538 1.29537 
-6.16643 -0.387126 1.2949 
-6.16708 -0.38775 1.2948 
-6.17046 -0.392172 1.29435 
-6.171 -0.392941 1.29423 
-6.17298 -0.396543 1.29368 
-6.17417 -0.399656 1.2932 
-6.17455 -0.400905 1.29293 
-6.17533 -0.405533 1.29248 
-6.17545 -0.410047 1.29174 
-6.17497 -0.414707 1.29118 
-6.17492 -0.414973 1.29112 
-6.17374 -0.419044 1.29007 
-6.1721 -0.42379 1.28948 
-6.16987 -0.428438 1.28871 
-6.16703 -0.433043 1.28781 
-6.16366 -0.437782 1.28702 
-6.16206 -0.439941 1.28681 
-6.15977 -0.442704 1.28647 
-6.15516 -0.447419 1.28555 
-6.14987 -0.452185 1.2846 
-6.14921 -0.452764 1.28456 
-6.14372 -0.457173 1.28392 
-6.14108 -0.459118 1.2837 
-6.13684 -0.461946 1.2839 
-6.13535 -0.462824 1.28392 
-6.13186 -0.464722 1.28394 
-6.13028 -0.46492 1.28487 
-6.13044 -0.464332 1.2855 
-6.13035 -0.463618 1.28626 
-6.12873 -0.462905 1.28725 
-6.12915 -0.461325 1.28817 
-6.12924 -0.460154 1.28881 
-6.12782 -0.458119 1.28992 
-6.12786 -0.45776 1.29007 
-6.12768 -0.454187 1.29144 
-6.12763 -0.453796 1.29157 
-6.12938 -0.449543 1.29285 
-6.1296 -0.446648 1.29362 
-6.12952 -0.445292 1.29395 
-6.13001 -0.440888 1.29492 
-6.13073 -0.436402 1.29576 
-6.13066 -0.436153 1.29579 
-6.12944 -0.431939 1.29641 
-6.12829 -0.427361 1.29694 
-6.12746 -0.426565 1.297 
-6.12384 -0.422872 1.2972 
-6.12084 -0.419634 1.2973 
-6.11924 -0.418298 1.29731 
-6.11517 -0.413604 1.29733 
-6.11214 -0.411487 1.29722 
-6.1083 -0.408953 1.29705 
-6.10453 -0.404146 1.29688 
-6.10366 -0.39918 1.29685 
-6.10736 -0.396856 1.2971 
-6.11463 -0.394521 1.29752 
-6.11621 -0.3937 1.29759 
-6.12078 -0.39137 1.29775 
-6.12718 -0.389784 1.29794 
-6.13271 -0.387797 1.29795 
-6.13296 -0.387618 1.29795 
-6.1369 -0.384815 1.29776 
-6.14107 -0.382688 1.29749 
-6.14516 -0.381271 1.29716 
-6.14531 -0.381083 1.29713 
-6.15234 -0.380127 1.28919 
-6.15595 -0.379511 1.28871 
-6.15818 -0.380291 1.28857 
-6.16077 -0.381159 1.28835 
-6.16541 -0.383509 1.2879 
-6.16629 -0.384128 1.28782 
-6.16992 -0.386907 1.28736 
-6.17132 -0.388273 1.28716 
-6.17436 -0.39215 1.2867 
-6.17469 -0.392636 1.28661 
-6.17704 -0.397116 1.28609 
-6.17786 -0.399085 1.28572 
-6.17859 -0.401416 1.28524 
-6.17933 -0.406036 1.28476 
-6.17943 -0.410599 1.28409 
-6.17941 -0.410868 1.28403 
-6.1788 -0.414997 1.28313 
-6.17776 -0.419722 1.2826 
-6.17611 -0.424439 1.28196 
-6.17387 -0.42909 1.28118 
-6.17103 -0.433698 1.2803 
-6.16757 -0.438282 1.27927 
-6.16354 -0.442808 1.27815 
-6.15938 -0.44736 1.27748 
-6.15909 -0.447661 1.27744 
-6.1539 -0.452387 1.27645 
-6.14807 -0.457149 1.27548 
-6.14621 -0.458599 1.27526 
-6.14142 -0.46203 1.2746 
-6.13649 -0.465297 1.27405 
-6.13359 -0.467101 1.27386 
-6.12952 -0.46944 1.27358 
-6.12525 -0.471553 1.27382 
-6.1237 -0.471804 1.27475 
-6.12412 -0.470559 1.2762 
-6.12459 -0.469868 1.27675 
-6.12504 -0.468516 1.27781 
-6.12425 -0.466978 1.27902 
-6.12446 -0.466632 1.27921 
-6.12558 -0.463428 1.28081 
-6.12573 -0.462856 1.28107 
-6.1261 -0.459523 1.28246 
-6.12607 -0.458958 1.28268 
-6.12708 -0.454822 1.28406 
-6.12725 -0.45388 1.28434 
-6.12774 -0.450606 1.28526 
-6.12923 -0.446237 1.28634 
-6.12906 -0.445244 1.28657 
-6.12835 -0.44188 1.28724 
-6.12838 -0.437408 1.28802 
-6.12787 -0.436411 1.28815 
-6.12592 -0.432964 1.28857 
-6.12457 -0.428367 1.28906 
-6.12367 -0.427349 1.28912 
-6.12055 -0.423819 1.28928 
-6.11827 -0.419139 1.2895 
-6.11663 -0.414353 1.28968 
-6.11632 -0.413892 1.28968 
-6.11343 -0.409584 1.28965 
-6.1151 -0.407317 1.28983 
-6.11705 -0.404543 1.29001 
-6.12155 -0.401364 1.29029 
-6.12606 -0.399163 1.29052 
-6.12804 -0.398035 1.2906 
-6.13408 -0.395416 1.29077 
-6.13981 -0.393441 1.29084 
-6.13998 -0.393269 1.29083 
-6.14397 -0.389962 1.29066 
-6.14646 -0.387479 1.29043 
-6.14726 -0.3863 1.29029 
-6.15065 -0.383855 1.28989 
-6.15194 -0.381375 1.28944 
-6.15462 -0.379832 1.2814 
-6.15838 -0.379396 1.28094 
-6.16137 -0.378745 1.28034 
-6.1648 -0.379325 1.27974 
-6.16544 -0.379733 1.2797 
-6.16944 -0.382286 1.27925 
-6.17124 -0.383841 1.27907 
-6.17476 -0.387777 1.27875 
-6.17516 -0.388266 1.27869 
-6.1781 -0.392757 1.27828 
-6.17913 -0.394593 1.27797 
-6.18026 -0.397074 1.27749 
-6.1816 -0.401696 1.27708 
-6.18204 -0.40422 1.27669 
-6.18221 -0.406151 1.27635 
-6.18228 -0.410813 1.27581 
-6.18167 -0.415363 1.27508 
-6.18044 -0.419878 1.27422 
-6.17883 -0.424639 1.27364 
-6.17659 -0.42929 1.27287 
-6.17375 -0.433898 1.27199 
-6.17029 -0.438484 1.27097 
-6.1664 -0.44318 1.27009 
-6.16193 -0.447882 1.26918 
-6.15677 -0.452508 1.26805 
-6.15506 -0.454089 1.26785 
-6.1511 -0.457441 1.26734 
-6.14465 -0.462188 1.26629 
-6.14383 -0.462778 1.26621 
-6.13733 -0.467054 1.26534 
-6.13352 -0.469377 1.26489 
-6.12853 -0.472239 1.26463 
-6.12707 -0.473016 1.26456 
-6.12366 -0.474607 1.26502 
-6.12422 -0.473825 1.26636 
-6.12426 -0.473746 1.26647 
-6.12422 -0.47281 1.2678 
-6.12646 -0.47069 1.26921 
-6.12739 -0.469536 1.26996 
-6.12725 -0.467604 1.27133 
-6.12744 -0.467261 1.27151 
-6.12823 -0.464299 1.27302 
-6.12798 -0.463552 1.27339 
-6.12678 -0.461922 1.27415 
-6.12578 -0.459824 1.27496 
-6.12536 -0.458776 1.27533 
-6.12407 -0.455815 1.27624 
-6.12386 -0.454711 1.27655 
-6.12365 -0.45161 1.27734 
-6.12302 -0.448474 1.27805 
-6.12237 -0.447336 1.27826 
-6.1218 -0.442914 1.27908 
-6.1207 -0.441416 1.27929 
-6.11862 -0.438522 1.27963 
-6.11562 -0.435711 1.27985 
-6.11335 -0.4341 1.27991 
-6.1087 -0.430721 1.27997 
-6.1071 -0.429584 1.27997 
-6.10147 -0.424996 1.27995 
-6.1006 -0.424453 1.27992 
-6.09417 -0.420365 1.27968 
-6.09102 -0.415587 1.27967 
-6.09028 -0.410752 1.27982 
-6.09269 -0.405822 1.28018 
-6.09791 -0.403398 1.28068 
-6.10755 -0.403328 1.28146 
-6.1165 -0.403068 1.2821 
-6.12508 -0.403349 1.28263 
-6.13225 -0.401366 1.28299 
-6.13876 -0.399441 1.28321 
-6.13907 -0.399241 1.28322 
-6.14425 -0.396735 1.28327 
-6.14807 -0.393472 1.28315 
-6.14845 -0.392959 1.28312 
-6.15207 -0.389536 1.28282 
-6.1527 -0.387737 1.28262 
-6.15352 -0.384262 1.28217 
-6.15421 -0.382066 1.28182 
-6.15786 -0.381807 1.27367 
-6.15906 -0.378338 1.27286 
-6.16121 -0.376751 1.27214 
-6.16443 -0.376998 1.27152 
-6.16863 -0.379119 1.27099 
-6.16917 -0.379542 1.27096 
-6.17365 -0.383409 1.2705 
-6.17405 -0.3838 1.27044 
-6.17759 -0.388324 1.27015 
-6.17888 -0.390175 1.26989 
-6.18034 -0.392653 1.26948 
-6.18227 -0.397249 1.26907 
-6.18262 -0.398352 1.26888 
-6.1834 -0.401644 1.26831 
-6.18401 -0.406281 1.26784 
-6.18402 -0.410944 1.2673 
-6.18347 -0.415613 1.26673 
-6.1834 -0.415876 1.26666 
-6.18199 -0.419952 1.26561 
-6.18035 -0.42468 1.26498 
-6.17809 -0.429312 1.26418 
-6.17527 -0.433938 1.26332 
-6.1718 -0.438514 1.2623 
-6.16844 -0.443126 1.26179 
-6.1682 -0.443433 1.26177 
-6.16371 -0.448064 1.26076 
-6.15868 -0.452808 1.25981 
-6.15447 -0.456606 1.25928 
-6.15311 -0.457745 1.25911 
-6.14673 -0.462436 1.258 
-6.14296 -0.465126 1.2576 
-6.13949 -0.467436 1.25723 
-6.13485 -0.470317 1.25683 
-6.13148 -0.4723 1.25726 
-6.13004 -0.472861 1.2582 
-6.13037 -0.472076 1.25958 
-6.13202 -0.470575 1.26076 
-6.13302 -0.469471 1.26158 
-6.13347 -0.467587 1.26307 
-6.13371 -0.467248 1.26327 
-6.13504 -0.464326 1.26488 
-6.13497 -0.463592 1.26529 
-6.13406 -0.462103 1.26609 
-6.13293 -0.459982 1.26704 
-6.13273 -0.459411 1.26726 
-6.13043 -0.456716 1.26823 
-6.1302 -0.456118 1.26841 
-6.1283 -0.452898 1.2693 
-6.12677 -0.452105 1.26947 
-6.12348 -0.450781 1.26969 
-6.11766 -0.448819 1.26986 
-6.1169 -0.448169 1.26995 
-6.11221 -0.445378 1.27021 
-6.10948 -0.443911 1.27028 
-6.10603 -0.441444 1.27042 
-6.10398 -0.439502 1.27055 
-6.0995 -0.435746 1.27068 
-6.09831 -0.435007 1.27067 
-6.09411 -0.430392 1.27082 
-6.09178 -0.428812 1.27075 
-6.08708 -0.425772 1.27059 
-6.08438 -0.421049 1.2707 
-6.08379 -0.416236 1.27093 
-6.08699 -0.411359 1.27145 
-6.09148 -0.409272 1.27194 
-6.09888 -0.40628 1.27266 
-6.10048 -0.405465 1.27282 
-6.10986 -0.404642 1.27357 
-6.1188 -0.404383 1.27421 
-6.12741 -0.40474 1.27473 
-6.13259 -0.405263 1.275 
-6.13561 -0.405558 1.27514 
-6.14336 -0.407064 1.2754 
-6.14831 -0.404398 1.27553 
-6.14908 -0.403854 1.27554 
-6.1539 -0.400311 1.2755 
-6.15487 -0.398779 1.27544 
-6.15569 -0.393494 1.27514 
-6.1559 -0.392986 1.2751 
-6.15714 -0.38799 1.27459 
-6.15729 -0.387161 1.27448 
-6.1579 -0.382354 1.27375 
-6.16253 -0.381653 1.26508 
-6.16437 -0.379628 1.26433 
-6.16654 -0.37868 1.26357 
-6.1697 -0.380259 1.26317 
-6.17067 -0.380797 1.26302 
-6.17451 -0.38359 1.26238 
-6.17517 -0.38421 1.26227 
-6.17873 -0.388642 1.26185 
-6.17928 -0.389417 1.26173 
-6.1814 -0.392999 1.26121 
-6.18278 -0.396149 1.26076 
-6.18321 -0.397406 1.26051 
-6.18444 -0.402064 1.26013 
-6.18497 -0.406623 1.25954 
-6.18498 -0.411304 1.25902 
-6.18494 -0.411571 1.25896 
-6.18409 -0.415685 1.25802 
-6.18307 -0.42043 1.25752 
-6.18128 -0.425037 1.2567 
-6.17858 -0.429359 1.25543 
-6.17624 -0.43433 1.25511 
-6.17285 -0.438975 1.25418 
-6.16882 -0.4435 1.25306 
-6.1649 -0.448071 1.25245 
-6.16463 -0.448374 1.25242 
-6.15962 -0.453111 1.25147 
-6.15405 -0.457898 1.25057 
-6.15231 -0.459353 1.25037 
-6.14779 -0.46281 1.24977 
-6.1437 -0.465798 1.24943 
-6.14045 -0.468054 1.24933 
-6.13769 -0.469796 1.24919 
-6.13588 -0.47094 1.24999 
-6.13427 -0.471587 1.25089 
-6.13319 -0.471555 1.25192 
-6.13385 -0.470878 1.2525 
-6.13472 -0.469554 1.25363 
-6.13451 -0.468065 1.25496 
-6.1347 -0.467734 1.25517 
-6.1347 -0.465758 1.25641 
-6.13332 -0.46436 1.25729 
-6.13312 -0.464034 1.25746 
-6.13047 -0.462478 1.25828 
-6.12984 -0.460781 1.25893 
-6.12905 -0.459283 1.25946 
-6.12796 -0.456795 1.26022 
-6.12718 -0.455486 1.26059 
-6.12267 -0.453218 1.26105 
-6.12234 -0.452836 1.26113 
-6.12201 -0.448497 1.26206 
-6.12054 -0.447013 1.26228 
-6.1179 -0.444177 1.26265 
-6.11574 -0.44214 1.26286 
-6.11137 -0.439835 1.26292 
-6.10887 -0.438675 1.2629 
-6.10347 -0.435409 1.26291 
-6.1015 -0.433828 1.26294 
-6.09754 -0.430831 1.26292 
-6.09554 -0.426153 1.26318 
-6.09742 -0.421371 1.2637 
-6.09727 -0.416546 1.26399 
-6.10134 -0.411624 1.26455 
-6.10295 -0.410867 1.26472 
-6.1122 -0.409253 1.26549 
-6.1215 -0.410399 1.26611 
-6.12595 -0.410981 1.26636 
-6.13017 -0.411504 1.26658 
-6.13795 -0.410918 1.26698 
-6.14526 -0.411192 1.26722 
-6.15203 -0.411724 1.26734 
-6.1558 -0.409394 1.26741 
-6.15736 -0.408016 1.26742 
-6.15953 -0.404058 1.26738 
-6.16075 -0.40119 1.26729 
-6.16156 -0.398693 1.26715 
-6.16252 -0.394269 1.26683 
-6.16267 -0.39329 1.26673 
-6.1627 -0.38785 1.26611 
-6.16274 -0.387332 1.26604 
-6.1626 -0.382207 1.26518 
-6.16119 -0.376342 1.25558 
-6.1622 -0.374196 1.25466 
-6.16505 -0.375732 1.25447 
-6.1672 -0.376953 1.25425 
-6.1712 -0.379843 1.25385 
-6.17206 -0.38059 1.25376 
-6.17556 -0.384226 1.25345 
-6.17725 -0.386268 1.25322 
-6.17892 -0.388559 1.25286 
-6.18144 -0.393165 1.25256 
-6.18191 -0.394176 1.25241 
-6.18316 -0.397572 1.25185 
-6.18429 -0.402172 1.25138 
-6.1849 -0.406866 1.25099 
-6.1849 -0.40716 1.25092 
-6.18463 -0.411312 1.25011 
-6.18417 -0.416077 1.2497 
-6.18301 -0.42072 1.24903 
-6.18091 -0.42511 1.24789 
-6.17858 -0.429706 1.24704 
-6.17608 -0.434549 1.24652 
-6.17294 -0.439376 1.24587 
-6.1689 -0.443891 1.24475 
-6.16449 -0.448551 1.24378 
-6.16245 -0.450701 1.24349 
-6.15964 -0.453425 1.24305 
-6.154 -0.458053 1.24193 
-6.14929 -0.461835 1.2413 
-6.14783 -0.46294 1.24111 
-6.14085 -0.467733 1.2401 
-6.13882 -0.469094 1.23993 
-6.13271 -0.472905 1.23946 
-6.13143 -0.473646 1.23935 
-6.12862 -0.475278 1.23993 
-6.12632 -0.476292 1.24064 
-6.12554 -0.476162 1.24175 
-6.12629 -0.47552 1.24234 
-6.12745 -0.474197 1.24352 
-6.12666 -0.473233 1.24469 
-6.12694 -0.472528 1.24519 
-6.127 -0.471142 1.24616 
-6.12561 -0.469558 1.24723 
-6.1257 -0.469213 1.24741 
-6.12567 -0.466411 1.24872 
-6.12538 -0.465463 1.24912 
-6.12438 -0.46345 1.24991 
-6.1236 -0.461595 1.25054 
-6.12355 -0.459215 1.25128 
-6.12344 -0.457445 1.25177 
-6.12336 -0.453198 1.25285 
-6.12331 -0.453024 1.25289 
-6.1218 -0.448912 1.25373 
-6.12076 -0.447207 1.25401 
-6.11869 -0.444557 1.25438 
-6.1175 -0.440076 1.25502 
-6.11735 -0.439895 1.25504 
-6.11361 -0.435595 1.25537 
-6.11141 -0.43332 1.25548 
-6.10856 -0.431039 1.25551 
-6.10451 -0.426414 1.25563 
-6.10381 -0.424992 1.2557 
-6.10213 -0.4217 1.2558 
-6.10198 -0.416873 1.25608 
-6.10362 -0.414433 1.25633 
-6.10883 -0.411876 1.25685 
-6.11261 -0.411058 1.25717 
-6.12156 -0.410803 1.25779 
-6.12441 -0.41144 1.25794 
-6.13039 -0.412731 1.25824 
-6.13844 -0.413791 1.25859 
-6.14582 -0.41496 1.25879 
-6.14698 -0.415317 1.2588 
-6.15259 -0.416877 1.2588 
-6.15704 -0.414628 1.25892 
-6.15839 -0.413767 1.25895 
-6.16209 -0.409254 1.25899 
-6.16278 -0.407594 1.25898 
-6.16386 -0.404029 1.25891 
-6.1637 -0.398862 1.25872 
-6.16389 -0.397172 1.25861 
-6.16392 -0.39354 1.25832 
-6.16277 -0.388253 1.2578 
-6.16282 -0.387735 1.25773 
-6.16268 -0.38261 1.25687 
-6.1626 -0.382057 1.25677 
-6.16136 -0.376871 1.25569 
-6.15922 -0.372425 1.24588 
-6.16101 -0.371698 1.24503 
-6.16538 -0.374222 1.24451 
-6.1662 -0.374859 1.24445 
-6.17099 -0.379371 1.24425 
-6.17173 -0.380131 1.24419 
-6.17485 -0.383793 1.24386 
-6.17707 -0.386964 1.24358 
-6.17786 -0.388241 1.2434 
-6.18028 -0.392968 1.24327 
-6.18206 -0.397664 1.24297 
-6.18269 -0.400198 1.24262 
-6.183 -0.402136 1.24231 
-6.18355 -0.406801 1.24187 
-6.1834 -0.411402 1.24122 
-6.1826 -0.415936 1.24045 
-6.18157 -0.420668 1.23993 
-6.17992 -0.425383 1.23929 
-6.17767 -0.430032 1.23853 
-6.17483 -0.434637 1.23765 
-6.17137 -0.439221 1.23664 
-6.16743 -0.443795 1.23561 
-6.16329 -0.448624 1.23492 
-6.15979 -0.4525 1.23454 
-6.15866 -0.453656 1.23441 
-6.1531 -0.45838 1.23344 
-6.14977 -0.461255 1.23316 
-6.14697 -0.463459 1.2329 
-6.14116 -0.46755 1.23223 
-6.13985 -0.468413 1.23209 
-6.13283 -0.472745 1.23143 
-6.13135 -0.473624 1.23147 
-6.12789 -0.475517 1.23149 
-6.12542 -0.476615 1.23216 
-6.12465 -0.476487 1.23326 
-6.12539 -0.475844 1.23385 
-6.12655 -0.474523 1.23504 
-6.12659 -0.473082 1.2364 
-6.12686 -0.472735 1.23662 
-6.12742 -0.470658 1.23798 
-6.12741 -0.469275 1.2388 
-6.12746 -0.468099 1.23942 
-6.12575 -0.46605 1.24046 
-6.12573 -0.465694 1.24061 
-6.12402 -0.463354 1.24154 
-6.12171 -0.461982 1.242 
-6.1207 -0.461176 1.24225 
-6.11682 -0.458712 1.24287 
-6.11633 -0.45806 1.24302 
-6.11306 -0.455225 1.24358 
-6.11195 -0.453929 1.24381 
-6.10945 -0.450342 1.24441 
-6.10868 -0.449636 1.24449 
-6.10834 -0.445156 1.24525 
-6.10624 -0.442609 1.2455 
-6.1043 -0.440712 1.24564 
-6.10261 -0.436148 1.2461 
-6.10065 -0.434567 1.24612 
-6.09695 -0.431566 1.24614 
-6.09235 -0.428208 1.24606 
-6.09042 -0.426949 1.246 
-6.08456 -0.42226 1.24582 
-6.08729 -0.417412 1.24638 
-6.0924 -0.413823 1.24701 
-6.10235 -0.412757 1.24789 
-6.11195 -0.412544 1.24864 
-6.12133 -0.414756 1.24919 
-6.12986 -0.415732 1.24964 
-6.13219 -0.416337 1.24972 
-6.13788 -0.417753 1.2499 
-6.14512 -0.419431 1.25003 
-6.15171 -0.419686 1.25012 
-6.15772 -0.41864 1.25017 
-6.16185 -0.414465 1.2503 
-6.16283 -0.412934 1.25033 
-6.16436 -0.409264 1.25034 
-6.16576 -0.404251 1.25023 
-6.16583 -0.404032 1.25022 
-6.16524 -0.398894 1.25003 
-6.16502 -0.393596 1.24962 
-6.16505 -0.392978 1.24955 
-6.16449 -0.388169 1.24897 
-6.1639 -0.385216 1.24854 
-6.16323 -0.382659 1.24811 
-6.16154 -0.378063 1.24725 
-6.16113 -0.377045 1.24703 
-6.156 -0.368976 1.2359 
-6.15875 -0.369707 1.23517 
-6.15932 -0.370106 1.23515 
-6.16473 -0.374575 1.23501 
-6.1656 -0.375368 1.23496 
-6.16921 -0.379052 1.23473 
-6.17185 -0.382246 1.23453 
-6.17281 -0.383532 1.23439 
-6.17571 -0.388122 1.23412 
-6.17816 -0.392942 1.23412 
-6.17905 -0.395243 1.23392 
-6.17976 -0.397525 1.23365 
-6.1809 -0.402224 1.23333 
-6.18135 -0.406837 1.23281 
-6.18116 -0.411433 1.23215 
-6.18072 -0.416204 1.23176 
-6.17968 -0.420935 1.23123 
-6.17803 -0.425648 1.23059 
-6.17579 -0.430295 1.22984 
-6.17296 -0.4349 1.22895 
-6.16959 -0.439541 1.22805 
-6.16604 -0.44442 1.22748 
-6.16171 -0.449137 1.22661 
-6.16031 -0.450741 1.22648 
-6.15698 -0.45416 1.22609 
-6.15141 -0.458981 1.22525 
-6.15074 -0.459554 1.22519 
-6.1451 -0.463902 1.22448 
-6.14111 -0.466708 1.22401 
-6.13786 -0.468865 1.22368 
-6.13306 -0.471852 1.22327 
-6.12917 -0.474086 1.22305 
-6.12602 -0.475765 1.22282 
-6.12355 -0.476864 1.22349 
-6.12277 -0.476736 1.22458 
-6.12351 -0.476093 1.22518 
-6.12467 -0.474772 1.22635 
-6.12472 -0.473332 1.22771 
-6.12498 -0.472985 1.22792 
-6.12554 -0.470911 1.22929 
-6.12553 -0.469526 1.23011 
-6.12557 -0.468352 1.23072 
-6.12316 -0.466792 1.23158 
-6.12277 -0.466031 1.2319 
-6.12125 -0.464281 1.23261 
-6.12013 -0.46222 1.23331 
-6.11934 -0.461002 1.23368 
-6.11649 -0.458229 1.2344 
-6.11615 -0.457876 1.23448 
-6.11277 -0.454096 1.23526 
-6.11265 -0.453967 1.23527 
-6.1076 -0.450555 1.23571 
-6.1068 -0.449897 1.23579 
-6.10216 -0.446232 1.23612 
-6.10119 -0.445537 1.23617 
-6.0989 -0.441043 1.23666 
-6.0971 -0.43877 1.23682 
-6.09513 -0.436507 1.23695 
-6.08941 -0.432701 1.23688 
-6.08798 -0.431926 1.23684 
-6.0835 -0.42727 1.23686 
-6.08028 -0.424919 1.23675 
-6.0772 -0.422578 1.23663 
-6.08042 -0.419607 1.23712 
-6.08375 -0.4177 1.23754 
-6.09078 -0.415706 1.23827 
-6.0995 -0.417475 1.23891 
-6.10116 -0.417914 1.23902 
-6.1108 -0.4183 1.23973 
-6.11975 -0.418052 1.24035 
-6.12818 -0.418677 1.24079 
-6.13603 -0.419728 1.24108 
-6.13967 -0.421028 1.24112 
-6.14313 -0.422385 1.24111 
-6.14962 -0.423226 1.24113 
-6.15472 -0.420061 1.24137 
-6.15583 -0.419256 1.24141 
-6.16033 -0.414701 1.24156 
-6.16101 -0.413779 1.24157 
-6.16333 -0.409441 1.24157 
-6.16444 -0.406389 1.2415 
-6.16522 -0.404143 1.2414 
-6.16523 -0.398908 1.24115 
-6.16536 -0.397338 1.24102 
-6.16528 -0.393529 1.24065 
-6.16517 -0.390024 1.24019 
-6.16505 -0.387979 1.23987 
-6.16295 -0.382579 1.23907 
-6.16272 -0.381922 1.23896 
-6.16034 -0.377022 1.23803 
-6.15865 -0.374038 1.23738 
-6.15724 -0.371303 1.23664 
-6.14771 -0.364374 1.22625 
-6.15026 -0.3648 1.2255 
-6.15092 -0.365228 1.2255 
-6.15647 -0.369137 1.22524 
-6.15698 -0.369527 1.2252 
-6.16197 -0.374198 1.2253 
-6.16492 -0.377286 1.22518 
-6.16619 -0.378735 1.22508 
-6.16968 -0.383354 1.22493 
-6.17259 -0.388057 1.22482 
-6.17274 -0.388335 1.2248 
-6.17469 -0.392601 1.2244 
-6.17667 -0.397551 1.22449 
-6.17772 -0.402198 1.22408 
-6.17813 -0.406805 1.22356 
-6.17829 -0.411637 1.22328 
-6.17786 -0.416405 1.22287 
-6.17682 -0.421133 1.22235 
-6.17517 -0.425844 1.22171 
-6.17293 -0.43049 1.22095 
-6.17009 -0.435091 1.22008 
-6.16672 -0.43973 1.21917 
-6.16319 -0.444607 1.2186 
-6.15884 -0.44932 1.21774 
-6.15758 -0.450811 1.21764 
-6.15412 -0.454352 1.21723 
-6.14967 -0.458465 1.21677 
-6.14861 -0.459379 1.21668 
-6.14221 -0.464313 1.21592 
-6.14109 -0.465131 1.21584 
-6.13471 -0.469426 1.2153 
-6.1334 -0.47023 1.21518 
-6.12599 -0.474459 1.21463 
-6.12564 -0.474639 1.21463 
-6.12079 -0.476992 1.21465 
-6.11992 -0.476908 1.21572 
-6.12066 -0.476265 1.21631 
-6.12182 -0.474945 1.21748 
-6.12186 -0.473506 1.21883 
-6.12213 -0.473159 1.21905 
-6.12269 -0.471086 1.22041 
-6.12267 -0.469704 1.22122 
-6.12272 -0.468529 1.22183 
-6.12101 -0.466482 1.22286 
-6.12092 -0.466133 1.22301 
-6.11937 -0.463721 1.22396 
-6.11909 -0.462293 1.22445 
-6.11915 -0.458895 1.22548 
-6.11894 -0.458158 1.22569 
-6.11854 -0.453937 1.22676 
-6.11825 -0.453178 1.22692 
-6.11706 -0.449657 1.22764 
-6.11619 -0.446541 1.22819 
-6.11546 -0.445262 1.22838 
-6.11513 -0.440767 1.22908 
-6.11317 -0.437713 1.22941 
-6.11203 -0.436283 1.22953 
-6.112 -0.43162 1.23006 
-6.1163 -0.427985 1.23069 
-6.11845 -0.426734 1.23093 
-6.12516 -0.424265 1.2315 
-6.13294 -0.424425 1.23183 
-6.14013 -0.424057 1.23207 
-6.14675 -0.423427 1.23222 
-6.15224 -0.420232 1.23245 
-6.15296 -0.419706 1.23248 
-6.15829 -0.415599 1.23258 
-6.15898 -0.414753 1.23259 
-6.16237 -0.409882 1.23253 
-6.16269 -0.40938 1.23252 
-6.16335 -0.404217 1.2324 
-6.16407 -0.401103 1.2322 
-6.16442 -0.3988 1.23201 
-6.16391 -0.393476 1.23153 
-6.16391 -0.392851 1.23144 
-6.16288 -0.388045 1.23083 
-6.16123 -0.383873 1.23023 
-6.16072 -0.382636 1.23003 
-6.1573 -0.377296 1.22921 
-6.15457 -0.373035 1.22834 
-6.15371 -0.371781 1.22806 
-6.14911 -0.366306 1.22685 
-6.15374 -0.373694 1.21861 
-6.15399 -0.371997 1.21754 
-6.15371 -0.370344 1.21635 
-6.15812 -0.374311 1.21619 
-6.1625 -0.379365 1.21672 
-6.16623 -0.384269 1.21699 
-6.16939 -0.389278 1.21734 
-6.17085 -0.391858 1.21715 
-6.17181 -0.393834 1.21696 
-6.17358 -0.398441 1.21654 
-6.17424 -0.4014 1.21597 
-6.17441 -0.402759 1.21566 
-6.17487 -0.40736 1.21513 
-6.17453 -0.411833 1.2143 
-6.17401 -0.416539 1.2138 
-6.17288 -0.421205 1.21319 
-6.17274 -0.421489 1.21311 
-6.17053 -0.425498 1.21192 
-6.16827 -0.430123 1.21114 
-6.16548 -0.434744 1.2103 
-6.16233 -0.439497 1.20958 
-6.16096 -0.441668 1.20942 
-6.15898 -0.44445 1.20914 
-6.15481 -0.449261 1.20843 
-6.15265 -0.451851 1.2083 
-6.15026 -0.454423 1.20812 
-6.14681 -0.457857 1.20796 
-6.14481 -0.459664 1.20787 
-6.1406 -0.463077 1.20761 
-6.1382 -0.464847 1.20743 
-6.13394 -0.467761 1.20718 
-6.12987 -0.470278 1.20716 
-6.12845 -0.471082 1.20709 
-6.12516 -0.472683 1.20756 
-6.12231 -0.473648 1.20815 
-6.12081 -0.473464 1.2091 
-6.12084 -0.472851 1.20969 
-6.12052 -0.472147 1.21037 
-6.11854 -0.471383 1.21125 
-6.11884 -0.469806 1.21214 
-6.11889 -0.468632 1.21276 
-6.11717 -0.466586 1.21379 
-6.11721 -0.466227 1.21393 
-6.11705 -0.46266 1.21526 
-6.11698 -0.462293 1.21539 
-6.11902 -0.458052 1.2167 
-6.11942 -0.455171 1.21749 
-6.1194 -0.453822 1.21783 
-6.1173 -0.45003 1.21864 
-6.11693 -0.449621 1.21872 
-6.11587 -0.445228 1.21951 
-6.11455 -0.443395 1.21977 
-6.1125 -0.44085 1.22007 
-6.11175 -0.436304 1.22066 
-6.1134 -0.431596 1.22131 
-6.12029 -0.42667 1.22216 
-6.12111 -0.426204 1.22225 
-6.12908 -0.42468 1.22272 
-6.13628 -0.42419 1.22297 
-6.14289 -0.423707 1.2231 
-6.14891 -0.423108 1.22312 
-6.15387 -0.419879 1.22324 
-6.15454 -0.419345 1.22325 
-6.1585 -0.414515 1.22332 
-6.15911 -0.413737 1.2233 
-6.16207 -0.409082 1.22314 
-6.16238 -0.407895 1.22311 
-6.16298 -0.403828 1.22293 
-6.16241 -0.398628 1.22266 
-6.16242 -0.397411 1.22255 
-6.16187 -0.393261 1.22212 
-6.15981 -0.38802 1.22158 
-6.15942 -0.386761 1.22139 
-6.15769 -0.382573 1.22073 
-6.15636 -0.379203 1.22003 
-6.15536 -0.376816 1.21944 
-6.14332 -0.368396 1.20861 
-6.14694 -0.369912 1.208 
-6.1479 -0.370491 1.20788 
-6.15048 -0.372034 1.20734 
-6.15329 -0.374304 1.20681 
-6.15763 -0.379246 1.20717 
-6.15907 -0.381044 1.20723 
-6.1613 -0.384051 1.2073 
-6.16438 -0.388889 1.2074 
-6.16633 -0.392554 1.20792 
-6.1671 -0.394221 1.20815 
-6.16796 -0.396168 1.20801 
-6.16895 -0.398858 1.20778 
-6.1701 -0.4034 1.20724 
-6.17036 -0.40633 1.20659 
-6.17033 -0.407678 1.20624 
-6.1702 -0.412261 1.20559 
-6.16926 -0.416664 1.20464 
-6.16804 -0.421268 1.20395 
-6.16791 -0.421552 1.20386 
-6.16571 -0.425557 1.20267 
-6.16345 -0.430178 1.20189 
-6.16061 -0.43477 1.20102 
-6.15719 -0.439356 1.20006 
-6.15407 -0.443973 1.19961 
-6.15385 -0.444279 1.19959 
-6.1494 -0.448854 1.19854 
-6.145 -0.453958 1.19818 
-6.14428 -0.454772 1.19817 
-6.13987 -0.459244 1.19803 
-6.13902 -0.460027 1.19799 
-6.13355 -0.464497 1.19771 
-6.13291 -0.464976 1.19767 
-6.12661 -0.469289 1.19735 
-6.12583 -0.469776 1.1973 
-6.11995 -0.473178 1.19698 
-6.11656 -0.474794 1.19743 
-6.11409 -0.475543 1.19811 
-6.11261 -0.475386 1.19905 
-6.1111 -0.474839 1.20002 
-6.11177 -0.473525 1.20091 
-6.11208 -0.472412 1.20161 
-6.11057 -0.470923 1.20264 
-6.11045 -0.47019 1.20302 
-6.10963 -0.468498 1.20385 
-6.10949 -0.466477 1.20469 
-6.10974 -0.46462 1.20537 
-6.10993 -0.462466 1.2061 
-6.11312 -0.458152 1.20741 
-6.11377 -0.456035 1.208 
-6.11427 -0.453879 1.20856 
-6.11392 -0.449585 1.20951 
-6.1137 -0.448587 1.20971 
-6.11267 -0.445212 1.21032 
-6.11267 -0.440726 1.21106 
-6.11543 -0.436066 1.21185 
-6.12253 -0.43265 1.21257 
-6.12998 -0.431443 1.21291 
-6.13651 -0.431255 1.213 
-6.13987 -0.430117 1.21313 
-6.14304 -0.42892 1.21323 
-6.14898 -0.426193 1.21337 
-6.15087 -0.42449 1.21346 
-6.15446 -0.420207 1.21363 
-6.15517 -0.419262 1.21365 
-6.15819 -0.413983 1.21366 
-6.1585 -0.413382 1.21365 
-6.16007 -0.408701 1.21352 
-6.16071 -0.405623 1.21336 
-6.16111 -0.403355 1.21319 
-6.16014 -0.398186 1.21293 
-6.15847 -0.393019 1.21254 
-6.15838 -0.392692 1.21251 
-6.15647 -0.387727 1.21194 
-6.15313 -0.38259 1.21139 
-6.14997 -0.377538 1.21058 
-6.14975 -0.377205 1.21052 
-6.14555 -0.37186 1.20956 
-6.13744 -0.368364 1.19919 
-6.13987 -0.368756 1.19842 
-6.14234 -0.370248 1.1981 
-6.14388 -0.371271 1.19784 
-6.1461 -0.37272 1.19695 
-6.14732 -0.373904 1.19677 
-6.15158 -0.378799 1.19706 
-6.15544 -0.383992 1.19776 
-6.15763 -0.387396 1.19827 
-6.15874 -0.389306 1.19854 
-6.16133 -0.394419 1.19897 
-6.16326 -0.399183 1.19879 
-6.16358 -0.400157 1.19861 
-6.16436 -0.403514 1.19796 
-6.16493 -0.408103 1.19743 
-6.16489 -0.410585 1.19695 
-6.16468 -0.412508 1.19653 
-6.16402 -0.417082 1.19585 
-6.16268 -0.421563 1.19497 
-6.16068 -0.426023 1.19397 
-6.15845 -0.430656 1.19322 
-6.15561 -0.435246 1.19236 
-6.15226 -0.439874 1.19146 
-6.149 -0.444974 1.19123 
-6.14793 -0.446489 1.19118 
-6.14495 -0.450075 1.19093 
-6.14195 -0.453365 1.19076 
-6.14003 -0.455298 1.19067 
-6.13621 -0.458736 1.19049 
-6.13401 -0.460521 1.19035 
-6.12968 -0.463724 1.19008 
-6.12666 -0.465751 1.18991 
-6.12326 -0.467857 1.18974 
-6.11741 -0.471094 1.18944 
-6.11645 -0.471592 1.18936 
-6.11127 -0.473874 1.1894 
-6.1059 -0.475846 1.18941 
-6.10174 -0.476762 1.18975 
-6.09906 -0.476512 1.19046 
-6.09611 -0.476021 1.19112 
-6.09523 -0.474611 1.19197 
-6.09486 -0.474119 1.19224 
-6.09182 -0.472785 1.19294 
-6.0914 -0.471114 1.19362 
-6.09078 -0.46964 1.19417 
-6.09074 -0.467182 1.19501 
-6.09166 -0.464233 1.19594 
-6.09168 -0.463045 1.19629 
-6.09536 -0.458684 1.19757 
-6.09801 -0.454311 1.1987 
-6.09953 -0.449905 1.19969 
-6.09953 -0.449612 1.19975 
-6.09949 -0.445457 1.2005 
-6.10261 -0.440859 1.20139 
-6.10673 -0.438432 1.20194 
-6.11519 -0.43671 1.20252 
-6.11922 -0.435628 1.20279 
-6.12314 -0.43446 1.20303 
-6.12998 -0.433409 1.20324 
-6.13608 -0.432674 1.20328 
-6.14193 -0.43093 1.20333 
-6.14449 -0.429167 1.20345 
-6.14769 -0.42699 1.20351 
-6.15176 -0.423648 1.20353 
-6.15258 -0.422691 1.20355 
-6.15506 -0.418419 1.20361 
-6.15642 -0.414057 1.20365 
-6.15667 -0.413256 1.20364 
-6.15611 -0.408365 1.20378 
-6.15521 -0.403387 1.20375 
-6.15443 -0.398183 1.20345 
-6.15397 -0.395262 1.20318 
-6.15344 -0.392843 1.2029 
-6.15116 -0.387614 1.20236 
-6.14962 -0.384086 1.20181 
-6.14867 -0.382185 1.20149 
-6.14492 -0.376883 1.2007 
-6.14026 -0.371696 1.19991 
-6.11041 -0.356724 1.18882 
-6.11227 -0.355673 1.18804 
-6.11362 -0.354639 1.18716 
-6.11601 -0.355884 1.1872 
-6.122 -0.359292 1.18729 
-6.12367 -0.360304 1.18728 
-6.12995 -0.365295 1.18797 
-6.13562 -0.37018 1.18845 
-6.14065 -0.375035 1.18882 
-6.14503 -0.380041 1.18928 
-6.14529 -0.380324 1.18928 
-6.14885 -0.38469 1.18921 
-6.152 -0.389569 1.18937 
-6.15452 -0.394216 1.18914 
-6.15646 -0.399092 1.18912 
-6.1578 -0.403904 1.18899 
-6.15786 -0.404176 1.18894 
-6.15838 -0.408363 1.18828 
-6.15855 -0.413197 1.18802 
-6.15804 -0.417848 1.18746 
-6.1568 -0.422294 1.18655 
-6.15506 -0.426889 1.18576 
-6.15288 -0.431581 1.1851 
-6.15031 -0.436509 1.18471 
-6.14764 -0.440807 1.18447 
-6.14711 -0.44159 1.18443 
-6.14313 -0.446469 1.18385 
-6.13916 -0.450675 1.18336 
-6.13841 -0.451413 1.18327 
-6.13272 -0.456475 1.18273 
-6.13174 -0.45727 1.18266 
-6.12582 -0.461625 1.18223 
-6.12469 -0.462388 1.18214 
-6.1176 -0.46673 1.18155 
-6.11678 -0.467196 1.18148 
-6.11035 -0.470389 1.1812 
-6.10674 -0.472063 1.18093 
-6.10221 -0.474036 1.18056 
-6.09702 -0.475534 1.18065 
-6.09377 -0.475584 1.18122 
-6.09178 -0.47453 1.18211 
-6.09189 -0.474177 1.18231 
-6.09138 -0.472032 1.18343 
-6.09095 -0.470583 1.18409 
-6.09114 -0.468779 1.18482 
-6.09194 -0.466639 1.18561 
-6.09272 -0.463281 1.18673 
-6.09266 -0.462573 1.18694 
-6.09356 -0.458363 1.18815 
-6.09441 -0.455942 1.18879 
-6.09476 -0.454066 1.18924 
-6.0977 -0.449616 1.1903 
-6.10102 -0.445057 1.19129 
-6.10506 -0.442969 1.19179 
-6.11173 -0.440102 1.19245 
-6.11427 -0.439046 1.19267 
-6.12117 -0.438004 1.19289 
-6.12726 -0.437369 1.19291 
-6.13328 -0.435617 1.193 
-6.1357 -0.433839 1.19318 
-6.13987 -0.430583 1.19342 
-6.14211 -0.42856 1.19353 
-6.14538 -0.425102 1.19366 
-6.14699 -0.423263 1.19367 
-6.14829 -0.41835 1.19397 
-6.14968 -0.414465 1.19399 
-6.15005 -0.413162 1.19397 
-6.1505 -0.408065 1.19393 
-6.14991 -0.40301 1.19382 
-6.14941 -0.400005 1.19368 
-6.14891 -0.397832 1.19354 
-6.14605 -0.392964 1.19344 
-6.14523 -0.391736 1.1934 
-6.14259 -0.388064 1.19323 
-6.13866 -0.383098 1.19286 
-6.13412 -0.378077 1.19237 
-6.12903 -0.373051 1.19177 
-6.12334 -0.367999 1.19106 
-6.11702 -0.362896 1.19022 
-6.11094 -0.357616 1.1891 
-6.12862 -0.37374 1.18063 
-6.12862 -0.37179 1.17955 
-6.13278 -0.375198 1.1794 
-6.13596 -0.378309 1.17934 
-6.13734 -0.379757 1.17926 
-6.1411 -0.384533 1.17936 
-6.14422 -0.389258 1.17932 
-6.14568 -0.391829 1.17913 
-6.14664 -0.393796 1.17893 
-6.1485 -0.398543 1.17873 
-6.1498 -0.403323 1.17856 
-6.15031 -0.40784 1.17793 
-6.15042 -0.412591 1.17756 
-6.14998 -0.41734 1.17715 
-6.14895 -0.42205 1.17663 
-6.14735 -0.426794 1.17607 
-6.14526 -0.431599 1.17557 
-6.14274 -0.436692 1.17541 
-6.14246 -0.43722 1.17544 
-6.13937 -0.442088 1.17554 
-6.13875 -0.442909 1.17554 
-6.13485 -0.447412 1.17549 
-6.13404 -0.448229 1.17547 
-6.12913 -0.452662 1.17524 
-6.12817 -0.453438 1.17518 
-6.12206 -0.457884 1.17478 
-6.12136 -0.458359 1.17472 
-6.11424 -0.462609 1.17425 
-6.11342 -0.463073 1.17417 
-6.10529 -0.46733 1.17338 
-6.10325 -0.468162 1.1733 
-6.09851 -0.469959 1.17308 
-6.09367 -0.470941 1.17327 
-6.09301 -0.469544 1.17415 
-6.09274 -0.469035 1.17443 
-6.09356 -0.465787 1.17585 
-6.09381 -0.465078 1.17613 
-6.09515 -0.461763 1.17732 
-6.0963 -0.458814 1.17827 
-6.09646 -0.457608 1.17863 
-6.10003 -0.453227 1.17983 
-6.10577 -0.448623 1.18095 
-6.10672 -0.448144 1.18106 
-6.11473 -0.445051 1.18163 
-6.11814 -0.443377 1.1819 
-6.12243 -0.441189 1.18219 
-6.12765 -0.438107 1.18252 
-6.12951 -0.436619 1.18268 
-6.13289 -0.433095 1.18306 
-6.13663 -0.4289 1.18338 
-6.13745 -0.427966 1.18343 
-6.13991 -0.423011 1.18378 
-6.14054 -0.418217 1.18416 
-6.14185 -0.413448 1.18423 
-6.14192 -0.413108 1.18423 
-6.14216 -0.408069 1.18423 
-6.14163 -0.403015 1.18414 
-6.14019 -0.397962 1.18397 
-6.13972 -0.395675 1.18378 
-6.13887 -0.392714 1.18351 
-6.13641 -0.38755 1.18304 
-6.13462 -0.38335 1.18239 
-6.13403 -0.382112 1.18217 
-6.13046 -0.376758 1.18133 
-6.12522 -0.379411 1.17136 
-6.12649 -0.378754 1.17045 
-6.12833 -0.380235 1.17018 
-6.13129 -0.383314 1.16987 
-6.13237 -0.384596 1.16974 
-6.13553 -0.389335 1.16972 
-6.13805 -0.394021 1.16956 
-6.13916 -0.396569 1.1693 
-6.13988 -0.398543 1.16905 
-6.14113 -0.403223 1.16874 
-6.14183 -0.40796 1.16845 
-6.14175 -0.412457 1.16771 
-6.14126 -0.417139 1.16722 
-6.14022 -0.421841 1.1667 
-6.13863 -0.426579 1.16614 
-6.13655 -0.431376 1.16564 
-6.13402 -0.436464 1.16548 
-6.13375 -0.436989 1.1655 
-6.13064 -0.441895 1.16566 
-6.13027 -0.442394 1.16567 
-6.12736 -0.445851 1.16608 
-6.12553 -0.447666 1.16615 
-6.12311 -0.4498 1.16618 
-6.12039 -0.451438 1.16675 
-6.11666 -0.453808 1.16677 
-6.11527 -0.454637 1.16675 
-6.11129 -0.456155 1.16707 
-6.10735 -0.457065 1.16745 
-6.1033 -0.457521 1.16783 
-6.09997 -0.456779 1.16844 
-6.09998 -0.456396 1.16859 
-6.10457 -0.451953 1.16979 
-6.10544 -0.451495 1.16988 
-6.11342 -0.44694 1.17065 
-6.11421 -0.446425 1.17073 
-6.12065 -0.441876 1.17134 
-6.12242 -0.440302 1.17155 
-6.12586 -0.436916 1.17194 
-6.12868 -0.432185 1.17262 
-6.13168 -0.427537 1.17301 
-6.13187 -0.427205 1.17303 
-6.13347 -0.422377 1.17346 
-6.13492 -0.417409 1.17369 
-6.13505 -0.412525 1.17392 
-6.13417 -0.407724 1.17413 
-6.13409 -0.402881 1.17394 
-6.13407 -0.40256 1.17392 
-6.13257 -0.397515 1.17375 
-6.13085 -0.392355 1.17337 
-6.12831 -0.387208 1.1729 
-6.12772 -0.385606 1.17264 
-6.12611 -0.38166 1.17191 
-6.11772 -0.379625 1.16047 
-6.11845 -0.380253 1.16039 
-6.12259 -0.38467 1.16005 
-6.12348 -0.385799 1.15997 
-6.12584 -0.389154 1.15969 
-6.12838 -0.394029 1.1598 
-6.1303 -0.39862 1.1594 
-6.13162 -0.403358 1.15918 
-6.13167 -0.403629 1.15913 
-6.13219 -0.40778 1.15846 
-6.13235 -0.412588 1.15818 
-6.13176 -0.417098 1.15745 
-6.13057 -0.421617 1.15668 
-6.12895 -0.426304 1.15606 
-6.127 -0.431281 1.15582 
-6.12595 -0.433814 1.15598 
-6.12442 -0.436922 1.15639 
-6.12391 -0.437796 1.15651 
-6.12274 -0.439414 1.15737 
-6.12193 -0.439663 1.15841 
-6.12221 -0.438909 1.1588 
-6.12366 -0.434876 1.16024 
-6.12375 -0.434615 1.16031 
-6.1249 -0.430572 1.16131 
-6.12671 -0.425832 1.1619 
-6.12775 -0.421126 1.16242 
-6.12819 -0.416379 1.16283 
-6.12803 -0.411569 1.16312 
-6.12728 -0.406746 1.16331 
-6.12582 -0.401923 1.16341 
-6.12489 -0.397055 1.16309 
-6.1248 -0.396706 1.16306 
-6.12255 -0.391681 1.16279 
-6.12015 -0.386439 1.16221 
-6.11907 -0.383613 1.16166 
-6.11808 -0.380563 1.16078 
