-0.944415 0.266545 1.11876 
-0.96272 0.245684 1.13584 
-0.991274 0.197905 1.19734 
-1.00579 0.140935 1.25161 
-1.00554 0.0755312 1.29684 
-0.989011 0.00254586 1.33322 
-0.976468 -0.029261 1.34592 
-0.945892 -0.0796853 1.35412 
-0.921957 -0.107237 1.35007 
-0.8706 -0.142446 1.33024 
-0.81588 -0.155968 1.28853 
-0.783949 -0.12396 1.24569 
-0.782754 -0.122127 1.24356 
-0.75993 -0.0699669 1.1895 
-0.798941 -0.00590801 1.19956 
-0.846951 0.0357478 1.23164 
-0.892003 0.0763816 1.25737 
-0.919322 0.105136 1.26768 
-0.96366 0.163647 1.26711 
-0.964297 0.166018 1.26563 
-0.965732 0.23029 1.19921 
-0.964497 0.235959 1.19029 
-1.20023 0.27338 1.47647 
-1.21506 0.283032 1.45271 
-1.20186 0.2908 1.39066 
-1.19926 0.270227 1.38542 
-1.1828 0.213202 1.36929 
-1.17601 0.199624 1.3618 
-1.15097 0.125196 1.35626 
-1.14239 0.0418736 1.40387 
-1.14305 0.0255671 1.42013 
-1.13189 -0.059196 1.48667 
-1.1251 -0.0817285 1.5 
-1.10353 -0.143252 1.55096 
-1.06739 -0.18741 1.57103 
-1.03169 -0.209519 1.56541 
-1.01698 -0.216148 1.55863 
-1.01472 -0.21524 1.5582 
-0.974865 -0.207302 1.53092 
-0.938585 -0.160952 1.48062 
-0.98465 -0.0786159 1.49427 
-1.05511 0.0175734 1.52044 
-1.1096 0.0955697 1.53154 
-1.12816 0.125371 1.53127 
-1.17294 0.202101 1.51943 
-1.19117 0.239234 1.50356 
-1.40828 0.355252 1.67904 
-1.41464 0.416622 1.60363 
-1.40523 0.421401 1.54006 
-1.39307 0.352488 1.51778 
-1.38983 0.344159 1.51324 
-1.33538 0.269519 1.43329 
-1.32874 0.261201 1.42467 
-1.28352 0.172421 1.39011 
-1.29542 0.0770365 1.48072 
-1.29563 0.0720291 1.48514 
-1.29886 -0.0478751 1.60409 
-1.29829 -0.0518842 1.60717 
-1.25919 -0.180169 1.67802 
-1.25559 -0.213817 1.74996 
-1.25137 -0.211781 1.80015 
-1.24367 -0.170046 1.81724 
-1.24373 -0.167359 1.81723 
-1.24715 -0.0696631 1.79657 
-1.30738 0.0562743 1.7922 
-1.36354 0.174466 1.77408 
-1.37056 0.193087 1.76839 
-1.40146 0.320138 1.70479 
-1.48911 0.708898 1.49008 
-1.48929 0.69699 1.44701 
-1.49465 0.69119 1.4507 
-1.50992 0.642773 1.44832 
-1.50026 0.602876 1.42306 
-1.49641 0.565917 1.41634 
-1.49268 0.513389 1.4175 
-1.48407 0.422075 1.43047 
-1.47768 0.325275 1.46379 
-1.46015 0.219052 1.49274 
-1.43821 0.1058 1.52768 
-1.40263 -0.0100506 1.54566 
-1.36898 -0.134287 1.5859 
-1.36161 -0.164245 1.59978 
-1.32586 -0.262218 1.62743 
-1.27697 -0.365109 1.65049 
-1.26424 -0.387445 1.65462 
-1.17761 -0.489813 1.63369 
-1.16168 -0.504757 1.62928 
-1.05735 -0.574759 1.58705 
-1.01076 -0.59886 1.60227 
-1.05511 -0.578445 1.71172 
-1.06746 -0.567572 1.73696 
-1.09592 -0.528314 1.79082 
-1.16437 -0.449367 1.86036 
-1.2476 -0.344167 1.91829 
-1.33705 -0.214083 1.95871 
-1.42486 -0.0647647 1.97624 
-1.47168 0.00804007 1.97992 
-1.52642 0.108168 1.9707 
-1.5806 0.269846 1.92448 
-1.59538 0.344205 1.89213 
-1.60402 0.415333 1.85331 
-1.58692 0.53329 1.76729 
-1.54693 0.630013 1.65784 
-1.49905 0.70223 1.51677 
-1.69005 0.86309 1.60787 
-1.67906 0.859459 1.53855 
-1.6665 0.825544 1.48161 
-1.6701 0.806249 1.47733 
-1.66241 0.753782 1.44988 
-1.64556 0.69436 1.4196 
-1.63067 0.652908 1.39912 
-1.60206 0.582439 1.36661 
-1.56746 0.505248 1.33383 
-1.5481 0.472232 1.31473 
-1.49917 0.367127 1.27925 
-1.46504 0.265088 1.27152 
-1.44135 0.161703 1.28525 
-1.4108 0.056063 1.29268 
-1.40493 -0.061636 1.35295 
-1.41198 -0.136309 1.41644 
-1.40995 -0.202732 1.46291 
-1.39343 -0.321135 1.53353 
-1.38775 -0.347153 1.54754 
-1.33785 -0.479989 1.59435 
-1.33216 -0.492603 1.59926 
-1.3023 -0.578732 1.67675 
-1.25355 -0.648493 1.72541 
-1.19997 -0.694361 1.75767 
-1.1656 -0.709614 1.80214 
-1.16907 -0.689383 1.86045 
-1.18272 -0.669595 1.88879 
-1.21155 -0.622728 1.93277 
-1.27471 -0.525071 1.98906 
-1.40831 -0.388374 2.05684 
-1.41396 -0.381658 2.05882 
-1.49705 -0.224182 2.07987 
-1.56376 -0.0553496 2.07707 
-1.56696 -0.0419067 2.07547 
-1.60051 0.112123 2.04735 
-1.64399 0.28883 2.00343 
-1.66873 0.454809 1.93987 
-1.67072 0.601971 1.85668 
-1.66442 0.731216 1.76151 
-1.66744 0.743791 1.75369 
-1.69187 0.826791 1.68606 
-1.69575 0.850461 1.64669 
-1.47392 0.966921 1.37776 
-1.48418 0.997704 1.33444 
-1.51762 1.01368 1.32252 
-1.58639 1.02599 1.34798 
-1.63939 1.01942 1.35795 
-1.6891 1.01269 1.38476 
-1.7207 0.99913 1.39786 
-1.74326 0.947532 1.3826 
-1.7475 0.941227 1.38378 
-1.75779 0.864278 1.36781 
-1.75507 0.848332 1.36127 
-1.74641 0.752081 1.34398 
-1.74106 0.728223 1.33829 
-1.71785 0.645961 1.31829 
-1.66329 0.540318 1.26829 
-1.65305 0.52588 1.2583 
-1.60644 0.416084 1.22932 
-1.54988 0.304875 1.19223 
-1.52176 0.19887 1.19571 
-1.49544 0.0906036 1.20487 
-1.46511 -0.0175604 1.20958 
-1.43146 -0.120538 1.20837 
-1.39876 -0.218787 1.2089 
-1.38117 -0.326679 1.24259 
-1.36946 -0.416432 1.28373 
-1.3648 -0.444122 1.29713 
-1.35337 -0.547505 1.36974 
-1.35338 -0.635273 1.47106 
-1.35149 -0.641752 1.47659 
-1.3192 -0.717133 1.53946 
-1.2886 -0.77782 1.61283 
-1.24679 -0.823282 1.67067 
-1.20221 -0.852362 1.7205 
-1.18486 -0.859954 1.74982 
-1.16299 -0.863309 1.77006 
-1.06425 -0.861796 1.72014 
-0.970808 -0.840218 1.6588 
-0.901446 -0.802656 1.61373 
-0.876215 -0.771831 1.59889 
-0.855737 -0.744384 1.57909 
-0.787667 -0.671302 1.48721 
-0.784203 -0.662737 1.48096 
-0.793104 -0.583388 1.46605 
-0.787678 -0.537301 1.4386 
-0.778839 -0.478455 1.39762 
-0.874226 -0.398167 1.47469 
-0.939025 -0.349981 1.52911 
-1.00173 -0.29228 1.57482 
-1.05985 -0.155079 1.56914 
-1.11578 -0.00792058 1.5544 
-1.19046 0.150323 1.55698 
-1.28948 0.322569 1.58148 
-1.32797 0.398041 1.58565 
-1.37142 0.493333 1.58392 
-1.39462 0.632324 1.53135 
-1.43348 0.741799 1.51086 
-1.442 0.771451 1.50193 
-1.46264 0.880077 1.44943 
-1.46752 0.895598 1.44265 
-1.47691 0.962848 1.38714 
-1.5149 1.07658 1.2807 
-1.58956 1.10754 1.30604 
-1.63506 1.11428 1.30292 
-1.67035 1.10559 1.29109 
-1.71928 1.11384 1.31853 
-1.79123 1.11424 1.35259 
-1.82153 1.07572 1.3361 
-1.82996 1.07242 1.33952 
-1.90043 1.02403 1.36889 
-1.90273 1.01618 1.36761 
-1.90306 0.926495 1.34117 
-1.90387 0.905511 1.33882 
-1.89207 0.826572 1.32109 
-1.87615 0.723702 1.31208 
-1.86195 0.694479 1.29913 
-1.80987 0.594415 1.25485 
-1.75814 0.473965 1.22316 
-1.7418 0.359687 1.24298 
-1.70942 0.296976 1.22208 
-1.67567 0.235249 1.19933 
-1.62966 0.117043 1.18205 
-1.60287 -0.00149358 1.19129 
-1.57671 -0.116893 1.20028 
-1.56062 -0.234914 1.22643 
-1.561 -0.293355 1.25353 
-1.55665 -0.366471 1.2831 
-1.54719 -0.506595 1.35192 
-1.54655 -0.521639 1.36148 
-1.54425 -0.649914 1.46874 
-1.52824 -0.708173 1.50519 
-1.49947 -0.771314 1.53827 
-1.45763 -0.85402 1.60948 
-1.39818 -0.917113 1.66053 
-1.32973 -0.95883 1.696 
-1.25004 -0.98059 1.7089 
-1.17955 -0.984646 1.7254 
-1.09853 -0.970102 1.71085 
-0.989242 -0.934551 1.63348 
-0.937577 -0.901434 1.60873 
-0.921775 -0.888484 1.59925 
-0.861959 -0.823252 1.55006 
-0.856317 -0.810958 1.54468 
-0.82293 -0.73131 1.49617 
-0.81706 -0.71522 1.48492 
-0.782783 -0.612291 1.40493 
-0.778021 -0.59999 1.39352 
-0.805438 -0.506469 1.37976 
-0.834965 -0.398445 1.35579 
-0.895578 -0.284487 1.36492 
-0.941298 -0.155558 1.34718 
-0.940254 -0.147259 1.34107 
-0.928212 -0.0253695 1.25561 
-0.998835 0.112158 1.26795 
-1.04616 0.178824 1.29122 
-1.10153 0.267167 1.31317 
-1.15833 0.412025 1.30783 
-1.20952 0.552048 1.29862 
-1.224 0.569938 1.30699 
-1.34266 0.73476 1.36223 
-1.35301 0.750477 1.36585 
-1.43453 0.888391 1.38081 
-1.44059 0.900387 1.38018 
-1.49222 1.00215 1.36518 
-1.4939 1.00493 1.3647 
-1.51512 1.05801 1.3304 
-1.52271 1.07327 1.31215 
-1.46221 1.07331 1.2011 
-1.5112 1.10509 1.20194 
-1.61028 1.15001 1.24358 
-1.71211 1.18481 1.2831 
-1.78559 1.19478 1.29668 
-1.88404 1.20428 1.32997 
-1.88936 1.20434 1.33171 
-2.01277 1.19716 1.37997 
-2.02325 1.19412 1.38354 
-2.07533 1.14141 1.38314 
-2.08028 1.12192 1.37695 
-2.08248 1.04199 1.34921 
-2.07682 1.01452 1.33731 
-2.05829 0.905889 1.30736 
-2.0485 0.877543 1.29703 
-2.00733 0.778648 1.25925 
-1.97395 0.662429 1.24292 
-1.93759 0.587085 1.21813 
-1.90635 0.52792 1.19664 
-1.86303 0.400714 1.18336 
-1.82658 0.271427 1.18168 
-1.76428 0.143362 1.14436 
-1.73942 0.015661 1.15453 
-1.71665 -0.109375 1.16527 
-1.69269 -0.228278 1.17219 
-1.68049 -0.352361 1.19931 
-1.66334 -0.471897 1.22466 
-1.66566 -0.549531 1.26574 
-1.65991 -0.623761 1.30068 
-1.64504 -0.722307 1.35063 
-1.64889 -0.826581 1.45933 
-1.63146 -0.878965 1.49872 
-1.60653 -0.926836 1.53214 
-1.55625 -1.00094 1.60058 
-1.50299 -1.05313 1.67016 
-1.48076 -1.07022 1.71108 
-1.45243 -1.08279 1.74466 
-1.36711 -1.09716 1.76653 
-1.27722 -1.08992 1.76925 
-1.16243 -1.06424 1.71594 
-1.08023 -1.02097 1.68286 
-1.07513 -1.01754 1.68033 
-0.981622 -0.954033 1.61 
-0.954754 -0.902362 1.59224 
-0.940512 -0.858476 1.57613 
-0.927666 -0.803282 1.55258 
-0.955679 -0.709228 1.55258 
-0.956955 -0.679033 1.54186 
-0.966317 -0.58485 1.50983 
-1.03595 -0.462812 1.52612 
-1.07075 -0.312689 1.48763 
-1.14322 -0.155539 1.48794 
-1.14861 -0.0744289 1.45244 
-1.14715 0.00324911 1.41115 
-1.19898 0.166113 1.38994 
-1.25385 0.256358 1.40938 
-1.30279 0.347755 1.42191 
-1.30983 0.488815 1.36576 
-1.31095 0.613653 1.31182 
-1.38845 0.770259 1.327 
-1.4047 0.799034 1.3313 
-1.45029 0.907469 1.32708 
-1.46484 0.962645 1.31186 
-1.47436 1.00334 1.29591 
-1.47379 1.04588 1.25947 
-1.46969 1.05778 1.24037 
-1.73514 1.17521 1.36574 
-1.84928 1.24766 1.40776 
-1.94956 1.29959 1.43329 
-1.98592 1.31492 1.40434 
-2.03645 1.318 1.38789 
-2.0751 1.30329 1.36317 
-2.12729 1.27965 1.34845 
-2.14685 1.23157 1.3131 
-2.1563 1.22799 1.315 
-2.19947 1.16593 1.30205 
-2.20202 1.15207 1.29728 
-2.19059 1.05259 1.25555 
-2.18594 1.04036 1.24914 
-2.19067 0.952116 1.24285 
-2.16098 0.838674 1.21855 
-2.14313 0.806125 1.20388 
-2.07944 0.694892 1.1552 
-2.01507 0.561805 1.11572 
-1.99213 0.52579 1.09995 
-1.9269 0.421497 1.0571 
-1.9025 0.298604 1.06184 
-1.87307 0.169769 1.06319 
-1.81307 0.0466669 1.02872 
-1.78953 -0.0746718 1.0316 
-1.79901 -0.207954 1.07248 
-1.80152 -0.341771 1.10873 
-1.78938 -0.464698 1.12989 
-1.79058 -0.526067 1.15171 
-1.78401 -0.600167 1.17232 
-1.76128 -0.732669 1.21052 
-1.75886 -0.75823 1.22272 
-1.73807 -0.89286 1.29729 
-1.72875 -0.92509 1.31647 
-1.69277 -0.998207 1.35682 
-1.66087 -1.07846 1.43585 
-1.6237 -1.14143 1.52063 
-1.61879 -1.15772 1.55852 
-1.59397 -1.18368 1.6284 
-1.52616 -1.20169 1.69426 
-1.52198 -1.20107 1.70321 
-1.46713 -1.17758 1.76734 
-1.45731 -1.17017 1.7751 
-1.4007 -1.10597 1.80381 
-1.39435 -1.09767 1.80477 
-1.38651 -0.993801 1.81866 
-1.37655 -0.904305 1.8122 
-1.37292 -0.858443 1.80574 
-1.3901 -0.698055 1.7855 
-1.43348 -0.514182 1.76373 
-1.4342 -0.505391 1.76175 
-1.45892 -0.31643 1.72033 
-1.47788 -0.173344 1.68478 
-1.47985 -0.115524 1.66505 
-1.48944 0.0789938 1.59789 
-1.48435 0.110816 1.58061 
-1.45222 0.246989 1.49544 
-1.41999 0.302455 1.44156 
-1.34789 0.365676 1.34393 
-1.30175 0.482581 1.25237 
-1.2965 0.487232 1.24529 
-1.20967 0.553428 1.13256 
-1.26179 0.663799 1.14762 
-1.28098 0.698473 1.15488 
-1.39566 0.831341 1.22018 
-1.48861 0.926136 1.27221 
-1.52616 0.968663 1.28946 
-1.65716 1.08438 1.35524 
-1.71549 1.15044 1.36716 
-2.27861 1.38312 1.38014 
-2.32812 1.36347 1.35577 
-2.35885 1.35683 1.35752 
-2.3999 1.32794 1.34623 
-2.40062 1.25678 1.29637 
-2.40289 1.24805 1.29303 
-2.39007 1.14688 1.24464 
-2.3827 1.12647 1.23398 
-2.34318 1.004 1.1856 
-2.32852 0.977374 1.17225 
-2.26186 0.858599 1.11788 
-2.20094 0.757112 1.07422 
-2.16842 0.711964 1.05155 
-2.11631 0.586387 1.02433 
-2.04397 0.450029 0.984417 
-2.00486 0.322031 0.97328 
-1.99968 0.313623 0.970224 
-1.92887 0.191054 0.930324 
-1.91848 0.0638044 0.942405 
-1.90568 -0.0640585 0.951991 
-1.89285 -0.189446 0.960736 
-1.89683 -0.321704 0.986929 
-1.91079 -0.388347 1.01269 
-1.92262 -0.473667 1.0422 
-1.91228 -0.602776 1.06475 
-1.88778 -0.725285 1.08238 
-1.88815 -0.744111 1.09008 
-1.86015 -0.865351 1.12159 
-1.84222 -0.919886 1.13791 
-1.82082 -1.0373 1.20514 
-1.80513 -1.06894 1.22081 
-1.75681 -1.12809 1.24593 
-1.73065 -1.20548 1.327 
-1.72586 -1.23643 1.37378 
-1.70652 -1.26896 1.42637 
-1.63258 -1.30448 1.48596 
-1.59933 -1.31486 1.53593 
-1.56733 -1.31468 1.56516 
-1.46729 -1.29401 1.59559 
-1.45943 -1.28976 1.59985 
-1.37649 -1.22859 1.62174 
-1.36816 -1.22026 1.62233 
-1.34371 -1.13211 1.63647 
-1.31912 -1.05205 1.62747 
-1.30858 -1.01023 1.61947 
-1.30697 -0.866562 1.59592 
-1.3341 -0.702392 1.57102 
-1.33476 -0.692386 1.56867 
-1.35699 -0.518284 1.53056 
-1.40288 -0.320891 1.49671 
-1.40397 -0.285893 1.4854 
-1.41392 -0.126787 1.43594 
-1.42361 0.00687813 1.39499 
-1.42087 0.0587736 1.37374 
-1.42617 0.232758 1.31716 
-1.40237 0.29686 1.27456 
-1.3632 0.362605 1.21824 
-1.33743 0.487252 1.15825 
-1.35203 0.617068 1.13646 
-1.43913 0.717309 1.18558 
-1.60616 0.863918 1.2834 
-1.64482 0.904026 1.3024 
-1.75639 1.01674 1.35281 
-1.91057 1.13372 1.42207 
-2.04493 1.23864 1.46487 
-2.05089 1.24446 1.4656 
-2.13939 1.32441 1.4687 
-2.22115 1.37566 1.46258 
-2.28838 1.39872 1.4464 
-2.2886 1.39879 1.44267 
-2.42129 1.418 1.32933 
-2.46689 1.40857 1.29832 
-2.50689 1.40316 1.29598 
-2.53971 1.38549 1.28295 
-2.57639 1.32866 1.24987 
-2.58084 1.31419 1.24309 
-2.57088 1.23018 1.19839 
-2.55827 1.18793 1.17754 
-2.51478 1.07263 1.12795 
-2.50566 1.05586 1.11993 
-2.43582 0.917323 1.06595 
-2.38728 0.845097 1.03269 
-2.32437 0.75786 0.992001 
-2.26302 0.624867 0.960175 
-2.19176 0.483553 0.924483 
-2.186 0.474434 0.921311 
-2.10999 0.340919 0.881747 
-2.08755 0.207861 0.88237 
-2.07117 0.0691295 0.887754 
-2.06017 -0.0709042 0.896172 
-2.05191 -0.209329 0.905443 
-2.04119 -0.3425 0.912218 
-2.02254 -0.464982 0.913596 
-2.0379 -0.607494 0.950842 
-2.03877 -0.617128 0.953515 
-2.01831 -0.744526 0.967676 
-1.98103 -0.864109 0.978628 
-1.97034 -0.903824 0.986585 
-1.92239 -0.978735 0.988863 
-1.86429 -1.0456 0.990909 
-1.82855 -1.08638 0.997364 
-1.76689 -1.12727 0.997285 
-1.70107 -1.19283 1.02578 
-1.67167 -1.26251 1.08696 
-1.65702 -1.33335 1.17417 
-1.65218 -1.35415 1.20597 
-1.62056 -1.3839 1.26095 
-1.53238 -1.39232 1.30547 
-1.52707 -1.39341 1.31345 
-1.4523 -1.37928 1.36738 
-1.43821 -1.37331 1.37384 
-1.34904 -1.31903 1.39279 
-1.33336 -1.30687 1.39302 
-1.26727 -1.22103 1.39565 
-1.25425 -1.19821 1.39311 
-1.21804 -1.11211 1.37834 
-1.20954 -0.992222 1.36067 
-1.20223 -0.958394 1.35006 
-1.188 -0.839887 1.3127 
-1.20799 -0.681686 1.27702 
-1.20859 -0.642583 1.26426 
-1.21638 -0.506436 1.22127 
-1.25674 -0.328326 1.18602 
-1.25884 -0.287956 1.17279 
-1.26642 -0.152316 1.12979 
-1.30012 0.0197166 1.09991 
-1.3391 0.188187 1.0828 
-1.33978 0.203116 1.07943 
-1.3396 0.333076 1.04814 
-1.39464 0.418964 1.07279 
-1.46086 0.524419 1.10208 
-1.58486 0.669028 1.16413 
-1.70568 0.78794 1.22317 
-1.76185 0.845754 1.24811 
-1.93242 0.998688 1.31871 
-2.09665 1.12697 1.37588 
-2.10272 1.13362 1.37726 
-2.23549 1.26072 1.4028 
-2.31452 1.33364 1.40642 
-2.33814 1.35826 1.40192 
-2.42031 1.40965 1.38893 
-2.42992 1.42132 1.35284 
-2.48302 1.41047 1.21074 
-2.56316 1.4229 1.19548 
-2.58947 1.40401 1.15627 
-2.60954 1.36643 1.11621 
-2.61984 1.36239 1.1149 
-2.64675 1.30774 1.08447 
-2.65381 1.27564 1.07079 
-2.65498 1.19279 1.04196 
-2.64994 1.17894 1.0359 
-2.60908 1.06221 0.994325 
-2.56726 0.997902 0.965209 
-2.49982 0.905941 0.922855 
-2.43862 0.778277 0.888281 
-2.38649 0.696212 0.860688 
-2.34337 0.63155 0.838532 
-2.28451 0.496283 0.81259 
-2.22147 0.35646 0.785251 
-2.16702 0.218149 0.762733 
-2.15807 0.078957 0.767761 
-2.14901 -0.0626377 0.772251 
-2.14337 -0.203647 0.778295 
-2.13576 -0.340528 0.783113 
-2.14557 -0.485637 0.802529 
-2.14761 -0.628152 0.820964 
-2.12003 -0.749204 0.823513 
-2.1231 -0.801445 0.8361 
-2.11297 -0.903704 0.855198 
-2.04849 -1.00941 0.853249 
-2.04152 -1.02487 0.855327 
-1.95509 -1.10229 0.847054 
-1.89556 -1.13548 0.839003 
-1.81919 -1.19061 0.842453 
-1.79331 -1.20189 0.841427 
-1.73754 -1.26741 0.871063 
-1.74854 -1.35407 0.944347 
-1.74837 -1.36013 0.94994 
-1.71281 -1.42286 1.01246 
-1.71328 -1.47109 1.08074 
-1.69774 -1.48697 1.1121 
-1.59592 -1.48499 1.14907 
-1.58707 -1.48383 1.15437 
-1.48489 -1.44863 1.1821 
-1.44524 -1.42952 1.18164 
-1.34468 -1.3724 1.16807 
-1.25138 -1.30139 1.14816 
-1.21307 -1.26585 1.13685 
-1.1222 -1.16245 1.09872 
-1.10058 -1.12784 1.08676 
-1.06094 -1.03567 1.0565 
-1.03072 -0.936206 1.01946 
-1.01745 -0.895547 1.00106 
-1.01278 -0.75971 0.956258 
-1.00438 -0.705851 0.931935 
-0.995505 -0.604883 0.888348 
-0.980781 -0.504502 0.839116 
-0.967146 -0.446668 0.806769 
-0.940644 -0.334005 0.744588 
-0.930968 -0.298429 0.724553 
-0.898931 -0.168981 0.658294 
-0.891855 -0.154628 0.648797 
-0.836014 -0.0573247 0.582122 
-0.821717 0.0403155 0.55394 
-0.834416 0.134563 0.552881 
-0.889251 0.239986 0.585921 
-0.98269 0.319311 0.64722 
-1.15703 0.393877 0.75922 
-1.3353 0.478791 0.867389 
-1.51486 0.555398 0.968861 
-1.70029 0.695723 1.05926 
-1.88707 0.837964 1.13834 
-1.89788 0.848348 1.14243 
-2.07487 0.996939 1.2045 
-2.23307 1.14407 1.24851 
-2.25151 1.16293 1.25262 
-2.40332 1.29187 1.2796 
-2.43809 1.3327 1.27842 
-2.47592 1.38628 1.26124 
-2.49054 1.40645 1.24105 
-2.59954 1.39628 1.09475 
-2.60504 1.4062 1.04963 
-2.61782 1.39501 1.008 
-2.65265 1.37528 0.975817 
-2.70158 1.34045 0.949232 
-2.71045 1.3367 0.948228 
-2.73986 1.26854 0.919006 
-2.73811 1.25886 0.914531 
-2.74161 1.17303 0.889326 
-2.71266 1.11801 0.866509 
-2.65716 1.03546 0.831313 
-2.59501 0.912061 0.793666 
-2.56709 0.874504 0.779424 
-2.48237 0.762599 0.738467 
-2.41722 0.633034 0.708363 
-2.35568 0.498753 0.682091 
-2.30866 0.363314 0.663704 
-2.30249 0.354218 0.661069 
-2.22278 0.221563 0.627796 
-2.21069 0.085405 0.625549 
-2.19975 -0.0527846 0.624082 
-2.19781 -0.192443 0.627242 
-2.18896 -0.327334 0.627786 
-2.23404 -0.483756 0.658172 
-2.23721 -0.494642 0.660486 
-2.23324 -0.633719 0.669095 
-2.22701 -0.776539 0.682257 
-2.22991 -0.903956 0.70393 
-2.22658 -0.94065 0.709421 
-2.15958 -1.04588 0.704524 
-2.12515 -1.11782 0.711223 
-2.08268 -1.17129 0.713133 
-2.01541 -1.23134 0.713517 
-1.97912 -1.33011 0.746803 
-1.95673 -1.42332 0.793011 
-1.93787 -1.50909 0.851333 
-1.93425 -1.55622 0.89722 
-1.91573 -1.57894 0.925284 
-1.81286 -1.59264 0.961701 
-1.80301 -1.59194 0.966166 
-1.68574 -1.55851 0.989283 
-1.64002 -1.54 0.989207 
-1.52376 -1.48508 0.978193 
-1.38943 -1.39861 0.954266 
-1.36122 -1.37608 0.94771 
-1.21184 -1.246 0.898136 
-1.19127 -1.22183 0.889505 
-1.08939 -1.08513 0.835125 
-1.04986 -1.03742 0.810038 
-0.980869 -0.9512 0.760835 
-0.885644 -0.821604 0.680538 
-0.874703 -0.795702 0.667287 
-0.818191 -0.675828 0.598825 
-0.790796 -0.616023 0.563071 
-0.762902 -0.533247 0.517565 
-0.750938 -0.477986 0.490586 
-0.724624 -0.376195 0.439988 
-0.716015 -0.355802 0.428361 
-0.697722 -0.253253 0.387664 
-0.680435 -0.217846 0.368851 
-0.643193 -0.15548 0.334252 
-0.632941 -0.0779064 0.318272 
-0.64255 -0.00482838 0.320845 
-0.695557 0.0745483 0.354081 
-0.761374 0.120746 0.394625 
-0.87925 0.203238 0.466932 
-0.907255 0.226446 0.484275 
-1.07261 0.301134 0.577583 
-1.24797 0.37589 0.670537 
-1.42863 0.444146 0.758599 
-1.54028 0.480437 0.80854 
-1.60688 0.502799 0.836612 
-1.76701 0.535888 0.896582 
-1.94909 0.693638 0.961943 
-1.98246 0.723914 0.973295 
-2.20588 0.92019 1.04306 
-2.27287 0.988002 1.06327 
-2.41234 1.16404 1.10405 
-2.42897 1.18109 1.10775 
-2.54698 1.31357 1.12409 
-2.56094 1.33032 1.12359 
-2.60202 1.39376 1.09995 
-2.78671 1.40931 0.927893 
-2.82225 1.42331 0.897524 
-2.83386 1.40869 0.859792 
-2.88676 1.39215 0.842941 
-2.89496 1.38101 0.834778 
-2.89636 1.30983 0.79431 
-2.89313 1.294 0.786951 
-2.87638 1.19544 0.751969 
-2.8629 1.17178 0.742595 
-2.79081 1.05942 0.700561 
-2.71869 0.957992 0.665318 
-2.67849 0.911321 0.648019 
-2.61336 0.78545 0.617396 
-2.5236 0.644532 0.581055 
-2.4582 0.507341 0.554981 
-2.451 0.497846 0.552352 
-2.35687 0.359233 0.51835 
-2.33424 0.223601 0.508558 
-2.29987 0.0824712 0.495553 
-2.23718 -0.0491097 0.473691 
-2.29128 -0.205585 0.492068 
-2.29464 -0.351408 0.494684 
-2.28189 -0.48515 0.493204 
-2.3163 -0.643227 0.512211 
-2.31859 -0.654088 0.513649 
-2.31359 -0.80112 0.522589 
-2.29596 -0.947226 0.532597 
-2.29245 -0.996095 0.538138 
-2.26 -1.0958 0.544223 
-2.22834 -1.18983 0.553645 
-2.20028 -1.27075 0.565022 
-2.16221 -1.32028 0.568707 
-2.15398 -1.43794 0.604151 
-2.11317 -1.53361 0.634808 
-2.04682 -1.60428 0.661719 
-2.03522 -1.62634 0.676126 
-1.9833 -1.65496 0.698804 
-1.85364 -1.65536 0.711369 
-1.8389 -1.65269 0.713144 
-1.69941 -1.61082 0.71226 
-1.54886 -1.54485 0.694832 
-1.5226 -1.53033 0.691063 
-1.34519 -1.42321 0.654617 
-1.25801 -1.34827 0.632817 
-1.18571 -1.27787 0.610392 
-1.09384 -1.16845 0.574714 
-1.05063 -1.10967 0.554295 
-0.934165 -0.964194 0.492412 
-0.925042 -0.94773 0.486135 
-0.895287 -0.817985 0.447071 
-0.872453 -0.76012 0.424711 
-0.841443 -0.659915 0.387289 
-0.821995 -0.591657 0.361782 
-0.781649 -0.505764 0.323611 
-0.759461 -0.464211 0.3043 
-0.716971 -0.368957 0.264947 
-0.703837 -0.330744 0.251846 
-0.675496 -0.262959 0.228775 
-0.674843 -0.181027 0.220946 
-0.717221 -0.105338 0.239808 
-0.732743 -0.0250593 0.253203 
-0.803694 0.0647122 0.29792 
-0.829722 0.0824239 0.312173 
-0.984391 0.14849 0.387486 
-1.14597 0.170991 0.453529 
-1.22685 0.182444 0.485053 
-1.3062 0.195269 0.514902 
-1.48055 0.271625 0.581159 
-1.64611 0.330028 0.633451 
-1.8017 0.382002 0.67311 
-1.96533 0.519428 0.723567 
-2.05047 0.595388 0.749886 
-2.23793 0.783444 0.812508 
-2.36735 0.911906 0.854306 
-2.47071 1.01535 0.88646 
-2.62705 1.17548 0.930625 
-2.65687 1.2066 0.937825 
-2.75904 1.33649 0.955344 
-2.76734 1.34668 0.95527 
-2.79081 1.40723 0.932687 
-2.75207 1.37065 0.690753 
-2.72015 1.3518 0.650421 
-2.80883 1.36733 0.650359 
-2.85937 1.36681 0.6446 
-2.92722 1.34181 0.628182 
-2.93746 1.3322 0.623837 
-2.96474 1.27606 0.603462 
-2.95359 1.22958 0.58695 
-2.91376 1.16214 0.562735 
-2.87471 1.05548 0.534011 
-2.84869 1.02197 0.523408 
-2.75323 0.906285 0.4881 
-2.66937 0.773908 0.455715 
-2.60226 0.643395 0.429297 
-2.59397 0.633147 0.426755 
-2.48604 0.492498 0.394168 
-2.44966 0.35989 0.377527 
-2.40482 0.219062 0.360568 
-2.33067 0.0788689 0.339397 
-2.31048 -0.0589027 0.330298 
-2.34294 -0.211256 0.333173 
-2.3739 -0.37244 0.338018 
-2.35973 -0.50949 0.3352 
-2.36121 -0.655799 0.338107 
-2.37331 -0.731415 0.343014 
-2.37854 -0.823798 0.348028 
-2.33686 -0.947063 0.347134 
-2.31279 -1.06232 0.351854 
-2.30139 -1.09386 0.35274 
-2.21018 -1.19597 0.348544 
-2.18621 -1.23154 0.349152 
-2.09397 -1.31661 0.347455 
-2.07058 -1.32882 0.346157 
-2.03834 -1.42868 0.358047 
-1.98675 -1.50994 0.367505 
-1.93934 -1.58358 0.379549 
-1.93781 -1.61302 0.387291 
-1.90756 -1.65683 0.398902 
-1.78722 -1.66372 0.39742 
-1.75049 -1.66198 0.397548 
-1.65475 -1.63926 0.392316 
-1.48693 -1.56671 0.372402 
-1.47102 -1.55777 0.370569 
-1.32206 -1.45798 0.347246 
-1.26868 -1.41579 0.336663 
-1.15725 -1.31675 0.310945 
-1.07645 -1.23091 0.288628 
-1.0139 -1.14402 0.267051 
-0.974817 -1.08025 0.251046 
-0.911657 -0.939527 0.216588 
-0.908927 -0.933262 0.215007 
-0.857297 -0.791349 0.180187 
-0.838524 -0.733102 0.166253 
-0.811412 -0.644832 0.145828 
-0.808381 -0.531307 0.12849 
-0.807133 -0.526067 0.127555 
-0.782586 -0.412164 0.110666 
-0.768142 -0.356863 0.104286 
-0.745733 -0.302872 0.0977264 
-0.718014 -0.210971 0.0950245 
-0.714982 -0.186158 0.0970435 
-0.70575 -0.131045 0.103233 
-0.717375 -0.0559213 0.124441 
-0.745222 -0.0167283 0.144044 
-0.827907 0.0347871 0.183556 
-0.890928 0.0602242 0.20853 
-1.05089 0.101455 0.260751 
-1.10131 0.101672 0.272158 
-1.21043 0.103341 0.295849 
-1.3711 0.126203 0.331911 
-1.52287 0.147442 0.359463 
-1.54388 0.145537 0.361411 
-1.64682 0.141242 0.370263 
-1.82178 0.272702 0.417545 
-1.88489 0.322555 0.434722 
-2.14456 0.553849 0.514235 
-2.22534 0.631427 0.541495 
-2.38938 0.790806 0.597718 
-2.55474 0.980158 0.665012 
-2.61587 1.04248 0.685103 
-2.72139 1.15928 0.719677 
-2.78547 1.27463 0.744982 
-2.79646 1.28683 0.746478 
-2.84625 1.36907 0.742005 
-2.84489 1.37361 0.739436 
-2.76663 1.37468 0.696858 
-2.68431 1.30889 0.461834 
-2.67297 1.28938 0.434392 
-2.76599 1.28711 0.42045 
-2.78476 1.28578 0.41869 
-2.89297 1.26644 0.40933 
-2.89846 1.25547 0.405324 
-2.90609 1.19376 0.385827 
-2.88622 1.12679 0.367104 
-2.86163 1.09092 0.357131 
-2.85008 1.00162 0.33716 
-2.79479 0.887236 0.311542 
-2.73072 0.807664 0.293481 
-2.6752 0.743798 0.279443 
-2.60143 0.614938 0.254986 
-2.51334 0.477059 0.230794 
-2.43021 0.33957 0.209483 
-2.40201 0.207353 0.19446 
-2.38019 0.0692756 0.181812 
-2.36537 -0.0709555 0.171952 
-2.35452 -0.211178 0.164638 
-2.3418 -0.348274 0.159304 
-2.33098 -0.482062 0.155899 
-2.36042 -0.64154 0.15669 
-2.39602 -0.785539 0.159431 
-2.40362 -0.829025 0.160272 
-2.37433 -0.967827 0.160333 
-2.37374 -1.07473 0.162192 
-2.35921 -1.15026 0.162832 
-2.29307 -1.26213 0.161291 
-2.27411 -1.28231 0.160585 
-2.15682 -1.37298 0.155121 
-2.1337 -1.4035 0.154048 
-2.06578 -1.45601 0.150022 
-2.00686 -1.53588 0.145706 
-1.95594 -1.60912 0.140449 
-1.953 -1.63797 0.139283 
-1.91936 -1.67988 0.133892 
-1.80525 -1.68943 0.119022 
-1.7937 -1.68949 0.1171 
-1.66768 -1.65747 0.0982029 
-1.57137 -1.61475 0.0831625 
-1.49861 -1.57383 0.0709292 
-1.31554 -1.453 0.0408438 
-1.29773 -1.4381 0.0373369 
-1.14402 -1.30327 0.00852618 
-1.03546 -1.19787 -0.0111502 
-0.988784 -1.1461 -0.0203258 
-0.856773 -0.984572 -0.0459217 
-0.837898 -0.955142 -0.0504736 
-0.752473 -0.818465 -0.0688918 
-0.727031 -0.76837 -0.0750396 
-0.679593 -0.652366 -0.0873799 
-0.66899 -0.628572 -0.0892673 
-0.663057 -0.537408 -0.0958601 
-0.643188 -0.474249 -0.0970312 
-0.626141 -0.428662 -0.0965073 
-0.61884 -0.34925 -0.091091 
-0.602102 -0.31663 -0.0880686 
-0.570465 -0.26054 -0.0811088 
-0.529668 -0.203966 -0.0720752 
-0.512259 -0.184232 -0.0685208 
-0.459392 -0.122953 -0.0543341 
-0.485529 -0.0796995 -0.0319052 
-0.538422 -0.0447599 -0.00654025 
-0.660058 -0.0265558 0.0200482 
-0.800041 -0.00837494 0.0467202 
-0.949782 -0.0237088 0.0548064 
-1.10519 -0.0150865 0.0706978 
-1.14697 -0.0193722 0.0711922 
-1.25154 -0.0282392 0.0718093 
-1.38975 -0.0349409 0.0713827 
-1.54552 0.00395309 0.0844351 
-1.7335 0.0966718 0.112418 
-1.98389 0.304725 0.1822 
-2.06837 0.378643 0.208054 
-2.2542 0.54789 0.269622 
-2.49929 0.771209 0.351489 
-2.51072 0.781139 0.354971 
-2.6685 0.961563 0.425867 
-2.828 1.13533 0.484291 
-2.8478 1.1552 0.489851 
-2.93682 1.27393 0.520196 
-2.95588 1.32381 0.527684 
-2.94879 1.35161 0.527078 
-2.87102 1.36115 0.510151 
-2.84494 1.35709 0.503673 
-2.55292 1.22167 0.25099 
-2.57503 1.2078 0.234135 
-2.5926 1.21085 0.233435 
-2.75614 1.22744 0.225541 
-2.77409 1.2238 0.222893 
-2.83218 1.19308 0.209406 
-2.85121 1.14957 0.196028 
-2.84079 1.12233 0.189098 
-2.82651 1.03798 0.168607 
-2.84104 0.961831 0.14995 
-2.80218 0.901905 0.137912 
-2.75295 0.837308 0.125842 
-2.69033 0.71972 0.103697 
-2.6014 0.588937 0.082329 
-2.50919 0.454267 0.0631166 
-2.4724 0.32797 0.0447192 
-2.43853 0.195021 0.0281484 
-2.41116 0.0568746 0.013952 
-2.39094 -0.082817 0.00260852 
-2.37477 -0.221966 -0.0058731 
-2.36752 -0.362363 -0.0126069 
-2.40574 -0.527681 -0.0219499 
-2.4089 -0.67919 -0.0267648 
-2.42403 -0.74082 -0.0298724 
-2.44026 -0.868895 -0.035324 
-2.41718 -1.02561 -0.0393248 
-2.41624 -1.04732 -0.0402881 
-2.36908 -1.18065 -0.0443913 
-2.32054 -1.25696 -0.0471914 
-2.274 -1.31167 -0.0499371 
-2.19334 -1.38054 -0.0549985 
-2.11848 -1.42827 -0.0606006 
-2.04833 -1.44846 -0.0641962 
-1.98934 -1.52823 -0.0815168 
-1.93866 -1.6013 -0.104129 
-1.93578 -1.62986 -0.114217 
-1.90236 -1.67098 -0.136527 
-1.78871 -1.6793 -0.167946 
-1.7772 -1.67906 -0.172508 
-1.65155 -1.64488 -0.204572 
-1.55542 -1.60049 -0.22496 
-1.48273 -1.55811 -0.240157 
-1.29735 -1.43781 -0.264839 
-1.24698 -1.39667 -0.272742 
-1.12533 -1.2881 -0.288652 
-1.02552 -1.17988 -0.301988 
-0.972324 -1.11593 -0.307865 
-0.853929 -0.961714 -0.314531 
-0.841782 -0.943942 -0.314867 
-0.740783 -0.776466 -0.313027 
-0.737992 -0.771302 -0.312798 
-0.651027 -0.623266 -0.297223 
-0.639193 -0.600268 -0.294066 
-0.581292 -0.48624 -0.273455 
-0.570743 -0.466472 -0.26887 
-0.548139 -0.383637 -0.25046 
-0.531782 -0.342685 -0.237941 
-0.514326 -0.304528 -0.224512 
-0.463235 -0.2373 -0.195588 
-0.450694 -0.224103 -0.189281 
-0.411594 -0.16775 -0.16142 
-0.383831 -0.140366 -0.146142 
-0.357635 -0.116213 -0.131831 
-0.380274 -0.100459 -0.122304 
-0.406645 -0.0904938 -0.11553 
-0.471142 -0.0804557 -0.107804 
-0.567907 -0.104367 -0.123663 
-0.587786 -0.110483 -0.127749 
-0.715037 -0.11931 -0.134918 
-0.856042 -0.111053 -0.13483 
-1.00645 -0.108175 -0.143511 
-1.16049 -0.107332 -0.158831 
-1.22715 -0.124814 -0.177377 
-1.2896 -0.145685 -0.197166 
-1.43597 -0.136427 -0.211697 
-1.63994 0.00320553 -0.168509 
-1.69273 0.0409421 -0.156567 
-1.97225 0.255613 -0.0842223 
-2.02709 0.299236 -0.068945 
-2.27115 0.499964 0.00382832 
-2.43538 0.637886 0.0544159 
-2.55957 0.740208 0.0904512 
-2.75656 0.935815 0.167019 
-2.82016 0.99499 0.187403 
-2.94328 1.12154 0.230456 
-3.03605 1.22329 0.260651 
-3.07548 1.27303 0.273526 
-3.04064 1.33417 0.294349 
-3.03286 1.33865 0.29517 
-2.91157 1.33607 0.292505 
-2.79886 1.30934 0.283018 
-2.67762 1.26987 0.267937 
-2.25897 1.08726 0.0841778 
-2.2831 1.08202 0.0730766 
-2.30662 1.08875 0.0720537 
-2.47179 1.11957 0.0595317 
-2.48238 1.11921 0.058009 
-2.65267 1.14133 0.0447903 
-2.70865 1.12264 0.0330524 
-2.72071 1.1061 0.0271898 
-2.75795 1.05223 0.00883871 
-2.77438 0.984171 -0.0106836 
-2.77051 0.977749 -0.0118318 
-2.70557 0.87662 -0.0288633 
-2.72756 0.798978 -0.0521606 
-2.6507 0.679898 -0.0706533 
-2.56012 0.55363 -0.0866727 
-2.52253 0.435957 -0.107372 
-2.48106 0.310457 -0.126428 
-2.44202 0.179103 -0.143373 
-2.40888 0.0433659 -0.15783 
-2.38232 -0.093149 -0.169286 
-2.3593 -0.228407 -0.177507 
-2.34486 -0.36425 -0.184794 
-2.37578 -0.524007 -0.201813 
-2.3714 -0.669505 -0.209679 
-2.38566 -0.726116 -0.216737 
-2.39657 -0.853205 -0.228949 
-2.39419 -1.00304 -0.243238 
-2.39176 -1.03735 -0.246818 
-2.3337 -1.1899 -0.256819 
-2.32282 -1.21755 -0.259759 
-2.23298 -1.33931 -0.271289 
-2.20996 -1.35694 -0.272655 
-2.06043 -1.43541 -0.281817 
-2.05298 -1.44001 -0.283 
-1.93511 -1.48678 -0.298392 
-1.88615 -1.55864 -0.337178 
-1.88467 -1.58707 -0.35585 
-1.85483 -1.6283 -0.394423 
-1.74709 -1.63765 -0.441617 
-1.73636 -1.63748 -0.448704 
-1.61653 -1.60433 -0.493162 
-1.52404 -1.56068 -0.518389 
-1.45393 -1.51876 -0.536137 
-1.27537 -1.39629 -0.56083 
-1.25606 -1.37982 -0.563934 
-1.10659 -1.24309 -0.57764 
-1.05058 -1.17849 -0.583165 
-0.959043 -1.04642 -0.5916 
-0.937638 -1.01483 -0.591219 
-0.855485 -0.861545 -0.585658 
-0.84005 -0.83273 -0.582129 
-0.785555 -0.713511 -0.562649 
-0.753627 -0.623651 -0.541387 
-0.738204 -0.586417 -0.529127 
-0.72348 -0.488745 -0.496153 
-0.696089 -0.418915 -0.459714 
-0.681512 -0.388032 -0.440886 
-0.683161 -0.314946 -0.398339 
-0.746524 -0.273615 -0.382062 
-0.78099 -0.258634 -0.377738 
-0.900438 -0.224158 -0.376309 
-1.05004 -0.224203 -0.411339 
-1.21422 -0.200979 -0.435894 
-1.39336 -0.156626 -0.451892 
-1.61459 -0.0240534 -0.419062 
-1.64952 -0.00117636 -0.412575 
-1.95093 0.195457 -0.358079 
-2.00428 0.234456 -0.345297 
-2.31991 0.465773 -0.269899 
-2.35385 0.490401 -0.262122 
-2.58154 0.696079 -0.178555 
-2.7415 0.828102 -0.132694 
-2.84857 0.920244 -0.100845 
-3.00411 1.09039 -0.0336349 
-3.02347 1.11013 -0.0269859 
-3.09021 1.22238 0.0193954 
-3.06876 1.27709 0.0503037 
-3.05421 1.28779 0.0573492 
-2.89579 1.28401 0.0818469 
-2.73064 1.25014 0.0894819 
-2.67308 1.23398 0.0901705 
-2.37127 1.13168 0.0885311 
-2.77413 1.21713 -0.110371 
-2.67548 1.17643 -0.104173 
-2.50794 1.10119 -0.0953869 
-2.62025 1.09947 -0.116161 
-2.82576 1.12749 -0.14855 
-2.95065 1.10891 -0.181963 
-3.05056 1.07022 -0.220996 
-3.0258 1.01125 -0.234798 
-2.99279 0.959493 -0.243691 
-2.9073 0.834769 -0.263148 
-2.79636 0.731441 -0.265251 
-2.73857 0.681984 -0.264344 
-2.63866 0.551069 -0.276741 
-2.50855 0.412597 -0.278254 
-2.45024 0.287801 -0.293617 
-2.39527 0.160347 -0.306087 
-2.38669 0.151747 -0.305187 
-2.27517 0.0369546 -0.293185 
-2.24132 -0.0835996 -0.301674 
-2.21573 -0.203599 -0.309225 
-2.21565 -0.330981 -0.322556 
-2.23669 -0.396239 -0.335233 
-2.25626 -0.481363 -0.349523 
-2.26146 -0.623899 -0.365237 
-2.28674 -0.717612 -0.384352 
-2.3011 -0.811159 -0.401685 
-2.31452 -0.945454 -0.428743 
-2.31331 -1.01676 -0.442908 
-2.28697 -1.14213 -0.465055 
-2.26093 -1.20074 -0.474109 
-2.2032 -1.29496 -0.490807 
-2.13447 -1.38232 -0.513557 
-2.10579 -1.40249 -0.517841 
-2.02456 -1.48509 -0.557953 
-1.92438 -1.53972 -0.598576 
-1.82284 -1.57211 -0.648815 
-1.77986 -1.57929 -0.676834 
-1.71085 -1.57504 -0.708043 
-1.55648 -1.53333 -0.744736 
-1.47379 -1.49309 -0.777535 
-1.40846 -1.45338 -0.797478 
-1.2389 -1.33626 -0.818681 
-1.22431 -1.32267 -0.821863 
-1.08121 -1.17348 -0.83977 
-1.06701 -1.15711 -0.840192 
-0.998988 -1.0293 -0.855594 
-0.943943 -0.928547 -0.85059 
-0.918498 -0.880472 -0.844201 
-0.826237 -0.729885 -0.799721 
-0.815671 -0.713458 -0.792897 
-0.764585 -0.586723 -0.742142 
-0.73584 -0.532824 -0.710057 
-0.697867 -0.464473 -0.662077 
-0.678395 -0.379477 -0.601758 
-0.6975 -0.31329 -0.556201 
-0.809278 -0.255398 -0.541481 
-0.824426 -0.248991 -0.540652 
-0.985203 -0.225451 -0.577337 
-1.15626 -0.204756 -0.624289 
-1.34114 -0.170066 -0.66545 
-1.53918 -0.118842 -0.696826 
-1.78104 0.0211774 -0.670308 
-1.81987 0.0452449 -0.664729 
-2.12286 0.256461 -0.601179 
-2.1761 0.292776 -0.590734 
-2.48932 0.511728 -0.525622 
-2.55096 0.561487 -0.507352 
-2.74149 0.724052 -0.44472 
-2.90442 0.898424 -0.364759 
-2.94885 0.940925 -0.348113 
-3.0537 1.06444 -0.292951 
-3.06842 1.1646 -0.227139 
-3.07074 1.18613 -0.213802 
-3.03059 1.23202 -0.172753 
-2.96963 1.24852 -0.145974 
-2.90195 1.24476 -0.129635 
-2.37221 1.06064 -0.222072 
-2.46455 1.07658 -0.238795 
-2.48771 1.07832 -0.243676 
-2.50914 1.06135 -0.251982 
-2.51373 1.02767 -0.260633 
-2.68616 1.04006 -0.303458 
-2.72824 1.03253 -0.317787 
-2.78314 1.01091 -0.341167 
-2.84273 0.958513 -0.37885 
-2.94486 0.940196 -0.425734 
-2.98086 0.925681 -0.447891 
-2.95533 0.878185 -0.457682 
-2.9074 0.8068 -0.468331 
-2.79707 0.673758 -0.477483 
-2.67999 0.571841 -0.466924 
-2.62125 0.524257 -0.459611 
-2.51471 0.393087 -0.462138 
-2.38696 0.26211 -0.449932 
-2.31642 0.140256 -0.454413 
-2.30751 0.13218 -0.452707 
-2.19108 0.0247146 -0.430088 
-2.15123 -0.0879679 -0.43575 
-2.11337 -0.198005 -0.438553 
-2.073 -0.303692 -0.437762 
-2.09954 -0.426917 -0.464271 
-2.10162 -0.435517 -0.466252 
-2.05667 -0.536081 -0.462212 
-2.08909 -0.69076 -0.499527 
-2.09705 -0.719296 -0.508054 
-2.11875 -0.877253 -0.552445 
-2.11834 -0.90468 -0.559669 
-2.08825 -1.05349 -0.5959 
-2.08173 -1.06789 -0.598895 
-2.00164 -1.19293 -0.627398 
-1.98908 -1.20488 -0.629817 
-1.88091 -1.27471 -0.643203 
-1.80954 -1.34616 -0.686516 
-1.73372 -1.39981 -0.735888 
-1.65341 -1.43586 -0.79343 
-1.54916 -1.44191 -0.846195 
-1.50501 -1.44095 -0.89119 
-1.4564 -1.42766 -0.924559 
-1.31469 -1.36274 -0.960109 
-1.27437 -1.33745 -0.972189 
-1.1702 -1.26272 -0.989665 
-1.08665 -1.18561 -1.00349 
-1.03039 -1.12151 -1.01234 
-0.970482 -1.04489 -1.01528 
-0.938723 -0.946103 -1.03718 
-0.908067 -0.88222 -1.03247 
-0.87877 -0.817152 -1.02189 
-0.811605 -0.681352 -0.973917 
-0.796754 -0.651078 -0.959165 
-0.750134 -0.555093 -0.90194 
-0.724441 -0.458192 -0.837406 
-0.751841 -0.386907 -0.798474 
-0.871789 -0.353535 -0.825405 
-1.02889 -0.34759 -0.891175 
-1.19134 -0.34973 -0.961348 
-1.28956 -0.319042 -0.975886 
-1.3932 -0.280815 -0.985524 
-1.62465 -0.176896 -0.989218 
-1.7208 -0.112928 -0.974172 
-1.95357 0.0536437 -0.925933 
-2.00742 0.0919623 -0.914488 
-2.30303 0.308988 -0.844563 
-2.3383 0.334516 -0.836433 
-2.58476 0.525483 -0.768986 
-2.73424 0.647123 -0.723542 
-2.84099 0.735306 -0.690315 
-2.96807 0.891876 -0.608113 
-3.0288 1.0168 -0.527683 
-3.03218 1.0242 -0.522901 
-3.03505 1.11273 -0.451327 
-2.92427 1.14806 -0.378199 
-2.77931 1.15278 -0.316278 
-2.76768 1.15169 -0.312454 
-2.53414 1.10636 -0.253592 
-2.22109 0.970461 -0.341032 
-2.25315 0.97105 -0.345181 
-2.30641 0.973862 -0.358292 
-2.32528 0.967165 -0.364206 
-2.26503 0.914238 -0.355481 
-2.2681 0.900067 -0.359387 
-2.41612 0.905328 -0.406317 
-2.61049 0.919584 -0.474222 
-2.73022 0.919886 -0.525034 
-2.78804 0.914011 -0.554489 
-2.86663 0.859174 -0.621415 
-2.82796 0.755683 -0.653496 
-2.79645 0.724999 -0.650719 
-2.68259 0.618719 -0.638308 
-2.58127 0.4932 -0.642536 
-2.50293 0.418278 -0.632102 
-2.4396 0.360416 -0.621311 
-2.34683 0.238306 -0.618901 
-2.24914 0.119236 -0.606267 
-2.15641 0.00645603 -0.589028 
-2.11182 -0.104853 -0.593058 
-2.06658 -0.212544 -0.592027 
-2.02705 -0.318293 -0.591408 
-2.06756 -0.46294 -0.643129 
-2.07961 -0.509923 -0.6608 
-2.08912 -0.619233 -0.693498 
-2.09421 -0.727517 -0.728914 
-2.0925 -0.79389 -0.751176 
-2.07349 -0.91127 -0.788308 
-2.05349 -0.968705 -0.80402 
-2.00104 -1.0657 -0.828582 
-1.9561 -1.12318 -0.843285 
-1.89767 -1.17758 -0.857226 
-1.78064 -1.24106 -0.869928 
-1.76033 -1.24617 -0.868522 
-1.6361 -1.28371 -0.889314 
-1.49473 -1.28816 -0.896956 
-1.36572 -1.27529 -0.913077 
-1.25222 -1.25113 -0.942086 
-1.12803 -1.20019 -0.956459 
-1.04691 -1.15533 -0.980316 
-1.01827 -1.13638 -0.985344 
-0.890522 -1.03984 -0.972369 
-0.833422 -0.984047 -0.976481 
-0.782272 -0.929067 -0.971943 
-0.726977 -0.856806 -0.968967 
-0.688013 -0.788554 -0.970103 
-0.66802 -0.75556 -0.963187 
-0.664166 -0.69433 -0.984718 
-0.650515 -0.617616 -0.979076 
-0.628396 -0.532248 -0.945325 
-0.625767 -0.525829 -0.941158 
-0.593349 -0.441857 -0.878778 
-0.609254 -0.384859 -0.851664 
-0.657536 -0.370632 -0.870773 
-0.791723 -0.386986 -0.964891 
-0.865664 -0.384908 -1.00421 
-0.945773 -0.376176 -1.03925 
-1.11038 -0.371207 -1.11668 
-1.2853 -0.359376 -1.1833 
-1.48425 -0.305421 -1.21793 
-1.58748 -0.246862 -1.21238 
-1.73326 -0.166728 -1.20337 
-1.95736 -0.0337792 -1.17809 
-2.01186 0.0038144 -1.16791 
-2.22424 0.167185 -1.11532 
-2.41353 0.327866 -1.05525 
-2.45036 0.357934 -1.04402 
-2.57489 0.509825 -0.966113 
-2.68924 0.655879 -0.88347 
-2.81163 0.804661 -0.800463 
-2.86944 0.881674 -0.75513 
-2.90142 0.937874 -0.717291 
-2.88069 1.01915 -0.631343 
-2.84093 1.0567 -0.575914 
-2.80378 1.06814 -0.54622 
-2.62559 1.06172 -0.463188 
-2.38541 1.0145 -0.385958 
-1.24248 0.591296 -0.231325 
-1.28708 0.612815 -0.236396 
-1.29384 0.614963 -0.234106 
-1.36828 0.642979 -0.250155 
-1.55837 0.709099 -0.293113 
-1.60992 0.725171 -0.305302 
-1.86875 0.807116 -0.372944 
-2.10132 0.866163 -0.441585 
-2.29928 0.899483 -0.509517 
-2.47868 0.914434 -0.583723 
-2.48465 0.91297 -0.586791 
-2.55678 0.879979 -0.631576 
-2.62992 0.835909 -0.689755 
-2.61637 0.754861 -0.719653 
-2.60965 0.669217 -0.762888 
-2.56946 0.567716 -0.796771 
-2.56206 0.560146 -0.795896 
-2.45293 0.44572 -0.784085 
-2.3942 0.330974 -0.809865 
-2.31218 0.210977 -0.814395 
-2.20979 0.0933369 -0.791921 
-2.13721 -0.0214688 -0.785064 
-2.0917 -0.1372 -0.793764 
-2.07976 -0.266281 -0.832392 
-2.07624 -0.389097 -0.878251 
-2.07524 -0.412543 -0.887291 
-2.04593 -0.550718 -0.915786 
-2.01427 -0.673112 -0.94302 
-2.00749 -0.694616 -0.947685 
-1.94859 -0.843685 -0.983396 
-1.93685 -0.867703 -0.990386 
-1.85242 -0.988927 -1.01925 
-1.83397 -1.00775 -1.02241 
-1.70714 -1.09531 -1.02692 
-1.69143 -1.10217 -1.0256 
-1.5553 -1.14925 -1.03194 
-1.47779 -1.15549 -1.01941 
-1.37966 -1.14951 -0.996138 
-1.24748 -1.1348 -0.994682 
-1.13941 -1.11141 -1.01391 
-1.04071 -1.07412 -1.04251 
-1.0324 -1.07004 -1.05076 
-0.950034 -1.01798 -1.08306 
-0.896447 -0.97489 -1.0932 
-0.852525 -0.930219 -1.10521 
-0.818156 -0.884421 -1.11909 
-0.76063 -0.801195 -1.12101 
-0.745235 -0.780042 -1.11605 
-0.688364 -0.677378 -1.09529 
-0.667377 -0.625787 -1.08199 
-0.648429 -0.583639 -1.06359 
-0.645027 -0.513204 -1.04859 
-0.65484 -0.447454 -1.02837 
-0.704747 -0.437215 -1.05965 
-0.806056 -0.423966 -1.11857 
-0.850535 -0.416638 -1.14065 
-1.00242 -0.428566 -1.23455 
-1.1636 -0.436737 -1.31541 
-1.3441 -0.403142 -1.36317 
-1.421 -0.355305 -1.36113 
-1.57656 -0.258852 -1.35123 
-1.67525 -0.194253 -1.33989 
-1.84529 -0.0781524 -1.31329 
-1.94278 -0.0130548 -1.29694 
-2.08846 0.139701 -1.23464 
-2.24642 0.269368 -1.18678 
-2.2988 0.312801 -1.17002 
-2.46306 0.470793 -1.098 
-2.57733 0.609983 -1.01936 
-2.6347 0.687273 -0.971364 
-2.66554 0.738408 -0.935764 
-2.62973 0.812801 -0.843306 
-2.61212 0.827111 -0.819128 
-2.53988 0.858939 -0.745748 
-2.40488 0.87791 -0.647632 
-2.22075 0.865895 -0.550765 
-1.99967 0.825549 -0.459165 
-1.75278 0.761113 -0.374656 
-1.49301 0.678431 -0.298693 
-1.26331 0.597917 -0.237545 
-2.02534 0.799336 -0.568817 
-1.95398 0.779531 -0.527343 
-2.06808 0.789576 -0.572836 
-2.1484 0.786474 -0.610572 
-2.17344 0.778806 -0.62448 
-2.26696 0.756749 -0.682307 
-2.31102 0.709928 -0.727403 
-2.30089 0.669527 -0.739004 
-2.28146 0.633975 -0.74328 
-2.25951 0.555879 -0.769542 
-2.22895 0.47086 -0.796496 
-2.13671 0.369885 -0.786113 
-2.08059 0.27334 -0.79888 
-2.02853 0.174905 -0.813071 
-1.97367 0.0746843 -0.821549 
-1.92566 -0.0268074 -0.831267 
-1.89351 -0.131376 -0.852003 
-1.89191 -0.253479 -0.911265 
-1.89384 -0.267599 -0.921166 
-1.89268 -0.404866 -1.0073 
-1.88938 -0.429107 -1.02113 
-1.85494 -0.565123 -1.09195 
-1.84565 -0.590108 -1.10385 
-1.77875 -0.721144 -1.1552 
-1.76415 -0.743262 -1.16262 
-1.66334 -0.859985 -1.19254 
-1.65093 -0.871031 -1.19409 
-1.51767 -0.957332 -1.20123 
-1.50275 -0.963974 -1.19866 
-1.34951 -1.00372 -1.15997 
-1.30547 -1.00731 -1.15473 
-1.20417 -1.00389 -1.13406 
-1.08108 -0.980027 -1.1249 
-1.01847 -0.953208 -1.15827 
-0.995545 -0.94059 -1.16638 
-0.926222 -0.879289 -1.20986 
-0.913748 -0.865001 -1.21642 
-0.864773 -0.79631 -1.23723 
-0.826317 -0.731305 -1.24113 
-0.805534 -0.700574 -1.23469 
-0.802526 -0.626411 -1.24684 
-0.853946 -0.565772 -1.27881 
-0.867994 -0.562088 -1.28711 
-1.01981 -0.546033 -1.36575 
-1.08991 -0.523652 -1.38935 
-1.18915 -0.487259 -1.41347 
-1.32656 -0.421494 -1.42935 
-1.37885 -0.384849 -1.42789 
-1.48301 -0.29293 -1.41221 
-1.62955 -0.17635 -1.38713 
-1.66702 -0.149161 -1.38091 
-1.80964 -0.0100302 -1.33406 
-1.90244 0.11472 -1.27423 
-2.05458 0.248973 -1.21975 
-2.06528 0.258525 -1.21569 
-2.19159 0.390764 -1.14841 
-2.28705 0.511756 -1.07403 
-2.33257 0.613126 -0.991121 
-2.35853 0.65871 -0.955718 
-2.37398 0.709818 -0.907604 
-2.33513 0.770055 -0.815807 
-2.29031 0.806248 -0.743545 
-2.26948 0.812667 -0.721727 
-2.12158 0.811884 -0.623231 
-1.92191 0.689016 -0.68105 
-1.90841 0.683619 -0.65662 
-1.93528 0.676332 -0.669764 
-1.9739 0.655231 -0.695795 
-1.98185 0.643007 -0.703993 
-2.03111 0.605038 -0.752617 
-2.03932 0.548486 -0.786535 
-2.01576 0.506817 -0.790894 
-1.98882 0.471566 -0.789773 
-1.94956 0.394989 -0.804696 
-1.90823 0.314556 -0.821521 
-1.81985 0.225929 -0.801372 
-1.76561 0.141738 -0.805425 
-1.71686 0.0572833 -0.811203 
-1.67258 -0.0277537 -0.817718 
-1.64133 -0.114781 -0.834478 
-1.63774 -0.215934 -0.887983 
-1.6394 -0.227627 -0.897133 
-1.63944 -0.343379 -0.9815 
-1.63775 -0.355759 -0.989898 
-1.6223 -0.45503 -1.07959 
-1.60016 -0.505056 -1.11395 
-1.56534 -0.562593 -1.14849 
-1.50859 -0.623998 -1.22305 
-1.43477 -0.682771 -1.25255 
-1.40695 -0.701052 -1.25885 
-1.30603 -0.736304 -1.29251 
-1.1956 -0.746698 -1.31028 
-1.07912 -0.734447 -1.30796 
-0.965164 -0.690988 -1.29271 
-0.956442 -0.682 -1.29314 
-0.982183 -0.613472 -1.32834 
-0.996316 -0.60891 -1.33506 
-1.13833 -0.547494 -1.38332 
-1.1534 -0.538732 -1.38654 
-1.28738 -0.450083 -1.4008 
-1.32635 -0.415441 -1.40004 
-1.41079 -0.337192 -1.39224 
-1.48323 -0.225763 -1.3696 
-1.59716 -0.112098 -1.33987 
-1.6057 -0.103867 -1.33746 
-1.6986 0.010978 -1.29721 
-1.816 0.13096 -1.2502 
-1.89843 0.239969 -1.19491 
-1.94769 0.335787 -1.12978 
-2.03826 0.439015 -1.06858 
-2.04364 0.445586 -1.06435 
-2.07106 0.52993 -0.98741 
-2.07717 0.602842 -0.90565 
-2.03054 0.650709 -0.816976 
-2.01817 0.664175 -0.790564 
-1.96544 0.685244 -0.722353 
-1.60172 0.550597 -0.633352 
-1.61353 0.548935 -0.639897 
-1.67276 0.527697 -0.681297 
-1.68197 0.519689 -0.690075 
-1.69322 0.489147 -0.709309 
-1.73 0.450123 -0.759595 
-1.70467 0.389822 -0.77262 
-1.68362 0.327183 -0.795112 
-1.67916 0.322636 -0.793986 
-1.60945 0.253329 -0.775872 
-1.57765 0.183819 -0.794099 
-1.50984 0.11155 -0.777313 
-1.44546 0.0421597 -0.759585 
-1.40122 -0.0262859 -0.758171 
-1.39099 -0.101182 -0.793459 
-1.40207 -0.144475 -0.835118 
-1.41877 -0.20593 -0.907961 
-1.42015 -0.224371 -0.928665 
-1.43126 -0.272462 -1.02273 
-1.42491 -0.29701 -1.1112 
-1.42782 -0.287669 -1.13305 
-1.44308 -0.222101 -1.19186 
-1.44439 -0.217397 -1.19377 
-1.46603 -0.142376 -1.21067 
-1.52947 -0.047647 -1.19395 
-1.59043 0.0449464 -1.17092 
-1.65102 0.136063 -1.13889 
-1.70609 0.224257 -1.09768 
-1.74847 0.30624 -1.04756 
-1.76712 0.378038 -0.988369 
-1.79606 0.447826 -0.924062 
-1.79702 0.452319 -0.919181 
-1.77188 0.502614 -0.8441 
-1.723 0.539667 -0.760695 
-1.68683 0.551987 -0.712756 
-1.62737 0.553604 -0.653514 
