-0.217302 0.430201 0.219068 
-0.323382 0.308376 0.0564477 
-0.000538245 0.0848075 0.323179 
0.180241 -0.0305458 -0.114965 
0.173754 0.204832 0.268056 
-0.342735 0.242939 0.338918 
0.0974784 0.130149 -0.0881298 
-0.0733185 -0.611862 0.690246 
0.563721 -0.0496207 0.176329 
-0.0356568 0.231095 0.398915 
0.677293 -0.350242 0.355677 
-0.372668 -0.383704 0.781053 
-0.0679067 0.0404109 0.273012 
0.125448 0.173027 0.431143 
-0.365239 0.193997 0.386217 
-0.208095 0.517067 -0.238781 
-0.41558 -0.0524991 0.0622902 
-0.309931 0.174648 -0.330378 
-0.381208 -0.00639136 0.458947 
0.10127 0.104571 0.427649 
0.0775165 0.216632 0.476867 
-0.3092 -0.136576 0.274228 
-0.210563 -0.305943 -0.365344 
0.347718 0.0608267 0.508641 
0.10064 0.400017 0.209901 
-0.302205 0.0073765 0.0265266 
-0.0148167 0.190376 0.435606 
-0.181078 -0.450591 0.542574 
-0.282303 0.0557878 0.323325 
-0.289718 0.090797 0.301366 
0.101801 0.483576 0.289511 
-0.497041 -0.181383 0.753045 
-0.320843 0.0487629 -0.297895 
-0.0920233 0.322786 0.448974 
0.0547367 -0.0324091 -0.0602778 
-0.104972 -0.0922276 0.151937 
-0.130709 0.507948 -0.169618 
-0.312633 -0.260707 0.497337 
0.0283975 -0.0469919 0.147375 
0.225828 0.0892713 -0.0909447 
-0.299404 0.0554942 -0.0129936 
0.518549 -0.376124 -0.151356 
0.0655676 0.252608 0.383662 
-0.351361 -0.265977 -0.39334 
0.113976 0.383644 0.204502 
0.0868152 0.408853 0.378698 
-0.28822 0.172067 0.114099 
-0.200644 0.537179 -0.279377 
-0.117738 0.574528 -0.122367 
0.0768122 -0.133005 -0.0418293 
-0.325559 0.248983 -0.215071 
-0.270631 -0.103222 0.238446 
-0.283017 0.390228 -0.28999 
0.608779 -0.296833 0.350941 
-0.252193 0.0965005 0.00300787 
0.0127139 0.445643 0.374223 
-0.313097 0.105377 -0.149658 
-0.0325332 0.3134 0.448419 
-0.309141 0.147633 -0.271485 
0.428232 0.0163447 0.553004 
-0.0101904 -0.150381 -0.121144 
-0.0715904 0.521471 0.170442 
-0.465769 -0.117421 0.595068 
-0.00705514 -0.0605265 0.13642 
-0.121753 -0.216861 0.048864 
-0.179478 0.526638 -0.241177 
-0.358296 -0.0222488 0.402658 
0.177323 0.136307 0.429506 
-0.114171 0.0308393 0.27273 
-0.120684 -0.133155 -0.217687 
-0.382031 0.225419 0.362082 
0.518097 -0.233344 0.300781 
0.083735 0.264653 0.374821 
-0.289718 0.158399 -0.26466 
0.15153 0.306546 0.351403 
-0.389533 -0.0378597 0.471217 
0.0389291 0.224328 -0.0974608 
-0.30784 0.352695 -0.310277 
-0.584615 -0.205378 0.490015 
-0.235691 -0.104191 0.100762 
-0.174088 -0.0983768 -0.281587 
0.0343843 0.233461 0.461431 
-0.276623 0.257399 0.385048 
-0.307544 0.264217 -0.239355 
-0.202491 -0.303822 -0.77394 
-0.382036 0.00550715 0.467506 
-0.278666 0.256887 -0.448375 
0.204083 0.108462 0.508142 
-0.0549818 -0.29557 -0.182626 
0.460633 -0.11861 0.419265 
0.040015 0.292566 0.481411 
-0.116757 -0.148826 0.102328 
-0.0848826 0.241967 0.412306 
-0.0941388 -0.130554 -0.0398575 
-0.323487 -0.290166 -0.0381211 
0.318973 -0.0409373 0.361504 
0.222061 -0.0667153 -0.118313 
0.645638 -0.296811 0.429498 
0.00664811 -0.00904364 0.210028 
-0.443789 -0.215834 0.694032 
-0.255684 -0.299706 0.41909 
0.578502 -0.054441 0.191505 
0.106288 0.305271 0.46262 
-0.308172 0.141509 0.0232723 
-0.534266 -0.231343 0.790442 
0.0349841 0.179095 0.454086 
-0.490061 0.0409988 0.0991243 
-0.326864 -0.0534619 -0.23452 
-0.234216 -0.20157 0.292825 
-0.315038 0.331691 -0.276061 
-0.262578 0.191749 -0.37296 
-0.0207617 0.173225 -0.113407 
-0.23538 -0.528511 0.77055 
-0.00843121 -0.245775 -0.102314 
0.0803968 0.381984 0.390899 
-0.307242 -0.106924 0.201522 
-0.255994 0.379738 0.366114 
0.583787 0.0148435 0.439814 
0.0385475 0.161914 0.443788 
-0.241824 -0.463159 0.688102 
0.0430643 0.533877 0.222761 
0.112663 -0.0980733 0.0465235 
0.315318 0.0195135 0.421151 
0.145539 0.252759 -0.0347721 
-0.11492 -0.463634 0.584398 
-0.395777 0.177573 -0.0119258 
-0.280267 0.105095 0.213964 
-0.29232 0.1428 0.170212 
0.146939 0.247834 0.408656 
0.0743573 0.289896 0.407524 
-0.351153 0.0583738 0.193634 
-0.210211 0.417052 0.355449 
-0.125365 0.449749 0.352963 
0.117991 0.250201 -0.0592013 
-0.120327 0.441035 -0.163651 
-0.0268704 0.100298 -0.0683291 
-0.0443052 0.28504 0.450027 
-0.148794 -0.00665097 0.251327 
-0.198006 0.523148 -0.274682 
-0.10097 0.183985 0.36255 
0.138113 -0.126652 -0.0326772 
-0.552258 -0.137619 0.759422 
-0.143795 0.274374 0.427786 
-0.233457 0.130216 -0.137118 
0.332092 -0.0266633 0.394169 
-0.0595793 -0.162673 0.0165277 
0.216295 0.24729 0.186192 
-0.59743 -0.174156 0.703187 
0.127276 0.320551 0.0173419 
-0.442206 -0.0762309 0.536191 
-0.12899 -0.0566647 0.158519 
-0.374028 -0.00987653 0.379743 
-0.286549 0.390101 -0.356237 
-0.1897 -0.235407 0.0934764 
-0.0245547 0.167089 0.403115 
0.27427 -0.0684883 -0.0500714 
-0.310917 0.181413 -0.0510062 
-0.373235 -0.098625 0.437893 
-0.276305 -0.164738 0.225104 
-0.318418 0.330989 0.147016 
0.119808 0.26625 0.339724 
-0.228316 -0.0375597 0.263872 
-0.327156 0.294072 0.243814 
0.0516505 0.290508 0.422755 
-0.343864 -0.302633 0.63549 
-0.254368 0.0299842 -0.191994 
-0.130673 -0.130566 -0.108286 
-0.298968 -0.0855385 0.441243 
0.110114 -0.0399022 0.144865 
-0.0719022 0.2459 0.409071 
-0.212547 0.0762708 0.0403653 
0.354076 -0.151345 0.264711 
-0.296769 0.302695 0.418819 
-0.175714 0.533939 -0.156167 
-0.288067 -0.145991 0.0572733 
0.0271511 0.278439 0.405114 
0.0041154 -0.0939854 0.0422842 
-0.167465 0.0408366 0.0262295 
0.588848 -0.275202 0.319807 
-0.113353 0.0691968 -0.00768127 
-0.448561 -0.13667 -0.334699 
-0.148272 -0.0621848 0.20375 
0.673075 -0.106017 0.362146 
-0.298634 -0.144941 0.256493 
-0.258723 -0.264188 0.372964 
0.199314 0.109996 0.404535 
-0.027663 0.13918 0.382609 
0.0051202 -0.266996 -0.143226 
-0.199807 -0.121439 0.322044 
-0.0914109 0.242323 0.418621 
-0.307098 0.19893 0.0057047 
0.193212 0.21734 0.524291 
0.134743 0.316635 0.34702 
0.0995687 0.428941 0.168406 
0.00359645 -0.227861 -0.0875725 
-0.466172 0.0383477 -0.144343 
-0.392603 -0.123293 0.0195488 
-0.437786 0.0957031 -0.241277 
-0.267285 0.107345 -0.0321526 
0.035212 0.207686 0.401435 
0.139808 0.382265 0.341449 
0.335923 0.204046 0.361838 
-0.343329 0.0213748 0.282892 
-0.332455 0.305546 0.176804 
-0.367061 0.137868 0.0380065 
0.0675647 0.428401 0.374365 
-0.0234789 0.286782 0.475968 
-0.271522 0.279387 0.414907 
-0.239642 0.160998 -0.260803 
-0.138411 0.337653 0.456883 
0.121684 0.0166615 0.287493 
-0.110964 -0.0966843 0.0694614 
0.276205 0.00268776 -0.0824621 
0.297629 0.162069 0.423244 
-0.417512 0.17356 -0.132567 
-0.315215 0.098468 -0.120739 
-0.45975 -0.0156774 -0.0166126 
-0.212542 0.139553 -0.175565 
-0.349432 0.177845 0.398361 
0.366754 -0.0283455 0.418088 
-0.076462 0.563053 -0.0787224 
-0.299297 0.343902 0.316531 
-0.310565 0.0444196 -0.00611812 
-0.0641908 0.120714 -0.0704971 
-0.285468 0.396656 -0.257709 
0.0297788 -0.0765991 -0.0261141 
-0.367607 -0.260258 0.276213 
-0.0260127 0.213096 0.438198 
-0.370033 -0.0382969 0.438528 
-0.402448 -0.0625574 0.504835 
-0.149467 -0.0809595 -0.247487 
0.14933 0.313509 0.424204 
-0.329747 -0.0943588 0.276697 
-0.145452 0.568384 -0.191465 
-0.329847 0.167167 0.301948 
0.00142334 0.258759 0.460557 
-0.353732 0.17511 0.398586 
-0.422213 -0.261135 -0.0131176 
-0.314929 0.115475 -0.126621 
-0.368534 -0.0081794 0.332313 
0.0796954 -0.128699 -0.00724443 
0.533596 -0.0215721 0.167833 
-0.0406958 0.284136 0.469958 
-0.287264 0.378182 -0.315507 
0.302639 -0.0738632 0.057542 
-0.31922 0.334575 0.021333 
0.355841 0.0300083 0.127208 
-0.146994 0.331527 0.440214 
-0.329707 0.150705 -0.109254 
-0.15307 0.449616 -0.20071 
0.730277 -0.398713 0.369729 
-0.400487 -0.101724 0.278248 
-0.0154806 -0.0556474 0.0705308 
-0.149568 0.4636 0.276602 
-0.262338 0.445169 -0.274293 
0.1188 0.395925 0.239901 
-0.308606 0.359816 0.0828898 
-0.299972 0.260317 0.39176 
-0.329614 0.26897 -0.204658 
-0.421422 -0.0589692 0.0765225 
-0.186449 0.00420717 0.275436 
-0.159237 0.164378 -0.224793 
-0.357626 -0.359129 0.693594 
-0.445118 -0.0346398 0.0294473 
0.0446652 0.445094 0.369144 
-0.110966 0.565814 -0.0771262 
-0.414826 0.193819 0.0518647 
0.271306 -0.122437 0.193541 
-0.507892 0.0290988 0.0896636 
0.199225 0.199044 -0.0262584 
0.575699 -0.0453116 0.284184 
-0.219404 -0.096776 0.348749 
-0.116014 0.396574 -0.164228 
-0.048685 0.534894 0.159912 
-0.222702 -0.114359 0.263534 
0.565151 -0.147997 0.463624 
-0.318522 0.290232 0.0353514 
-0.377267 0.188293 0.331049 
-0.214871 0.23177 -0.37158 
-0.518396 1.24168e-05 0.110153 
0.0973159 0.390898 0.0736766 
-0.403889 0.127341 -0.289235 
0.123692 -0.108863 0.016104 
0.0821337 0.194973 0.347135 
9.35954e-05 0.250736 -0.120053 
-0.159027 -0.111396 -0.260944 
0.459139 -0.142236 0.395575 
0.037639 0.162589 -0.0827915 
0.00760244 0.158738 -0.111375 
-0.460791 -0.233295 0.239823 
-0.0351011 0.378837 -0.10942 
0.348735 -0.302382 -0.208568 
-0.273932 -0.224219 -0.623376 
-0.337744 -0.0285032 -0.285781 
-0.403753 -0.078174 0.48047 
-0.281991 -0.290528 0.50597 
-0.469144 -0.171423 0.707774 
-0.32314 0.171789 -0.143073 
-0.402228 -0.308648 0.59605 
-0.240491 -0.264069 -0.804559 
-0.131453 0.569215 -0.166872 
0.29243 0.168968 0.530913 
-0.146915 0.548176 -0.111682 
-0.121822 0.435245 0.379926 
-0.204841 -0.309513 -0.164421 
0.20287 -0.0776588 0.077447 
-0.268604 0.439377 -0.31822 
-0.0708034 -0.10235 -0.137891 
-0.0756597 0.234771 0.42798 
0.130817 0.196735 -0.0892762 
0.116308 0.365358 0.371964 
-0.411588 -0.0103275 0.383511 
-0.476534 -0.0960402 0.0366236 
-0.492757 -0.0830013 -0.0893189 
-0.052549 0.256242 -0.139649 
-0.292881 0.353774 0.212821 
0.151714 0.104919 0.413908 
-0.266776 -0.274669 0.397311 
-0.185596 -0.198063 0.331113 
-0.270115 0.390321 0.186619 
-0.31279 0.0784957 0.310473 
-0.337781 0.245633 0.330376 
-0.404412 -0.0449329 0.491997 
-0.131142 0.571706 -0.151088 
-0.159188 0.54284 -0.133617 
-0.239938 -0.147434 0.273973 
-0.358746 0.076866 -0.287428 
-0.25973 0.45139 -0.302137 
0.239817 0.142039 0.53633 
-0.113376 -0.178815 0.0616349 
-0.311141 0.251496 -0.204448 
-0.0369249 0.266132 0.441057 
0.412584 -0.325737 -0.169162 
0.286274 0.108329 -0.0213029 
-0.423902 -0.107706 -0.393398 
0.758809 -0.443993 0.341634 
0.100639 -0.0650403 0.0581096 
0.410463 -0.0706974 0.481017 
-0.237287 -0.255045 -0.389624 
-0.221065 -0.321226 -0.333269 
-0.432266 -0.248652 0.709467 
0.374699 0.142075 0.240061 
0.10998 0.46025 0.311804 
0.00150432 0.209685 0.388216 
-0.474574 -0.27103 0.483529 
-0.27407 0.0393706 0.135521 
-0.249422 -0.418226 0.644538 
-0.283991 0.307963 0.421666 
-0.26055 0.463797 -0.353856 
-0.351221 0.22682 0.401968 
-0.170623 0.334797 0.436451 
0.594527 -0.33542 0.0533665 
0.151234 0.378044 0.318709 
-0.354022 0.149924 0.277682 
0.495229 -0.153648 0.412672 
0.108437 0.324315 0.413834 
-0.283114 -0.30186 0.479446 
-0.334944 -0.035094 -0.351494 
0.275281 0.0187299 -0.0974152 
0.0132399 0.408132 -0.029584 
0.0147166 0.29023 0.44011 
-0.0200109 -0.146034 -0.128639 
-0.343146 -0.0330235 0.393653 
-0.50197 -0.256053 0.462463 
0.106676 -0.0549445 0.100304 
0.342196 -0.0140546 0.10086 
-0.227378 -0.237587 0.326163 
0.269841 0.144747 -0.00225769 
0.13964 0.165844 0.477809 
-0.598805 -0.180832 0.674295 
-0.013093 0.537425 0.194681 
0.391479 -0.0548396 0.40733 
-0.018812 -0.0686604 -0.00294482 
-0.146853 0.323333 0.436248 
-0.348915 -0.167275 -0.577144 
-0.263344 0.450697 -0.33031 
0.325282 -0.0736626 0.0196714 
-0.0589748 0.312165 0.470086 
-0.0835623 0.579524 -0.0649508 
0.0351804 0.387597 0.402487 
-0.118745 0.539886 -0.149865 
-0.209543 0.509096 -0.18092 
-0.41087 0.202531 0.118994 
-0.287731 0.0310076 0.0780654 
-0.124343 0.280796 -0.161209 
0.237248 0.0134473 0.357089 
0.35371 0.0884681 0.0593807 
-0.381018 -0.0105434 0.422647 
-0.331343 0.0791489 0.00521929 
-0.583166 -0.151793 0.700566 
-0.307904 0.143872 -0.106289 
0.089551 0.435952 0.142381 
-0.353575 0.173987 0.394562 
0.321337 -0.123975 0.277343 
-0.19089 -0.206359 0.322256 
-0.391952 0.183661 0.0936589 
0.467691 0.0473708 0.21253 
-0.323564 0.303456 0.217906 
-0.344554 0.127176 -0.0082004 
-0.33993 0.25773 0.229741 
-0.475317 -0.275426 0.688393 
0.228997 -6.43572e-05 0.165515 
-0.411992 -0.0319761 0.478552 
0.092464 -0.0792757 -0.0798727 
-0.252013 -0.374606 0.555453 
-0.302911 0.0854315 -0.134907 
0.46699 -0.236584 0.1158 
-0.221034 -0.110506 -0.0696838 
-0.427369 -0.0622773 0.0958495 
-0.186806 0.529659 -0.173329 
-0.253909 -0.143193 0.428971 
-0.390235 -0.191651 0.0444268 
-0.309731 0.126225 -0.150058 
0.417927 0.0898366 0.40416 
-0.185182 -0.298056 -0.682634 
-0.359493 0.248486 0.389208 
-0.142592 0.568492 -0.187514 
-0.440534 -0.271406 0.744596 
0.0396524 0.536726 0.111907 
0.205947 0.313129 0.376272 
0.0780283 0.483221 0.145222 
0.236746 0.186931 0.531261 
-0.230409 0.120105 0.0406862 
-0.506809 -0.190087 0.0870214 
-0.0581706 0.0215812 0.249102 
-0.42068 -0.0488865 -0.302498 
-0.30387 0.267796 0.406023 
0.0725146 0.452461 0.113453 
0.139927 0.405558 0.328933 
-0.257144 0.147934 -0.2166 
-0.397703 -0.350044 0.772678 
-0.276166 -0.296456 0.58104 
-0.218795 0.0557576 0.111703 
0.460029 0.00275934 0.552186 
0.0317481 0.249456 -0.110505 
-0.198569 -0.140991 0.299526 
0.528666 -0.084713 0.518643 
-0.346243 0.137056 0.212994 
-0.20814 0.461118 0.0325084 
0.590634 -0.383916 0.0188386 
0.0707995 0.31999 0.444902 
-0.196413 -0.358023 0.4963 
-0.242211 0.1656 0.147508 
-0.186116 -0.0221897 -0.164527 
0.531893 -0.220428 0.332294 
-0.131053 0.569264 -0.13894 
-0.415381 -0.126648 -0.271582 
0.278816 -0.0154874 0.353589 
0.042805 0.196609 0.391621 
-0.303448 0.18742 0.0650969 
-0.346636 0.0568983 -0.32795 
-0.367521 0.0882943 0.419099 
0.0868499 0.173096 0.320143 
-0.470545 -0.195577 0.730136 
-0.372244 -0.0414437 -0.124406 
-0.31578 0.315412 -0.262538 
-0.368215 -0.145762 -0.170437 
-0.293955 -0.0787228 -0.195832 
-0.417114 0.165134 -0.186896 
0.0888524 0.280158 0.491065 
-0.13752 0.327442 0.440071 
-0.00758486 -0.100301 0.0596013 
-0.114752 0.258356 0.425082 
0.088406 0.404043 0.0850607 
-0.299314 0.329698 -0.289932 
-0.407007 0.208306 0.175183 
-0.356927 0.189127 0.357914 
-0.334751 0.0882385 -0.262774 
-0.276562 0.381455 0.21079 
-0.10993 -0.546417 0.634685 
0.543511 -0.224824 0.37805 
0.0245769 0.0680937 0.311567 
-0.0758023 0.505609 0.233998 
0.124826 0.379087 0.36037 
0.197631 0.0237644 -0.108341 
-0.311762 0.316323 0.353405 
-0.330953 -0.188135 -0.0241407 
-0.518413 -0.0797752 0.0503758 
-0.350499 0.211298 0.329049 
0.591731 -0.267651 0.351284 
-0.346243 0.220878 0.384705 
0.0936519 0.28148 -0.0492007 
-0.188444 -0.245994 -0.0441147 
0.0449413 0.170273 0.410199 
0.00827512 -0.619541 0.614964 
-0.0988546 0.530626 -0.123182 
0.438886 -0.116251 0.365821 
-0.415758 -0.146666 0.58663 
0.0800096 0.519499 0.230819 
-0.264412 -0.169256 0.20334 
-0.103463 0.448921 0.363406 
-0.100011 0.0314899 0.270411 
-0.319129 0.0942025 -0.0455759 
-0.210184 -0.254394 0.451771 
0.144635 0.322856 0.283792 
-0.310166 0.226589 -0.381428 
0.297043 0.0134938 -0.0732136 
-0.300716 0.280004 0.416214 
-0.0137169 -0.152582 0.0240169 
0.0468837 0.536933 0.1415 
0.296996 0.074129 0.183909 
0.522759 0.0599364 0.495315 
0.176081 0.0828384 0.393342 
-0.377739 -0.271598 -0.199896 
-0.0475576 0.192807 0.418885 
-0.0413572 -0.0546217 0.151685 
0.0275906 0.107324 0.369942 
-0.395988 0.182629 0.0172811 
-0.310053 0.203962 -0.401965 
0.0078895 0.227601 0.456716 
-0.183897 0.380016 0.422645 
-0.308549 0.354406 -0.300118 
-0.265396 -0.313331 0.462462 
-0.159049 0.173656 -0.200806 
-0.201855 0.0249288 -0.0396503 
-0.32387 0.0612138 0.00217857 
-0.250926 -0.283799 -0.186751 
-0.142652 0.495313 -0.183429 
-0.150372 0.3901 0.425564 
-0.0588671 0.578552 -0.0216055 
-0.243641 0.21981 -0.397561 
-0.286444 -0.0254469 0.0776316 
0.386921 -0.0780793 0.401974 
-0.417613 -0.0161209 0.506342 
-0.294716 0.343232 0.347605 
-0.177744 -0.00498277 0.256987 
0.167509 -0.115313 -0.123345 
-0.366177 -0.360004 0.714117 
0.269839 -0.00877326 -0.103298 
0.0799943 0.192113 0.32701 
-0.351987 0.196283 0.389283 
-0.349695 0.155565 0.396221 
0.0141066 0.0367813 0.277825 
-0.221212 -0.156107 -0.224916 
-0.32146 0.19956 -0.176399 
0.00870615 0.548868 0.0607107 
0.148719 0.392883 0.301105 
-0.311677 -0.126562 0.481288 
0.291808 0.244306 0.370287 
-0.257592 -0.0970367 0.0950881 
0.707882 -0.381333 0.377176 
0.469965 -0.353169 -0.162269 
0.150621 0.147833 0.409118 
-0.211601 0.520113 -0.278036 
-0.37131 -0.160265 0.562502 
-0.475038 -0.013012 0.0190034 
-0.187135 0.1343 0.135201 
0.302231 0.033838 0.447883 
0.461072 -0.155078 0.333319 
0.267574 -0.266846 -0.296878 
0.515682 -0.0753727 0.525035 
-0.449517 -0.302128 0.724107 
-0.340331 0.120347 0.389361 
0.101677 -0.124337 -0.0657982 
-0.313787 0.0821251 -0.0893497 
-0.212794 0.138933 0.109791 
-0.0391775 0.241484 0.42889 
0.397182 -0.0724694 0.441093 
0.08516 0.164195 0.323219 
-0.463108 -0.0138442 0.28565 
-0.363427 0.00401337 -0.304876 
-0.273706 0.0199847 -0.268195 
0.373232 0.0585617 0.528354 
-0.317753 -0.258137 0.538538 
-0.210981 -0.153449 0.282091 
0.117441 0.154197 0.480536 
-0.319706 0.170261 -0.143259 
0.175445 0.308371 0.33844 
-0.309636 0.184078 -0.354259 
0.371257 0.0296376 0.0783738 
0.0448705 0.54492 0.1598 
0.144334 0.298649 0.285272 
-0.250186 -0.00129155 -0.260598 
0.119341 0.0417696 0.335877 
-0.297798 0.389247 -0.329346 
0.422818 -0.127423 0.325996 
-0.326853 -0.0644133 -0.188656 
-0.308842 0.340521 -0.304111 
-0.209007 0.423695 0.328869 
-0.373945 0.185854 0.349514 
0.122242 0.173973 0.49291 
-0.121537 0.559047 -0.0813605 
-0.374454 -0.278607 -0.0829624 
0.368911 0.0790491 0.559284 
-0.160886 -0.546641 0.700109 
0.342755 0.107846 0.556962 
-0.0940408 0.431879 -0.139102 
-0.126897 -0.108259 -0.255131 
0.078075 0.288657 0.3864 
-0.587 -0.185318 0.58223 
-0.00019951 0.183354 0.379277 
-0.019046 0.454357 -0.0363672 
-0.558798 -0.206682 0.422385 
0.0108436 0.482212 0.0186172 
-0.375704 0.161732 0.134611 
-0.304922 -0.207134 -0.283361 
0.353871 0.0657857 -0.00762637 
-0.211855 -0.453932 0.593777 
-0.277352 -0.0865737 0.0958211 
-0.193779 0.51187 -0.136366 
0.331769 0.16555 0.30983 
-0.0203037 0.188911 0.405926 
-0.349686 0.256647 0.410018 
-0.350102 0.214772 0.400161 
-0.0583743 0.0339665 -0.0210771 
-0.573112 -0.169103 0.582849 
0.290878 0.162411 0.519571 
-0.307324 0.128655 -0.107367 
-0.201227 0.0919018 0.00848469 
-0.101955 0.491904 0.244513 
-0.295612 0.224429 -0.433932 
0.645488 -0.307601 0.234335 
0.52704 -0.225929 0.343222 
-0.0387669 -0.103764 0.0502689 
0.313609 0.223985 0.365886 
-0.500871 0.0287077 0.161531 
0.0840268 0.461251 0.341112 
-0.435511 -0.0828506 0.552616 
-0.484756 -0.109081 0.650823 
-0.346292 0.237628 0.272872 
-0.349575 0.197328 0.315759 
-0.0648432 0.547642 0.0792529 
-0.440086 0.0958775 -0.0539334 
-0.37605 -0.19582 -0.583113 
0.188317 0.20392 -0.0435694 
-0.402832 -0.0759702 0.479335 
-0.410449 0.187828 -0.00180839 
-0.210378 0.117503 0.0520177 
-0.343491 0.0168212 0.155962 
-0.475263 0.0400651 -0.112926 
-0.191738 0.0330311 0.0120575 
-0.269348 -0.416696 0.649499 
-0.303047 0.150286 0.0421473 
0.203844 0.314477 0.341303 
0.668337 -0.323234 0.412403 
-0.277865 -0.00454275 0.144251 
-0.168795 0.484453 0.0831995 
-0.103079 0.525455 0.0759242 
-0.0995318 -0.0567787 -0.0602428 
0.0634705 0.488646 0.121666 
0.161055 0.111996 -0.0944429 
-0.114685 0.0244899 0.0151258 
-0.552941 -0.204131 0.792365 
-0.1569 0.486835 0.117603 
-0.21217 -0.383794 0.554202 
-0.524813 -0.139146 0.731569 
-0.343875 -0.102591 0.0698535 
-0.522492 -0.174891 0.478323 
0.0464453 0.258485 0.48917 
0.0657124 0.21458 0.457012 
-0.211643 0.51164 -0.213305 
0.0162539 0.121706 -0.103628 
-0.290047 0.374597 -0.224766 
-0.586543 -0.18673 0.757514 
0.0597267 0.373088 0.399659 
0.0162029 0.00620692 0.24181 
-0.0615705 0.574739 -0.0402476 
-0.246587 0.349426 0.398947 
-0.226379 -0.341707 0.554082 
-0.584245 -0.201442 0.684807 
-0.167742 0.537698 -0.225796 
-0.267987 -0.400187 0.638701 
-0.475478 -0.0789603 0.0746787 
-0.1367 0.478291 0.220198 
-0.39198 -0.362994 0.77783 
-0.368456 -0.323587 0.705773 
-0.279008 0.132247 -0.149239 
0.00432418 0.325387 -0.105222 
0.5466 -0.132417 0.458471 
0.0182731 0.151222 0.416102 
-0.169796 0.260474 -0.158707 
0.164233 0.131664 0.499743 
-0.0645502 0.172736 -0.131843 
-0.354528 0.147603 0.233736 
0.277872 -0.0723137 0.069636 
0.31764 -0.0535983 0.340725 
-0.156042 0.215356 0.370908 
-0.4146 0.116569 -0.026689 
-0.143734 0.42001 0.396006 
-0.0589587 -0.089596 -0.0755767 
0.138157 0.262728 0.502394 
-0.138595 0.0917906 0.0857042 
-0.442704 0.108862 -0.206496 
-0.45467 -0.186781 0.373042 
0.16286 -0.0216621 0.266983 
0.16359 -0.0761129 -0.129442 
0.0588932 0.157957 0.36276 
0.047664 0.483196 0.086278 
-0.32205 0.256393 0.386505 
-0.210747 -0.200719 -0.0772884 
0.0541486 0.2879 0.398945 
0.394909 0.164011 0.48972 
-0.172842 0.217383 -0.236708 
-0.236228 0.425375 0.105953 
-0.413556 -0.0993248 0.555762 
-0.363468 -0.163101 0.335534 
0.0411597 0.403257 -0.000659136 
0.0857413 -0.142258 -0.106387 
0.0246852 0.112883 0.360892 
0.14198 0.0809706 0.359942 
0.722022 -0.461455 -0.038858 
-0.313867 0.111775 -0.161572 
0.0366878 0.155831 0.364354 
0.306253 0.163701 0.370727 
0.00239606 0.479274 0.334192 
-0.0625044 0.512557 -0.077144 
-0.57222 -0.21294 0.423677 
-0.225869 0.37337 0.39824 
-0.296622 0.350656 -0.266992 
0.0605932 0.218416 0.46371 
0.335817 0.0879246 -0.00808565 
-0.470797 -0.195887 0.34794 
-0.5416 -0.248125 0.502991 
0.314459 0.00975639 0.457268 
-0.530705 -0.142159 0.595906 
0.579015 -0.0223275 0.392942 
-0.271423 -0.0662771 0.176395 
0.0374186 0.391533 -0.0178606 
-0.271545 0.0538114 0.178587 
-0.16076 -0.1149 -0.0205639 
0.246287 0.0445295 0.408554 
0.532019 -0.0188662 0.198566 
0.333261 0.12505 0.068087 
0.236733 0.0373352 0.390319 
0.0237654 0.0132854 0.146105 
-0.378692 -0.0755125 0.510808 
-0.429814 -0.322693 0.756269 
-0.0233302 0.209302 0.419346 
0.127253 0.434458 0.28646 
0.291664 0.240049 0.385118 
-0.220616 -0.278522 -0.779428 
-0.280256 -0.131144 0.206659 
-0.340292 0.251827 0.366977 
0.325318 -0.170721 0.117522 
-0.505488 -0.231367 0.302673 
-0.232289 0.230266 0.339894 
-0.188573 0.442332 0.289728 
0.220506 0.226498 0.520314 
-0.00450729 0.360341 -0.0953377 
0.295083 0.250153 0.331674 
0.574055 -0.173148 0.457685 
0.516764 -0.391383 -0.189582 
-0.205639 -0.153774 0.372262 
-0.262161 0.234651 0.325482 
0.0199113 0.481773 0.330792 
0.102326 0.413192 0.217043 
-0.34867 0.21367 0.399715 
-0.313803 0.308015 0.365399 
-0.058265 -0.0368505 0.178807 
0.121037 0.355693 0.219871 
0.251787 0.0130862 0.369588 
0.182545 0.282375 0.0857438 
0.540262 -0.206018 0.382106 
-0.595817 -0.186529 0.701329 
-0.0104895 0.143477 0.364582 
0.331911 0.198924 0.466518 
0.497413 0.0910448 0.463678 
-0.298073 0.357433 -0.110023 
-0.260964 -0.29726 -0.144338 
-0.266206 -0.188166 0.266191 
-0.0933345 -0.00434109 -0.0370974 
-0.238489 0.303741 -0.2522 
-0.455402 0.0605187 0.0644009 
-0.34287 0.0357317 0.182145 
0.572211 -0.224959 0.429863 
-0.188784 -0.312467 0.451403 
-0.114495 0.50589 0.139853 
-0.265687 0.370196 -0.256693 
-0.190122 0.19937 -0.318727 
-0.291304 -0.278329 0.468306 
-0.157477 0.11408 -0.014725 
-0.0246866 0.180241 0.40638 
0.323538 -0.0293193 0.0990892 
-0.267487 0.0666027 0.213859 
-0.000776583 -0.0576544 0.102684 
-0.0681033 0.458183 -0.0975695 
0.3106 0.166813 0.351614 
-0.35214 0.157021 0.057718 
-0.429335 0.142059 -0.195892 
-0.273682 -0.0388232 0.150171 
-0.233553 -0.328864 0.332025 
0.505115 -0.237133 0.169346 
-0.0141236 0.3514 -0.10754 
0.794886 -0.47358 0.353616 
-0.349245 0.179165 0.151608 
-0.311019 0.0688389 0.328006 
-0.242703 -0.0815549 -0.287013 
0.0855387 0.0877824 -0.116331 
-0.409714 -0.0194328 -0.150814 
-0.314773 0.265321 0.404484 
-0.530388 -0.116246 0.704019 
0.286325 0.192052 0.136793 
-0.0768 0.399086 -0.134885 
-0.467629 -0.294516 0.766904 
0.477636 0.0741833 0.238774 
-0.455046 0.0518779 0.104775 
-0.335477 -0.154737 0.0088908 
-0.335312 0.100794 0.365048 
0.407664 -0.224661 0.159739 
0.107712 0.38265 0.376724 
-0.065705 0.262269 0.426213 
-0.267038 -0.0514272 0.183588 
-0.312391 0.199804 -0.391997 
-0.33533 0.268343 0.390845 
-0.242491 0.482715 -0.321732 
0.00938041 -0.025065 0.172403 
0.13156 -0.0923735 -0.098197 
-0.201216 0.529075 -0.287715 
-0.502409 -0.169307 0.744326 
-0.258082 0.235245 -0.422822 
-0.201617 0.463703 -0.252778 
0.469078 -0.233043 0.250555 
-0.246576 0.410687 0.189342 
0.458602 -0.365764 -0.225386 
0.0744097 0.157712 0.332605 
-0.0214642 0.243822 0.419415 
-0.100096 0.274659 0.432657 
-0.228141 -0.286753 -0.775854 
-0.329525 0.11597 0.20891 
-0.356065 0.0546264 -0.330314 
-0.274104 -0.123898 0.199871 
-0.295348 -0.298471 0.514837 
0.13218 -0.174512 -0.24646 
0.525172 -0.0787158 0.512999 
0.685843 -0.333774 0.453232 
0.564153 -0.326676 0.0258507 
-0.339756 0.263928 0.410522 
-0.296723 -0.326448 0.567202 
-0.463982 0.0643993 -0.159128 
-0.35471 -0.212805 0.0896501 
-0.0696465 0.497727 -0.0895469 
0.0541962 0.479698 0.330028 
-0.284317 0.394509 -0.219321 
0.356896 0.0013817 0.0985686 
0.213558 0.202118 0.529971 
-0.598198 -0.184891 0.656242 
-0.028599 -0.201338 -0.0374654 
-0.0125724 0.54736 0.0173611 
-0.301002 -0.44185 0.744416 
-0.355868 -0.0710711 -0.0328624 
-0.030271 0.157801 -0.110065 
-0.388522 0.155545 -0.145247 
-0.157844 0.559254 -0.1957 
-0.292584 0.393548 -0.352079 
-0.300881 0.255523 0.378393 
-0.238284 0.498143 -0.331808 
0.708593 -0.413075 0.0731772 
0.191393 0.285864 0.325259 
0.375155 0.162993 0.187846 
-0.552577 -0.044395 0.254776 
-0.392455 0.22349 0.31384 
-0.312421 0.141703 0.290996 
-0.26148 -0.0540943 0.293067 
-0.500421 -0.00977 0.0807997 
0.0797894 0.0896076 0.379689 
-0.228833 0.234722 0.353167 
-0.419411 0.124333 -0.0503418 
-0.226611 -0.188182 0.0846707 
0.123094 0.132379 0.437384 
-0.392142 -0.11186 0.476434 
-0.371711 -0.364694 0.735485 
0.0527887 0.418906 0.0411374 
-0.407324 -0.273996 0.703405 
0.265661 0.208749 0.330276 
-0.0973567 -0.260065 -0.0949254 
-0.319339 -0.100683 0.226273 
0.257581 0.0381715 -0.10197 
-0.526284 -0.160879 0.763239 
-0.31634 0.305791 -0.0201153 
-0.236697 -0.271936 -0.282892 
0.720977 -0.452965 0.0239739 
-0.369385 -0.024144 0.303084 
0.257103 -0.0219159 0.319304 
-0.373975 -0.204063 0.470957 
0.318382 0.12426 0.547915 
-0.532298 -0.139841 0.738142 
-0.330429 0.312418 0.11869 
-0.240225 0.10167 -0.0202168 
0.273513 0.074279 0.523632 
-0.101351 0.111326 -0.0409161 
0.23655 0.0749734 0.442467 
-0.0387583 -0.0602004 0.0376949 
-0.360136 0.0049928 0.327021 
-0.287807 -0.348644 0.569204 
-0.191249 0.537665 -0.271776 
-0.386063 -0.0614621 0.00175154 
0.234194 0.1019 0.519684 
0.256532 0.217419 0.164512 
-0.271394 0.374279 0.325248 
-0.439424 -0.225791 0.236405 
0.326124 0.122257 0.158986 
-0.34226 0.151457 0.396155 
0.143031 0.367218 0.334659 
0.428867 -0.161019 0.35862 
-0.356243 -0.252509 0.593654 
-0.266786 0.441254 -0.328839 
0.302007 0.163044 0.392821 
0.680618 -0.457871 -0.0654481 
-0.256173 -0.187734 -0.0946828 
-0.294058 0.118464 -0.090964 
-0.403764 -0.0862647 0.539211 
0.328533 0.00315153 -0.0570796 
-0.546175 -0.147649 0.60937 
0.129812 0.0213421 0.308914 
0.117596 0.341025 0.237918 
-0.213717 -0.378368 0.561029 
-0.217726 0.252979 0.396434 
0.0649981 0.293 0.394213 
-0.37188 -0.271399 0.0775911 
0.588237 -0.239615 0.443223 
-0.342374 0.223603 0.252611 
-0.156815 0.345972 0.450902 
-0.480211 -0.0437919 0.142039 
0.488806 0.0321794 0.261712 
0.211884 -0.0591568 0.251185 
-0.253505 0.47367 -0.349106 
0.36239 -0.0353376 0.450269 
-0.0577288 -0.123594 -0.0199328 
-0.085388 -0.536606 0.625519 
-0.293185 0.368698 -0.170016 
-0.39085 -0.0653816 0.427065 
0.594467 -0.297538 0.277597 
-0.312798 0.134036 -0.225589 
-0.435963 -0.0849322 0.568335 
-0.220271 -0.249973 0.350355 
-0.0772313 0.161431 0.347191 
-0.157229 0.141296 -0.0487012 
0.140746 0.409162 0.281471 
-0.288746 0.388035 -0.0650612 
0.337342 0.00378533 0.44674 
-0.332826 0.282829 0.266058 
-0.29963 0.308197 -0.300323 
-0.438346 -0.2242 0.228979 
0.0194084 0.193723 0.378905 
0.0234672 -0.0162301 0.208946 
0.363523 -0.0395378 0.381593 
0.130439 0.405921 0.251634 
-0.338412 0.161133 0.325647 
-0.52657 -0.0474056 0.17007 
-0.221414 -0.142544 0.38887 
-0.349663 0.139041 0.314091 
0.00368534 0.552657 0.157469 
0.0990621 0.278489 0.367138 
0.0653907 0.351307 0.401436 
-0.0995128 0.218407 0.413608 
-0.0840822 0.197469 0.399263 
-0.2953 -0.40663 0.630234 
-0.314362 0.318582 0.308718 
-0.459113 -0.243557 -0.0064108 
0.00741005 0.326335 0.420109 
-0.308505 0.151428 -0.123434 
-0.354272 0.138306 0.403949 
0.103276 0.245109 0.303738 
-0.122163 -0.0684176 -0.139943 
-0.197228 -0.143514 0.343651 
-0.301193 0.139966 -0.195781 
-0.374898 0.0117704 0.441279 
-0.355791 0.129528 0.393235 
0.126229 0.339553 0.0418186 
-0.397161 0.130734 -0.235811 
-0.0574566 0.507742 0.249472 
0.240445 0.247368 0.47324 
0.0679027 -0.0577885 0.0171138 
0.0907743 0.491893 0.285653 
-0.337078 -0.284162 0.596451 
0.726741 -0.373418 0.448475 
-0.53228 -0.229132 0.314357 
-0.242838 0.401502 0.311898 
0.211107 0.183607 0.524789 
0.356146 0.127573 0.481808 
0.239782 -0.0524874 0.265869 
-0.398315 -0.326228 0.749157 
-0.212251 0.128339 -0.129074 
-0.30518 0.298347 -0.175487 
-0.312043 0.140137 -0.225089 
-0.305487 0.0673433 0.299684 
0.411284 -0.0294598 0.455136 
-0.277616 -0.364635 0.468833 
0.090078 0.503483 0.20689 
0.195633 0.12763 0.513543 
-0.284415 -0.20388 0.31467 
-0.258886 0.401552 0.189124 
-0.40815 -0.146503 -0.112098 
-0.316847 0.0700981 -0.0478251 
-0.174523 0.44404 0.318035 
-0.176207 0.458865 -0.226487 
0.076868 -0.0812531 0.100745 
-0.13015 0.0786344 -0.00310454 
-0.00942634 0.0601592 0.306237 
-0.405746 0.0747509 0.0889402 
0.0052664 0.188 0.403169 
-0.350727 -0.233935 0.461818 
-0.184195 0.323514 -0.192593 
-0.288992 -0.0849674 0.0703646 
-0.0730366 0.0617868 -0.00598288 
-0.298811 0.301944 0.408861 
-0.144232 0.495491 0.107256 
-0.525437 -0.201879 0.783014 
-0.226239 0.514608 -0.310876 
-0.49578 -0.100816 0.0215572 
-0.492479 -0.0022448 0.0295692 
0.0873538 0.213951 0.34315 
0.188785 0.317067 0.138673 
0.353905 -0.0689788 0.434165 
0.767383 -0.424363 0.424866 
0.277869 -0.0908526 0.28412 
-0.106571 0.329315 0.458599 
0.432401 0.0845009 0.230021 
-0.320962 0.260786 0.397869 
0.239878 -0.151258 0.0870651 
0.0851625 0.167219 0.32955 
-0.572369 -0.193702 0.781866 
-0.375314 -0.023303 0.356925 
-0.0520826 -0.20861 -0.0172788 
-0.0378786 0.519166 -0.0378312 
-0.302225 -0.152865 0.0896421 
-0.500196 -0.0144835 0.224171 
0.37188 0.136486 0.292715 
-0.369711 0.165663 0.234738 
0.412874 0.0941754 0.373743 
-0.276116 -0.233387 0.263497 
-0.0575395 0.208792 0.428674 
0.573958 -0.377522 -0.0840604 
-0.4259 0.133803 -0.223459 
-0.299982 0.336418 0.34586 
0.808375 -0.460956 0.436905 
0.304606 0.157091 0.435895 
0.326448 0.0493903 0.481953 
-0.231705 -0.253616 -0.475421 
0.157033 -0.106652 0.00305307 
0.120183 0.366472 0.0761649 
-0.299784 0.325817 -0.225538 
-0.400182 -0.121495 0.407566 
-0.44526 -0.201615 0.683374 
-0.329634 -0.0887123 0.0862828 
-0.191868 0.107659 0.0491001 
-0.0098675 0.566037 0.0980882 
0.362814 0.0780957 0.110209 
-0.258301 -0.469699 0.713824 
0.083758 -0.135127 -0.0321538 
-0.374163 -0.0205143 0.299256 
0.0113158 -0.00283061 0.228609 
-0.216557 0.435511 -0.255959 
0.0381614 0.0542987 0.314724 
-0.282132 -0.232563 -0.050339 
-0.327202 0.209347 0.201083 
-0.297866 0.164518 0.118329 
0.160858 0.152611 0.457354 
-0.205279 -0.129523 -0.307048 
-0.313137 0.309022 -0.286438 
-0.340164 0.111337 0.171566 
-0.568716 -0.144898 0.668147 
0.163698 0.197689 0.506524 
-0.291744 0.354335 0.298242 
-0.586032 -0.171251 0.60749 
-0.0455109 0.192163 0.418188 
-0.0120831 0.188369 0.427642 
-0.0731213 0.56206 0.0189357 
-0.416328 0.0662524 0.0849984 
-0.302715 -0.00417948 -0.351735 
0.0614558 0.337421 0.40158 
0.0926489 0.269763 0.422181 
-0.18725 0.266121 0.418741 
0.190296 0.261061 0.0625303 
0.642581 -0.360668 0.0843272 
0.247809 0.211459 0.349754 
-0.287223 0.113943 0.149412 
-0.236758 0.307093 0.423776 
-0.342999 0.0374622 0.42159 
-0.280308 0.40894 -0.232589 
-0.261691 0.147815 0.076885 
0.0306606 0.121483 0.313084 
0.137117 0.280728 0.251135 
-0.08904 0.36656 -0.150734 
0.62215 -0.0988625 0.224928 
-0.344855 0.0204638 0.152067 
-0.161321 0.145279 -0.152475 
-0.492693 -0.200274 0.170429 
-0.360901 0.00838068 0.419891 
-0.382587 -0.320291 0.632235 
-0.254572 0.409542 0.160445 
-0.163722 0.550451 -0.179847 
-0.0702131 -0.122799 -0.0348942 
0.196187 0.178109 0.524642 
-0.334702 0.0838699 0.16521 
-0.441444 -0.209641 0.272689 
-0.333126 0.178307 -0.124657 
0.561821 0.0165624 0.371991 
-0.433344 -0.153321 0.442051 
-0.268078 0.108617 0.0683345 
-0.238777 0.298607 0.422281 
0.0276125 -0.101158 0.0623899 
-0.349579 0.23343 0.294898 
0.130647 0.280095 0.327696 
0.613875 -0.389308 -0.053233 
0.0193881 0.00767641 0.239546 
-0.260162 -0.408835 0.6439 
-0.0132575 0.233911 0.409503 
0.419134 0.0919125 0.321283 
-0.472137 0.0528958 -0.127304 
0.0775277 0.521834 0.2013 
-0.314744 -0.237076 -0.677863 
-0.0205084 -0.0646735 0.0244508 
-0.355381 0.20585 0.384732 
-0.508904 -0.238298 0.385275 
-0.373354 0.198327 0.375113 
-0.322028 -0.117666 0.245725 
0.108676 -0.165336 -0.197985 
0.422067 0.134134 0.39951 
-0.276278 0.160439 -0.273572 
-0.192158 -0.195793 0.375453 
-0.256037 0.125889 0.0401152 
-0.295865 -0.0844135 -0.146364 
0.336534 -0.293412 -0.250887 
-0.0845983 0.27564 0.455695 
0.0147962 0.0712922 0.286056 
-0.263041 -0.146797 0.224505 
0.101073 0.337897 0.380551 
-0.154108 0.557722 -0.172755 
0.479172 0.099308 0.438132 
-0.125968 -0.491249 0.618072 
-0.0243528 0.219211 -0.118364 
0.0965649 0.502706 0.242817 
0.229465 0.212155 0.0292683 
0.228733 0.243654 0.0938362 
0.336033 -0.0563504 -0.0113842 
-0.429073 -0.298934 0.663685 
-0.165844 0.456796 0.266402 
-0.257381 0.453824 -0.143138 
-0.118259 0.213796 0.397531 
0.236849 0.028954 -0.109675 
-0.299068 0.302508 -0.439548 
-0.0629599 0.540209 0.110986 
-0.138064 0.199803 -0.127583 
-0.312257 0.181971 0.229206 
-0.244779 -0.0175076 0.285927 
0.66583 -0.0817465 0.402147 
0.207655 0.232259 0.361985 
-0.348935 0.126109 0.142657 
-0.176054 0.550566 -0.245614 
-0.0854291 0.204796 0.407461 
-0.071333 0.57335 -0.0600273 
0.054895 0.0159999 -0.0672323 
-0.24528 0.470345 -0.1907 
-0.438494 -0.0768204 0.0777817 
0.120135 0.0607746 0.244493 
-0.15962 -0.542655 0.699255 
0.126325 0.169445 0.488402 
-0.354468 0.208494 0.375942 
-0.372733 -0.0709763 0.0814511 
-0.268533 -0.504424 0.78269 
-0.309702 0.119229 -0.0228801 
0.0272249 0.0638471 0.288282 
0.0634757 0.0264667 0.234113 
-0.041221 0.294149 0.472979 
-0.191878 0.48865 -0.0373688 
-0.178401 0.453385 0.200966 
0.133214 0.30566 0.363424 
-0.223367 -0.28471 0.498994 
-0.300409 0.327628 -0.318381 
-0.336068 0.269793 0.415107 
-0.149477 0.429937 0.378945 
-0.0377274 0.573498 0.0419928 
-0.437532 -0.0792263 0.537902 
-0.214787 0.282687 0.420428 
-0.220469 0.262432 0.407563 
-0.361645 -0.0525434 0.437955 
-0.410271 0.186967 -0.0914654 
0.451509 0.0681932 0.400695 
-0.277173 0.431625 -0.362807 
-0.0304929 -0.03607 -0.0269876 
0.375624 -0.322327 -0.266802 
-0.191652 0.228566 -0.323253 
-0.42792 -0.123443 -0.330667 
-0.29244 -0.0190507 0.0439203 
-0.35252 0.227691 0.271073 
-0.047856 -0.15426 -0.164383 
-0.0177118 0.222278 0.447469 
-0.0454938 0.28522 -0.1379 
-0.257398 -0.0337501 0.282581 
-0.543935 -0.0601107 0.20618 
-0.308985 0.292197 0.396695 
-0.460614 -0.237183 0.314143 
-0.149892 -0.574113 0.726191 
-0.200877 0.486867 -0.258882 
-0.217035 -0.0244109 0.195199 
-0.278124 0.0960577 0.234277 
-0.409975 0.147713 -0.242636 
-0.371944 0.155646 -0.0462912 
-0.474984 -0.264938 0.777898 
0.00833867 0.199767 -0.0867132 
-0.363644 -0.157714 0.464355 
-0.362281 -0.0318569 -0.226496 
-0.368816 0.120899 0.0199794 
0.160569 0.138745 0.454658 
-0.270693 0.427694 -0.169327 
-0.312168 0.230089 -0.168173 
-0.175165 -0.187226 0.140412 
-0.334843 0.0411316 0.105932 
-0.0106405 0.0752313 0.246972 
-0.199036 -0.35262 0.462148 
-0.473331 0.0638607 -0.0442885 
0.361195 -0.29814 -0.203809 
-0.259904 0.321072 -0.267287 
-0.347264 0.238762 0.360134 
-0.405372 -0.070502 0.403523 
-0.445037 -0.173832 -0.00382312 
-0.295535 0.381642 -0.0264554 
0.273527 0.238926 0.437177 
-0.19912 -0.165659 0.296881 
0.323377 0.186723 0.269643 
-0.33652 -0.122732 0.235206 
-0.26258 0.420538 0.00169745 
0.203116 0.115048 0.246117 
0.413228 0.0979856 0.484487 
-0.519896 -0.110481 0.640889 
0.077604 0.0728052 -0.118483 
-0.516638 -0.144138 0.737208 
0.161762 0.115524 0.454456 
-0.40984 -0.0375274 0.478268 
-0.316003 0.309651 0.341922 
-0.364527 -0.150628 0.370675 
0.296401 0.252809 0.319927 
0.618748 -0.0246229 0.448114 
0.191517 -0.0806804 0.188523 
-0.373008 0.228789 0.3885 
-0.465983 -0.0454865 -0.0841867 
-0.0917218 -0.103184 0.0468358 
0.359039 -0.0357303 0.482618 
0.658312 -0.336743 0.261287 
-0.314694 0.172549 0.252352 
-0.0909628 -0.0828037 -0.118259 
-0.0519408 0.271611 0.450609 
-0.175293 -0.0634713 0.168313 
-0.0239361 0.201636 0.414354 
0.369779 -0.216206 0.0619995 
0.622452 -0.053764 0.32755 
-0.377806 0.22816 0.375742 
0.0993545 -0.0799345 0.079857 
-0.591668 -0.225254 0.575294 
0.166475 0.039801 0.215782 
-0.27357 0.281189 -0.435545 
-0.0295444 -0.0511977 0.0799157 
0.110873 0.146557 0.453224 
0.340612 0.0174661 -0.0385862 
-0.390716 0.0434705 -0.303147 
-0.207545 0.438554 0.193156 
-0.559524 -0.17905 0.512045 
0.0383469 0.269104 -0.0983978 
0.470334 0.0846671 0.257166 
-0.1785 -0.549361 0.727079 
-0.451003 0.0581378 -0.198953 
-0.384124 -0.00865377 0.419403 
0.483611 -0.275615 0.0453123 
0.22858 -0.0317138 0.133083 
-0.316991 -0.113309 0.0653406 
0.307937 0.170139 0.124128 
-0.311148 0.316132 -0.0848065 
0.520887 0.00909387 0.312883 
-0.467225 0.0510817 0.0872113 
0.287984 0.0326439 -0.0948525 
-0.0579276 0.486711 0.306242 
0.23483 -0.16658 -9.17902e-05 
-0.308888 0.100514 -0.0254296 
0.128657 0.322506 0.354816 
-0.282376 -0.23614 -0.0879953 
-0.275121 -0.312633 -0.276408 
0.541396 -0.227151 0.367778 
-0.300623 0.0511533 -0.0268063 
-0.0439419 -0.104766 0.00504763 
-0.36015 0.245807 0.375286 
0.38246 -0.0633819 0.368406 
0.640854 -0.340783 0.306805 
-0.355873 0.0574777 0.427643 
-0.23334 0.463863 -0.0684977 
-0.0280984 0.0287379 0.263227 
-0.0764801 0.0951375 -0.0290872 
0.760715 -0.413539 0.43726 
-0.310581 0.260244 -0.183989 
0.0321153 0.281911 0.487458 
0.149674 -0.0240727 0.238637 
-0.2858 0.0813969 -0.0776918 
-0.268083 -0.0972244 -0.0451083 
-0.395911 0.214578 0.229729 
-0.033725 0.270378 0.43391 
-0.448811 0.0709217 0.0225997 
-0.116639 0.124599 -0.0542663 
-0.247707 0.403209 0.235505 
-0.369855 0.213052 0.392469 
-0.448486 -0.121328 0.625845 
-0.412651 -0.100545 0.524517 
0.232811 0.0590147 0.363861 
-0.0250579 0.310616 0.465865 
0.0266706 0.189304 0.449829 
-0.202325 -0.0727063 0.208442 
0.104632 0.219289 0.488711 
0.238275 0.0612801 0.451321 
-0.158314 0.537332 -0.107652 
0.174607 -0.0656577 -0.123461 
-0.21805 0.201704 -0.36062 
-0.319691 0.136056 0.0693268 
0.484099 0.028644 0.196667 
-0.334859 0.0311501 0.101948 
0.340954 0.126796 0.104517 
-0.0520135 0.350524 -0.12753 
-0.40379 0.152589 -0.0799427 
-0.301526 0.0386111 0.31116 
-0.416318 -0.141749 -0.505178 
-0.0998181 -0.460822 0.559833 
-0.382961 -0.210654 0.556231 
-0.3013 0.0915819 0.0453305 
-0.534396 -0.0319194 0.213198 
-0.162972 -0.0835175 -0.283661 
-0.197689 0.33954 0.433825 
0.104582 0.412626 0.161409 
0.569603 -0.232235 0.43069 
0.0703658 -0.113564 -0.0030951 
-0.208376 -0.29725 0.483639 
-0.0329856 0.210464 0.405948 
-0.322105 0.259242 0.137882 
-0.330587 -0.0344199 -0.396375 
-0.258932 0.364489 0.374664 
-0.236509 0.445718 0.000427307 
-0.327349 0.196431 0.259057 
-0.0940837 0.00994811 0.00146173 
-0.530696 -0.0840499 0.104849 
0.714951 -0.408468 0.318014 
0.150123 -0.145405 0.0113611 
-0.0182865 0.101896 0.350722 
-0.243324 -0.329193 0.57104 
0.0571404 0.282159 -0.065508 
-0.571218 -0.206075 0.413725 
-0.103292 0.322179 0.463966 
-0.0528753 0.106044 -0.0572038 
0.335031 0.202178 0.3772 
-0.321157 0.0682584 -0.0225085 
0.110136 -0.0246838 0.23447 
0.160022 0.162486 0.479618 
-0.442352 -0.145585 0.63856 
0.0109902 0.511684 0.27535 
0.246037 0.300095 0.3369 
-0.216008 -0.0770412 0.315456 
0.156015 0.0851032 0.375806 
-0.345356 -0.181544 0.554621 
-0.0544107 0.192511 -0.139539 
0.144595 0.197486 0.498823 
0.340323 -0.0770208 0.332441 
0.0320586 0.253009 0.397208 
-0.131781 -0.0666213 0.101959 
-0.0186189 0.166109 0.396175 
-0.564752 -0.129794 0.713868 
-0.243321 -0.24352 0.343871 
-0.241928 0.481139 -0.304859 
-0.246973 -0.306331 -0.145061 
-0.280089 0.149134 0.069564 
0.412012 -0.0861064 0.377339 
0.377189 -0.102494 0.308216 
-0.0979844 0.0384017 -0.00885567 
-0.0859294 0.0902518 0.171918 
-0.312488 0.252877 -0.0824257 
-0.289696 0.347141 0.362982 
-0.324266 -0.419152 0.741541 
0.0221903 0.320582 0.42365 
-0.248778 0.243539 0.360096 
-0.521931 -0.25115 0.723889 
-0.208459 -0.0365647 0.235179 
0.136904 0.121202 0.430259 
-0.292419 0.176785 -0.332567 
-0.263373 0.0707716 0.104243 
0.00391752 0.0492352 0.293503 
-0.257908 -0.0407317 0.188133 
0.419397 0.140267 0.432949 
-0.488591 -0.026629 0.124789 
-0.103957 -0.121932 -0.228712 
-0.0462906 -0.0246146 0.196062 
-0.319328 0.220135 -0.257445 
0.0730648 0.0642834 0.323463 
0.144844 0.106075 0.353468 
-0.0408256 0.575154 0.00307746 
-0.502924 0.0321629 0.0383944 
-0.368854 0.0889223 0.423296 
0.336462 -0.005396 0.457315 
-0.21483 0.520369 -0.313226 
0.24269 -0.176054 0.033653 
-0.115679 -0.285927 -0.147985 
-0.085224 0.54231 0.052655 
-0.552633 -0.117923 0.732443 
-0.348388 0.111283 -0.217183 
0.318002 0.0189069 0.461131 
-0.482748 -0.00222194 0.255791 
-0.332015 0.152499 -0.0924109 
-0.300281 0.345086 -0.329031 
-0.568874 -0.137251 0.703017 
-0.000274625 0.32066 0.442482 
-0.388239 -0.221363 0.618528 
0.399677 0.152369 0.521134 
-0.399628 -0.347708 0.760513 
-0.155755 -0.331458 -0.592356 
-0.542396 -0.181779 0.782976 
-0.128828 0.361502 0.447081 
0.159883 -0.0404889 0.135438 
-0.393254 0.210814 0.304975 
0.461569 -0.350743 -0.164207 
-0.041508 0.00681661 0.00368611 
-0.146349 0.12938 -0.0404479 
0.130687 0.155464 0.490609 
-0.303042 -0.279303 0.571591 
-0.0208469 -0.151565 -0.113617 
-0.0895525 0.241095 0.423765 
-0.016668 0.25285 0.442586 
-0.342857 0.106819 0.152186 
-0.480385 -0.238076 0.247498 
-0.311124 0.028981 0.375787 
-0.310729 0.218367 -0.11675 
0.0809357 0.348009 -0.00640237 
0.279655 -0.0706157 -0.0262739 
0.268417 0.24809 0.423208 
-0.315493 0.260953 0.0673508 
-0.135477 0.52819 -0.175377 
-0.351452 0.232202 0.370438 
0.389155 0.126637 0.199508 
0.29624 -0.0206783 0.363566 
-0.289101 0.399603 -0.0199774 
-0.48934 -0.167793 0.717971 
0.0979899 0.346638 0.0163237 
-0.369899 -0.177671 -0.643893 
-0.314439 0.0747151 -0.0411328 
0.149907 -0.101348 0.0241495 
0.390344 0.145179 0.1794 
-0.438924 0.0541132 -0.216637 
-0.199021 -0.0195363 0.263604 
-0.184471 0.129582 -0.0206845 
0.144933 0.0110573 -0.115288 
0.11021 0.107828 0.370364 
-0.521395 -0.155379 0.753247 
-0.207042 -0.10927 -0.203493 
-0.348247 0.131464 0.403148 
-0.442546 -0.180304 0.673317 
-0.294972 -0.0680718 -0.497496 
-0.191725 0.117134 -0.049996 
-0.481839 -0.254658 0.618943 
-0.338582 0.242505 0.316871 
-0.371398 -0.082015 -0.470846 
0.0127758 -0.0673251 0.11928 
-0.249898 0.0586906 -0.0510449 
-0.482133 -0.120014 0.563878 
0.116307 0.27682 0.390335 
-0.228807 0.505839 -0.328212 
-0.300663 0.339591 0.210742 
-0.276077 -0.455206 0.718983 
-0.0694099 0.459164 0.355668 
-0.407733 0.194848 0.0787464 
-0.19896 0.387988 0.407989 
-0.275243 -0.126983 -0.00131013 
0.624689 -0.0887882 0.294209 
0.085304 0.163989 0.467776 
-0.0446909 -0.61525 0.665377 
0.50145 -0.368868 -0.148911 
-0.130677 -0.0969683 -0.253503 
-0.148023 0.0370764 -0.00581476 
-0.0696667 -0.149693 -0.184624 
-0.281229 0.42457 -0.363043 
-0.332185 0.269412 0.3268 
-0.323465 -0.368151 0.683322 
-0.00745012 0.209151 0.40249 
0.26181 0.213479 0.126476 
-0.383983 0.0339828 0.235077 
0.567468 -0.192103 0.371717 
0.420574 0.134043 0.28608 
-0.389115 -0.0149699 0.443785 
-0.31191 0.214444 -0.318587 
-0.00646427 -0.211915 -0.0613519 
0.212903 0.110562 0.434976 
-0.341296 0.234187 0.399583 
-0.432138 -0.163894 0.637836 
-0.0459897 0.334853 0.435542 
0.0502592 -0.315991 -0.264038 
-0.332582 0.276266 0.333005 
-0.188391 -0.197518 0.144686 
0.683342 -0.3423 0.261454 
-0.303461 -0.169098 -0.121073 
-0.340475 -0.129326 0.353678 
0.121543 0.464413 0.255504 
0.416501 -0.221495 0.0946692 
-0.335098 0.263998 0.374789 
-0.58645 -0.2214 0.541893 
-0.33329 0.232651 -0.16858 
0.657871 -0.356245 0.317694 
0.0163869 -0.291724 -0.192308 
0.135673 0.377552 0.150183 
0.470523 -0.0989798 0.417418 
-0.308546 0.033752 0.00670192 
-0.260472 -0.236003 0.33468 
0.165789 0.0647427 0.436511 
-0.477483 -0.251824 0.771798 
-0.369484 0.0802487 -0.299683 
-0.135774 0.506562 0.0663672 
-0.511038 -0.154618 0.532997 
-0.335443 0.286026 0.203834 
-0.252332 -0.253264 -0.0558097 
-0.0926894 0.0776396 -0.0111735 
-0.48601 -0.212218 -0.0914786 
-0.305209 0.084537 0.0202436 
-0.252749 -0.444178 0.674202 
-0.10971 -0.0438228 0.0540863 
0.396265 0.0229537 0.548169 
-0.312916 0.0326331 0.0143254 
-0.302167 -0.0605477 0.125784 
-0.224608 -0.300917 0.25577 
0.00360496 -0.130471 -0.0474741 
-0.127581 0.331114 0.459671 
-0.321936 0.0783415 -0.0360801 
0.0315961 -0.240537 -0.117799 
-0.186763 -0.321199 -0.174686 
0.474859 -0.195222 0.318699 
-0.321354 0.232383 -0.208025 
0.151131 0.146376 0.484753 
-0.386899 0.108981 -0.292864 
0.36821 0.0518119 0.107859 
-0.361725 0.177246 0.379886 
-0.139036 0.0749753 0.034437 
-0.309544 0.206048 -0.0576016 
0.0533142 -0.108019 0.0510304 
-0.374667 -0.276314 -0.145824 
-0.496769 -0.206931 0.344508 
-0.381576 0.174257 0.0341972 
0.0481055 0.323264 0.416433 
-0.050228 0.432215 -0.0885847 
-0.230332 -0.323066 0.441777 
-0.162028 0.180958 -0.186232 
-0.433143 -0.16674 0.612137 
-0.0294605 0.291528 0.43228 
-0.304347 0.362431 -0.295509 
-0.181361 0.221205 -0.17933 
-0.0515849 0.3093 0.444601 
-0.199424 0.367443 0.425095 
-0.0963953 0.210537 -0.148283 
0.413446 0.0944948 0.45299 
0.0758501 0.156546 -0.0817583 
0.0122287 -0.0219309 0.184549 
-0.576984 -0.206338 0.671248 
-0.100225 0.574329 -0.0763372 
0.440358 -0.163097 0.323781 
0.335316 0.116309 0.012089 
-0.226033 0.422716 0.271905 
-0.340026 -0.0668947 0.406722 
0.0986698 0.256616 0.352387 
-0.19855 0.286036 -0.176367 
0.225072 0.0848984 0.394061 
-0.265178 -0.235187 -0.69678 
0.010047 0.177499 0.373333 
-0.0498473 0.551177 0.0982612 
-0.270731 -0.423594 0.657248 
-0.398457 -0.035211 0.451693 
0.093172 0.452135 0.343977 
-0.0972323 0.55128 -0.115599 
0.0364362 0.140043 -0.0972295 
0.342505 -0.0343372 0.428326 
0.2208 0.181954 -0.011134 
-0.24227 0.177488 -0.320274 
-0.359474 0.228053 0.40072 
-0.499359 -0.181936 -0.0377212 
-0.342441 0.245288 0.252276 
-0.50731 -0.00995996 0.0905634 
-0.316782 0.167136 -0.136246 
0.312095 0.0265545 -0.0585666 
0.660342 -0.344881 0.352721 
-0.456955 -0.22045 0.71765 
-0.19312 0.421429 0.366569 
-0.242354 0.103922 0.0374675 
0.0605181 0.525792 0.238665 
0.541162 -0.194842 0.442023 
-0.151656 0.549644 -0.200031 
0.0189101 0.21311 -0.0872355 
-0.327284 0.0919066 0.180845 
-0.193298 -0.0162658 0.251375 
0.380448 -0.175048 0.249005 
-0.0125727 -0.0111909 0.00479713 
0.367386 -0.0367754 0.3958 
0.163875 0.260053 -0.00310548 
0.0104146 -0.0877161 -0.151019 
-0.00795469 0.267666 0.472709 
-0.0199964 0.145425 0.384727 
-0.346995 -0.429961 0.797779 
-0.173872 0.0839102 0.0133688 
-0.318683 0.271538 0.412655 
-0.333945 -0.247078 0.530986 
-0.537715 -0.220743 0.396471 
-0.397709 -0.0488425 0.432577 
0.223682 0.292111 0.293095 
-0.311651 0.160941 -0.299876 
0.0595432 0.375897 -0.00639175 
0.0588222 0.385257 0.00250877 
0.00147817 -0.200858 -0.0471627 
-0.222017 0.116821 -0.0836196 
-0.351432 -0.0951321 0.498212 
-0.0142535 0.25524 0.451136 
-0.591427 -0.172922 0.747549 
0.552552 0.0332441 0.481143 
0.143853 0.408305 0.307436 
-0.285437 0.0584379 -0.193279 
-0.193975 -0.0510825 0.208925 
0.0114064 0.339602 -0.0951912 
-0.305694 0.0435086 0.335232 
-0.321894 -0.271068 0.594736 
-0.322191 0.255515 -0.209203 
-0.271613 -0.470176 0.731344 
0.190936 0.254886 0.218016 
0.0232626 0.548344 0.17806 
-0.393467 0.16215 -0.00354653 
-0.0675014 0.289705 0.456191 
-0.363497 -0.143964 0.000954032 
0.414976 0.0932192 0.35618 
-0.323475 0.0851563 -0.234356 
0.040133 -0.255777 -0.149337 
-0.467946 -0.211433 0.203957 
-0.387162 -0.053391 0.388463 
-0.0668675 0.23157 0.423144 
0.24952 0.202447 0.365334 
-0.278694 0.177315 -0.337506 
0.661971 -0.320966 0.396777 
0.362883 0.0321075 0.0489779 
-0.310265 0.17156 -0.0338716 
0.0596713 0.479248 0.112207 
0.387681 0.161622 0.438259 
-0.325258 0.102211 0.203055 
-0.420747 -0.0745393 0.528917 
0.768735 -0.441475 0.36237 
-0.342868 0.246174 0.355829 
-0.400009 0.213458 0.263969 
-0.286493 -0.0457094 -0.314072 
-0.446384 0.0891993 -0.208998 
-0.29159 -0.297389 0.598612 
-0.55956 -0.216847 0.455924 
-0.235828 -0.45892 0.676513 
0.297521 -0.057461 0.388161 
-0.505867 -0.256168 0.787832 
-0.443564 -0.109849 -0.341226 
0.204648 0.0773064 0.361793 
-0.288814 -0.062111 0.254744 
-0.102932 0.561713 -0.0460584 
-0.315385 0.00793207 0.370194 
-0.229711 -0.0453806 0.260178 
-0.342548 0.245958 0.390484 
-0.419594 -0.125964 -0.449735 
0.490117 -0.171969 0.389567 
0.319104 0.0258299 0.151998 
-0.0560084 -0.124965 -0.169589 
-0.354286 -0.0246237 -0.263824 
0.199454 0.17192 0.52599 
0.0118734 0.0260879 0.268008 
-0.406282 -0.17269 0.59637 
-0.304248 0.102454 0.0307135 
-0.575947 -0.243181 0.585085 
0.384301 -0.113974 0.392825 
-0.331815 0.104947 0.390139 
-0.0426735 0.424201 0.397072 
0.366104 0.0560117 0.0814477 
0.223868 0.0202708 0.327303 
-0.292049 0.347681 0.281127 
-0.332967 -0.447974 0.799156 
0.246876 0.179931 0.0142832 
0.412985 -0.0700466 0.444894 
-0.294461 -0.10153 0.171312 
-0.455526 0.093042 -0.157421 
-0.301854 0.182842 0.147577 
-0.312366 -0.0412089 0.367128 
-0.154293 0.0209645 0.275415 
-0.372419 -0.0205308 0.422856 
-0.318441 0.05741 0.159012 
-0.285367 -0.0375194 0.398745 
-0.0165826 -0.0368473 0.177579 
-0.387568 0.196967 0.300064 
-0.255571 -0.248709 0.330755 
-0.135275 0.543886 -0.0632574 
-0.201369 -0.3534 0.485873 
-0.311711 0.228283 -0.434595 
0.0581307 0.33646 -0.0480078 
-0.241442 -0.291497 0.227328 
-0.341017 0.246121 0.403682 
-0.262975 0.180824 -0.345043 
0.0477113 -0.267969 -0.173217 
-0.0639435 0.554226 0.0595076 
-0.279782 0.365069 0.317159 
-0.289396 -0.0835253 0.0492231 
-0.177678 0.341849 0.44024 
-0.58345 -0.200288 0.73079 
-0.160101 0.0804343 0.0209456 
-0.298852 0.158664 0.198841 
-0.181336 0.443188 -0.228941 
-0.20256 -0.0938161 0.206117 
-0.167337 0.505866 -0.0238968 
-0.250564 0.00227728 0.317009 
-0.34948 -0.176867 -0.286706 
-0.189272 0.470363 0.0712753 
-0.327472 0.105213 -0.0445442 
0.567172 -0.149102 0.474798 
-0.389889 -0.0328934 0.419264 
-0.328687 0.257002 -0.206469 
-0.303422 0.297458 0.404642 
-0.388729 -0.106481 -0.369758 
-0.0888669 0.108027 -0.0406301 
-0.316131 0.31202 -0.270097 
0.265301 -0.000506379 0.330511 
-0.322471 0.177283 0.12539 
-0.372161 0.224736 0.390858 
0.323681 0.210299 0.390489 
-0.450577 0.10136 -0.17154 
-0.262379 0.384838 0.302424 
-0.258138 0.443195 -0.310687 
-0.254667 -0.0883234 0.0769655 
-0.333877 0.216325 -0.154922 
-0.415033 0.19073 0.00454579 
-0.0852717 -0.598217 0.68458 
-0.358605 0.000129528 0.352342 
-0.311392 0.299421 -0.0999982 
-0.319737 0.301512 0.353236 
-0.223408 0.494746 -0.30217 
0.333235 0.0393419 0.147688 
-0.172491 0.320918 0.43052 
0.650599 -0.299098 0.444565 
-0.0374836 0.528531 0.200588 
-0.403377 0.20667 0.168964 
-0.0644448 0.516367 0.208993 
-0.309616 0.119548 -0.0586473 
0.0831851 0.459896 0.150597 
-0.308413 0.135324 -0.240344 
-0.193778 -0.0571778 0.187433 
-0.0298274 0.442957 0.379705 
0.552399 -0.225289 0.361683 
-0.435473 0.125594 -0.138876 
-0.267857 -0.0654563 0.179493 
0.252064 0.0931828 0.473842 
-0.172605 0.126235 -0.0189444 
-0.348544 0.137606 0.389805 
-0.107838 0.414924 -0.155344 
-0.386089 0.226801 0.299669 
-0.251047 0.0175471 0.214707 
0.215612 -0.235187 -0.23901 
-0.377576 -0.033974 0.366912 
0.0351366 -0.294712 -0.212363 
-0.330451 0.291998 0.344219 
-0.229429 -0.0212058 -0.261932 
-0.388655 0.202672 0.178792 
0.303679 0.205696 0.513876 
-0.157136 0.312407 0.432039 
-0.53999 -0.112641 0.680569 
-0.272141 0.390991 -0.275627 
-0.229662 -0.355193 0.438988 
0.327058 0.058919 -0.0151226 
-0.0626895 0.314138 0.452957 
-0.333964 0.268743 0.413681 
-0.277825 0.271486 -0.445989 
-0.376576 -0.0418201 0.354774 
-0.0328829 0.302407 -0.127552 
-0.333387 0.0514242 0.058237 
-0.405467 -0.19626 0.304902 
-0.393607 0.15519 -0.180463 
0.194424 0.220074 0.0164213 
0.0135873 0.439397 0.00012111 
-0.235777 0.500466 -0.342032 
-0.337557 0.249122 0.40149 
-0.0744347 0.160366 -0.119415 
-0.221936 -0.102132 -0.00794409 
-0.0143916 0.310245 0.437869 
-0.132651 -0.549538 0.668755 
0.269222 0.111592 0.538835 
-0.00623837 -0.232504 -0.08068 
-0.434987 -0.0182804 0.329398 
0.198824 0.107105 -0.0851954 
-0.179308 0.288596 0.42556 
0.00268227 0.0298255 0.269952 
0.264274 -0.0768249 -0.117562 
-0.215427 -0.114988 -0.253996 
0.0302789 0.253873 0.480978 
-0.0140234 0.529657 0.00372216 
0.381996 0.0283592 0.546107 
-0.30448 0.209295 0.0528018 
0.128841 0.424076 0.258571 
-0.214716 0.173999 -0.294223 
0.16922 0.0567019 0.350777 
0.0413439 0.267255 0.455143 
-0.422744 -0.00220256 0.360358 
-0.222013 0.015758 -0.135547 
0.0139579 -0.0160904 0.0392159 
0.52613 0.0427539 0.481983 
-0.295928 -0.0146529 0.0438481 
0.0241152 0.0538426 0.29889 
-0.277353 -0.380685 0.6014 
-0.102642 -0.181656 0.0582102 
-0.112932 0.557975 -0.137203 
-0.0867007 -0.156373 0.0751696 
0.608434 -0.300963 0.34139 
-0.380569 -0.326368 0.609645 
-0.284862 0.397044 -0.321244 
-0.250511 0.463201 -0.210118 
-0.104314 0.24923 0.425302 
-0.0404105 0.468978 -0.0561848 
-0.0185501 0.478768 0.33298 
-0.164087 0.552053 -0.22245 
-0.534869 -0.0632181 0.163881 
-0.0406948 0.274027 0.451409 
-0.152478 0.260724 0.424114 
-0.293029 0.365261 -0.198022 
-0.480757 -0.172325 -0.168384 
-0.258043 -0.315389 -0.449261 
0.300855 0.238278 0.225952 
-0.485779 -0.052682 -0.0113209 
-0.0478463 0.132915 -0.0910078 
0.52294 0.0481774 0.358597 
-0.182355 -0.0433235 -0.207365 
-0.277878 -0.303342 0.579692 
0.100203 0.445574 0.199604 
0.0871387 0.207373 0.321329 
-0.106239 0.264404 0.425089 
0.0649244 0.314827 0.398675 
0.403004 -0.0219905 0.523157 
0.334631 -0.0837442 0.308221 
0.113871 0.478278 0.274478 
-0.0842407 -0.127436 0.0538751 
0.769904 -0.436031 0.380581 
-0.0968534 0.292222 0.440173 
-0.0271387 0.212591 0.435599 
0.0342064 -0.269082 -0.167616 
-0.353321 0.141566 0.380796 
-0.250995 -0.170069 0.247203 
0.643046 -0.273567 0.355321 
0.136473 0.135833 0.486505 
-0.311202 0.249772 0.00264316 
-0.266997 -0.153167 0.262024 
0.0444506 0.220007 0.463653 
0.637372 -0.382496 0.00664746 
-0.33045 0.00712652 0.395414 
-0.276114 0.319185 -0.380667 
-0.311444 0.327997 0.316963 
0.0137738 -0.136788 -0.0480969 
-0.0407544 -0.135581 0.020579 
-0.340029 0.130176 0.272424 
-0.0901534 0.248835 -0.148245 
0.107077 0.167038 0.449722 
-0.252906 0.275274 0.412886 
-0.352605 0.0114767 0.311222 
-0.0307804 -0.269993 -0.115166 
-0.313204 0.338401 -0.0181423 
-0.20024 -0.365102 0.514624 
-0.407476 -0.00167294 0.491786 
0.148824 0.161428 0.467196 
-0.330084 -0.121173 0.206862 
0.353329 0.0163413 0.0271157 
-0.342751 -0.182563 0.291501 
-0.159887 0.0849602 0.0172547 
-0.275603 0.430112 -0.325653 
0.396792 -0.0674291 0.387145 
0.438546 -0.169858 0.303938 
-0.0123476 -0.200215 -0.0447716 
-0.380608 0.00995836 0.462126 
-0.356827 0.141757 0.372776 
0.130204 -0.113464 -0.0968344 
-0.0484188 -0.135825 -0.149853 
0.210388 -0.11243 -0.0632218 
-0.294869 0.163038 -0.285857 
0.12635 0.110757 -0.0933681 
-0.133077 0.388514 0.428888 
-0.249845 0.390347 0.351619 
-0.291163 0.00763791 0.0550696 
0.0523798 -0.125611 -0.167613 
0.739991 -0.419778 0.359423 
0.127833 -0.103558 -0.00984222 
-0.240901 -0.270634 0.513143 
-0.0802334 -0.285491 -0.155183 
0.487981 -0.199099 0.308173 
-0.439272 -0.146338 -0.400632 
-0.427163 -0.0718379 0.202137 
-0.459389 0.0734366 -0.0311917 
-0.310757 0.345878 -0.301815 
-0.295269 -0.324501 0.381595 
-0.327905 0.278213 0.313392 
-0.322661 -0.0662572 -0.128923 
-0.403215 -0.318229 0.552227 
0.138681 0.162978 0.49954 
0.591407 -0.248641 0.407618 
-0.32574 0.327053 0.11963 
-0.298048 -0.169131 0.294064 
-0.161891 0.446094 0.33015 
0.529607 0.0556255 0.417648 
-0.301397 0.0188764 0.265369 
-0.338471 0.270604 0.24863 
0.552463 -0.409054 -0.1791 
-0.127142 0.37768 0.437117 
0.0510122 -0.136408 0.0100157 
-0.00592493 0.412081 -0.0521895 
0.273672 -0.0439095 -0.143564 
-0.252897 0.459499 -0.178195 
-0.311167 0.20275 -0.101099 
-0.351849 0.218021 0.314841 
-0.28597 -0.30859 0.50337 
0.368644 0.133361 0.314981 
0.369093 -0.0588945 0.420758 
-0.329399 -0.110756 0.0739881 
-0.356891 -0.165654 -0.045918 
0.0697303 0.472344 0.334816 
0.00581474 0.0165679 0.229455 
-0.102266 0.433651 0.386421 
-0.377899 0.0123433 0.454716 
-0.116489 0.377403 -0.169491 
-0.0647457 0.214409 0.428252 
-0.445128 0.0205629 0.236786 
0.643115 -0.282256 0.347842 
-0.457239 -0.00697049 -0.0616095 
-0.425582 0.142399 -0.172572 
-0.22428 -0.0906283 0.270345 
-0.0812241 -0.0761824 -0.0773676 
0.120731 0.102421 0.395913 
-0.475233 -0.159295 0.475837 
0.298728 -0.277199 -0.280223 
-0.32739 -0.29252 -0.0854281 
-0.327162 0.245639 -0.214004 
-0.550409 -0.134521 0.654089 
0.0303755 0.512115 0.0742182 
0.080689 0.268151 0.434836 
-0.166521 0.159847 -0.130348 
0.172553 0.302907 0.194936 
-0.33534 0.106829 0.351084 
-0.106822 0.351138 0.451414 
-0.261276 0.332101 0.402623 
0.219453 0.19442 0.534654 
-0.245275 -0.39329 0.592679 
0.367094 -0.210641 0.121813 
0.370084 0.128108 0.332677 
0.651521 -0.316339 0.377828 
0.327309 0.20455 0.408657 
0.228163 0.203729 0.227126 
-0.0764773 0.301944 0.457888 
-0.364563 -0.227294 -0.527386 
-0.279811 -0.106933 -0.371966 
-0.437908 -0.0521008 0.536349 
0.209206 -0.085879 0.0351182 
-0.425344 -0.205271 0.66962 
-0.270711 0.443692 -0.348379 
-0.076969 -0.0186053 0.209909 
-0.350804 0.0853693 0.397865 
0.0255169 0.554516 0.139082 
-0.260958 0.0102404 0.187551 
0.341014 -0.00186068 0.456767 
-0.373241 -0.038671 0.346308 
0.573604 0.00187594 0.355287 
0.461419 -0.156232 0.367116 
-0.000914262 -0.0880904 0.0123747 
-0.352887 0.163846 0.398217 
0.25207 0.282656 0.404096 
0.13609 0.177651 0.502308 
0.282602 0.271204 0.275723 
0.073556 0.38673 0.0298748 
-0.260203 -0.25112 -0.23845 
-0.189846 0.00577483 0.129363 
-0.310283 0.220695 -0.436159 
0.0856393 0.202923 0.463479 
-0.0869762 -0.258413 -0.0434266 
0.147616 0.330005 0.0614868 
-0.0314798 0.464278 0.353718 
-0.201343 0.438907 0.248713 
0.242894 0.255307 0.458548 
-0.550715 -0.0241749 0.260819 
0.688026 -0.379103 0.192251 
-0.120473 0.246264 0.425665 
-0.446252 0.0017326 -0.12078 
0.122863 0.457711 0.270236 
0.103573 0.435582 0.203186 
0.444017 0.0683134 0.187362 
0.561034 -0.165733 0.418733 
0.312162 0.180351 0.31492 
-0.367718 -0.216829 0.215191 
-0.0392255 0.210503 0.396922 
-0.285381 -0.0169206 0.290293 
-0.114349 0.310634 0.438904 
-0.382434 0.0814283 -0.309897 
0.716052 -0.410018 0.104944 
-0.368355 0.15163 0.106487 
-0.0850078 0.322509 0.462758 
-0.0943642 0.283606 0.439885 
0.296675 -0.0355564 0.343894 
0.251773 0.175688 0.525447 
0.624433 -0.24187 0.369437 
0.0861853 0.499001 0.192519 
-0.255626 0.390735 0.304891 
0.284473 -0.114989 0.235109 
0.145481 0.394212 0.325405 
-0.383421 0.18527 0.282354 
0.421546 0.132914 0.343401 
-0.228627 0.361163 -0.235287 
0.182421 -0.0494557 -0.108345 
-0.0494041 0.266438 0.443351 
0.705987 -0.393191 0.174089 
-0.148233 0.236263 0.40622 
0.00687429 0.0370595 0.264752 
-0.33036 0.0719887 0.377554 
-0.237659 0.391267 0.376256 
0.326453 -0.0157039 0.438196 
-0.267777 0.0491648 0.195885 
-0.0136718 0.123437 0.354735 
-0.309749 0.0750374 0.0930416 
-0.0632273 0.0800093 -0.0255047 
-0.243513 -0.232284 0.485225 
0.523577 -0.238132 0.319873 
-0.553934 -0.165029 0.779282 
0.272697 0.263751 0.375738 
-0.333774 0.0545821 0.109529 
0.371591 0.171564 0.401473 
-0.360714 0.15779 0.253593 
-0.234917 0.0532137 -0.025159 
-0.00266079 0.566332 0.0874186 
-0.233667 -0.350931 0.487171 
-0.260209 0.165316 -0.286676 
-0.270421 0.433609 -0.29964 
-0.184482 0.221287 0.3597 
-0.242436 0.42404 -0.270487 
0.19096 0.100211 0.461295 
-0.07809 0.292413 0.444522 
-0.239992 0.125286 -0.114974 
-0.45935 -0.118681 -0.151596 
0.522982 -0.235954 0.318464 
-0.324369 -0.0598981 -0.531938 
-0.311182 0.103466 -0.152048 
-0.295235 -0.281755 -0.547529 
-0.195778 -0.332192 0.481824 
-0.290233 0.235702 0.308288 
-0.455771 -0.0475761 0.110732 
-0.335668 0.0180536 0.294789 
-0.357845 -0.159618 -0.529897 
-0.207432 -0.363594 0.508112 
0.26454 0.187667 0.53265 
-0.198201 -0.0811697 0.150263 
0.200498 0.157118 0.524599 
-0.518262 -0.168177 0.763598 
-0.513641 -0.10614 0.669823 
-0.457336 -0.0324364 0.262893 
0.0108376 -0.0253982 0.198131 
-0.0858146 0.240757 0.413313 
0.522651 0.0174244 0.206999 
-0.367883 0.145161 0.0836688 
0.0277108 0.537092 0.0860387 
-0.316524 0.209411 -0.268025 
0.712458 -0.399955 0.13192 
-0.169294 0.178643 -0.134075 
0.149749 0.380976 0.290476 
-0.335892 0.0372855 0.0823167 
0.469296 0.0625656 0.457573 
-0.127923 -0.330675 -0.208945 
-0.350409 0.226041 0.38071 
-0.395858 -0.315348 0.734097 
-0.217484 -0.344729 0.539945 
-0.0975153 0.377531 0.431618 
-0.311422 -0.259875 0.402181 
-0.530994 -0.152499 0.759789 
-0.111951 0.572948 -0.0999652 
0.595941 -0.29953 0.320422 
-0.0932087 0.0448155 0.280216 
0.252585 0.179939 0.474118 
-0.258181 -0.229175 -0.000207165 
0.269441 0.158256 0.547073 
0.494278 -0.358559 -0.14354 
0.070417 0.413107 0.0683335 
-0.201053 0.449265 0.16518 
0.62151 -0.081658 0.247671 
0.463839 0.0578485 0.3552 
-0.119577 -0.51741 0.637369 
-0.18834 0.24305 0.395259 
0.23679 0.0083068 0.345615 
0.0993363 0.105301 0.346271 
-0.27537 -0.388246 0.625981 
-0.00823147 0.0397132 0.279493 
-0.314282 -0.0953815 -0.407528 
-0.480196 0.0463837 -0.0910772 
-0.18256 0.544659 -0.256657 
0.332217 0.221328 0.28859 
-0.08648 0.47021 -0.117374 
-0.384878 0.230841 0.324704 
0.286583 0.0623015 -0.0770027 
-0.0312184 0.297191 0.476075 
0.344639 -0.0600937 -0.08063 
-0.169525 0.0980553 0.0131082 
0.389329 0.1653 0.240074 
-0.340604 0.106151 0.402846 
0.668557 -0.112838 0.313806 
-0.0402388 -0.166783 -0.00613632 
-0.0500238 -0.0678359 0.00317226 
-0.165117 0.225899 0.383195 
0.576564 -0.0316052 0.348928 
0.0158656 -0.603605 0.58117 
0.193612 0.26597 0.33437 
-0.410281 0.182387 -0.101649 
-0.247957 -0.244578 0.34689 
0.30068 0.00885939 0.417742 
-0.0916946 -0.143734 -0.150895 
-0.234044 0.20398 -0.37216 
-0.0531174 0.138804 0.330672 
-0.163752 0.434865 -0.20898 
0.436731 -0.0932669 0.428587 
0.0430277 0.447866 0.0430909 
-0.359106 -0.0371684 0.469949 
-0.212333 -0.103061 -0.234959 
-0.395281 0.0174788 0.472228 
0.00760399 0.132335 0.378537 
-0.247775 0.194416 -0.368664 
0.379601 0.173652 0.28107 
-0.000502908 0.301606 0.435839 
-0.324379 -0.18464 -0.504127 
-0.115157 -0.111152 0.138774 
0.545062 -0.390683 -0.141823 
-0.142551 0.565631 -0.163015 
-0.0810322 0.339965 0.449883 
-0.208494 -0.272457 -0.562822 
0.188648 0.21493 0.447513 
-0.39881 -0.0153956 0.422815 
-0.26448 -0.187229 0.238345 
0.453952 -0.0647999 0.512607 
0.398106 -0.343418 -0.278179 
0.362292 -0.0280449 -0.0351705 
0.291114 -0.0130979 0.372258 
-0.366848 0.00146869 0.249077 
0.190501 0.0394017 0.328164 
0.233636 -0.0865678 -0.0938338 
0.11353 0.44321 0.236279 
-0.144077 0.316977 0.435835 
-0.302163 0.174411 0.0373508 
-0.333492 0.259306 0.313801 
-0.400622 -0.0810221 0.48469 
-0.249629 0.482349 -0.349773 
0.198652 0.267144 0.486759 
-0.189157 0.468368 0.109017 
0.0727574 0.13363 0.353186 
0.081689 0.438523 0.361112 
0.0220282 -0.147453 0.0119914 
-0.328676 0.232345 0.216916 
-0.201953 -0.385467 0.437721 
-0.187534 0.411666 0.390884 
-0.282435 -0.106007 0.0834227 
-0.183716 0.148924 -0.211298 
-0.175148 0.544136 -0.196604 
0.209428 0.0353813 0.201608 
-0.338949 0.255413 0.381797 
-0.321955 -0.383389 0.660631 
-0.402314 0.202066 0.196096 
0.212712 0.238773 0.345644 
0.423317 -0.200666 0.146637 
-0.310627 0.120004 -0.19668 
-0.256338 0.40495 0.097809 
0.0967678 0.29791 -0.0334492 
-0.560069 -0.152158 0.621401 
-0.308902 -0.040824 -0.48881 
0.340075 -0.0338759 0.355298 
-0.320069 0.283133 0.388896 
-0.27819 0.376659 0.148173 
-0.315919 0.277124 0.416391 
-0.16697 0.139209 -0.125816 
-0.311111 0.181152 -0.34622 
-0.307578 0.153376 -0.279272 
-0.00705113 0.0790969 0.328053 
-0.331153 0.0568337 0.0712512 
-0.0921186 0.321894 0.464837 
0.125528 0.098454 0.343654 
-0.308836 0.192008 -0.373081 
-0.507153 -0.233204 0.115737 
-0.295988 0.113481 0.104222 
-0.544893 -0.224611 0.416658 
-0.514717 -0.264072 0.5303 
0.363559 -0.176526 0.213854 
-0.00123331 0.526536 0.234776 
-0.109949 0.575957 -0.125582 
-0.0181681 0.506409 0.278821 
-0.316037 0.108803 -0.129185 
-0.37765 -0.157661 0.502442 
-0.239054 -0.0890042 -0.41671 
0.248108 0.29333 0.38565 
-0.320664 0.229817 -0.186685 
0.653428 -0.334292 0.362146 
-0.312306 0.181915 -0.0895891 
-0.382325 -0.0309675 0.39032 
-0.424684 -0.126882 0.584632 
0.432825 -0.188904 0.183574 
-0.465672 -0.14741 0.492849 
-0.583386 -0.222845 0.49076 
-0.00258785 0.177216 0.431065 
-0.340542 0.037667 0.247921 
-0.251183 0.193646 0.223599 
-0.252637 0.225004 0.307799 
-0.473576 -0.0980071 0.633448 
-0.477196 -0.166492 -0.0741774 
-0.430729 0.0781308 -0.256755 
0.0533394 -0.0233501 0.17522 
-0.157409 0.170164 -0.0863237 
-0.224334 -0.0446543 0.283322 
0.528129 -0.191993 0.436363 
-0.273532 0.0583824 0.302211 
-0.279974 -0.288527 0.54549 
-0.363166 -0.410177 0.792693 
-0.361993 -0.0100679 0.457739 
-0.0415213 0.432329 0.390201 
0.149851 0.341247 0.296495 
0.696722 -0.418495 0.0285198 
-0.249631 0.404352 0.264169 
-0.52556 -0.0855835 0.113383 
0.649726 -0.280555 0.323094 
-0.191095 -0.340039 0.469902 
-0.49984 -0.202135 -0.0603127 
-0.464517 -0.0422531 0.0181622 
-0.225182 -0.497871 0.705355 
-0.35082 -0.0621562 -0.134375 
-0.113156 0.378126 0.43568 
-0.0691508 -0.0295049 -0.0533883 
0.508844 -0.347127 -0.0315415 
0.0223312 0.55135 0.0958043 
0.202151 0.227179 0.37772 
-0.515362 -0.163725 0.511447 
0.207801 0.281939 0.464274 
-0.290317 -0.227379 0.534775 
-0.349106 0.204184 0.395777 
-0.0176643 -0.0823074 0.0211268 
0.0786495 0.503173 0.278566 
-0.371459 -0.399641 0.792932 
-0.201396 0.198359 -0.339813 
-0.248914 0.249761 0.376531 
-0.411461 0.180593 -0.123848 
0.0134186 0.358243 -0.0792928 
0.00716477 -0.0880868 0.087323 
-0.0435061 0.315705 0.455939 
0.189925 0.287539 0.177193 
-0.0324331 0.0285748 0.261574 
-0.00773436 0.552865 0.032552 
0.0105661 0.0748996 0.304074 
-0.517441 -0.131542 0.598418 
-0.305157 0.340307 0.239501 
0.469752 -0.323965 -0.0365217 
-0.177495 0.280812 -0.168302 
0.212984 -0.0551464 0.244965 
0.0790158 0.140145 0.415241 
-0.0501668 0.230847 0.4372 
-0.354841 -0.316019 0.673169 
0.248684 0.296198 0.30397 
-0.194061 0.542742 -0.275118 
-0.0829174 0.305088 0.442695 
0.00540707 0.535523 0.212396 
0.0160007 -0.289617 -0.194405 
-0.278573 0.340005 -0.256187 
0.426801 0.0893246 0.290813 
0.227682 0.20704 0.528857 
-0.332929 0.0468939 0.0806876 
-0.151839 0.549793 -0.135869 
-0.371084 0.0804135 0.129722 
-0.420187 -0.0925868 0.541795 
-0.345682 0.0684149 0.0776369 
-0.234162 -0.101962 -0.200407 
0.409548 -0.280857 -0.0475948 
-0.216539 0.109438 -0.0561433 
0.113494 0.479607 0.248646 
0.172765 0.257827 0.503512 
-0.576708 -0.216906 0.504597 
0.174204 0.141478 0.47474 
-0.158075 0.505357 -0.202539 
-0.0562997 0.415517 -0.105589 
-0.289554 -0.00517577 0.0457112 
-0.0556505 0.576241 0.00561785 
-0.326034 0.0231413 0.287152 
0.370615 -0.116305 0.371246 
0.0261953 -0.325906 -0.275505 
0.374071 -0.0942485 0.319071 
-0.161038 -0.0802517 0.19453 
-0.299918 0.221672 0.259292 
-0.297642 -0.0776361 0.140812 
-0.30637 0.281959 -0.454681 
-0.0381142 0.155746 0.396195 
-0.246744 0.474183 -0.331227 
0.0971687 -0.0576849 -0.0911052 
-0.311314 0.102807 -0.0739055 
0.244399 0.176943 0.539275 
0.335139 0.149105 0.525308 
-0.415915 0.00620906 0.327575 
0.0273791 0.438355 0.378011 
0.161632 -0.0167657 0.27143 
-0.364398 0.0430174 0.437064 
-0.291294 0.00422874 -0.355632 
0.370689 0.172043 0.419305 
0.209668 0.193154 0.49284 
-0.383961 -0.107191 0.0489263 
-0.33868 0.109931 -0.158769 
-0.229509 0.422039 0.243562 
-0.250261 0.324066 0.423007 
-0.0241729 -0.138442 -0.0597845 
0.733739 -0.452682 0.0224887 
-0.525542 -0.156882 0.54765 
-0.190548 -0.0753238 -0.309943 
0.145351 0.207412 0.497917 
0.078493 0.316384 0.395492 
-0.376662 -0.012203 0.410615 
-0.294625 0.0673123 0.0664402 
0.168744 0.0791347 0.343998 
0.614092 -0.266281 0.427578 
0.10921 0.448868 0.328632 
0.393169 -0.318622 -0.180424 
0.35196 0.130467 0.433733 
0.237538 -0.106846 -0.0906822 
-0.104648 0.551231 -0.016439 
0.461481 -0.12548 0.443729 
-0.374465 0.231635 0.31101 
-0.351186 0.113572 0.408504 
0.0316117 -0.13489 -0.0118345 
-0.190504 0.119224 0.0847513 
-0.421892 0.152583 -0.209008 
-0.132712 0.521591 0.0201504 
-0.169801 0.465326 0.168614 
-0.149771 0.38253 0.431446 
0.0279446 0.174177 0.368956 
-0.256012 -0.238194 0.309091 
-0.257493 -0.101556 -0.144429 
-0.262915 -0.0818203 0.250882 
0.131626 0.298214 -0.00334995 
-0.230086 0.330383 0.426549 
-0.183061 0.123396 -0.10708 
-0.3393 0.088625 0.0209249 
-0.323232 0.0714768 -0.0135763 
-0.427565 -0.152278 0.550366 
-0.326276 0.0482388 0.0375904 
0.564815 -0.412416 -0.156021 
-0.31692 -0.0847929 -0.0413831 
0.247089 -0.0836986 0.0141874 
-0.0886994 0.569985 -0.0369635 
-0.0367473 0.0019041 -0.0356216 
-0.348863 0.187991 0.392729 
0.585008 -0.246878 0.390386 
-0.398095 -0.0658218 0.433026 
0.249812 -0.0875534 0.0493125 
-0.202465 -0.215643 0.327641 
0.194399 0.12632 0.474527 
0.31984 0.151675 0.098838 
-0.157145 0.515025 -0.0237871 
-0.10926 -0.00745049 0.0222594 
-0.153779 0.480089 0.153713 
0.220318 0.244727 0.330514 
-0.335952 0.210288 0.267229 
-0.0372709 0.237345 0.432295 
0.0789918 0.491579 0.299871 
0.24608 -0.0856267 0.0332068 
0.271964 0.12562 0.515682 
-0.113199 0.234483 0.421115 
0.147853 0.345024 0.321305 
0.184893 0.258401 0.348847 
-0.312668 0.191293 -0.372858 
-0.332508 0.276607 0.281878 
-0.226032 -0.0625818 0.253672 
0.63252 -0.442362 -0.143158 
-0.181879 0.366835 0.433425 
0.401031 -0.00430059 0.534831 
-0.111659 -0.555767 0.66861 
0.183633 0.164581 -0.0802536 
0.0943873 -0.0292189 0.152728 
0.595393 -0.356447 -0.00222915 
0.169276 0.330983 0.183346 
-0.112326 0.392917 0.42468 
-0.353788 0.194129 0.399456 
-0.292749 0.356417 -0.254424 
-0.31907 -0.157094 0.0213246 
-0.109645 0.316353 -0.162529 
0.30899 0.0853246 0.544354 
-0.215058 0.423851 0.300961 
0.355385 0.171575 0.526016 
-0.52511 -0.251323 0.749738 
-0.063611 -0.142366 -0.187835 
-0.256872 0.434176 -0.0350481 
-0.324388 0.0636708 0.124885 
-0.254711 -0.307654 0.529047 
0.423728 -0.138072 0.291957 
-0.273407 -0.0791142 -0.248604 
0.506746 -0.376708 -0.152364 
-0.217454 0.161805 0.170756 
-0.469547 -0.188532 0.0824777 
0.0078081 -0.211981 -0.0685611 
-0.40296 0.210229 0.193905 
0.0631653 0.442072 0.0722935 
-0.260211 0.319913 -0.326015 
-0.284021 -0.288855 0.460117 
-0.315225 0.0888508 -0.0981528 
-0.241048 -0.247359 -0.63134 
0.337569 -0.170304 0.182882 
-0.0571875 0.313769 0.447681 
0.116809 0.44861 0.313096 
-0.048065 -0.0402845 -0.0861591 
-0.250083 -0.404528 0.533402 
-0.0839639 0.398245 0.41835 
-0.353833 0.113885 0.381525 
-0.304527 0.0535963 0.312612 
-0.45621 -0.158981 0.675748 
-0.324696 0.0738708 0.00200653 
0.123228 0.276267 0.301464 
-0.0526378 -0.0207721 -0.0626628 
-0.422381 0.0820455 -0.277694 
-0.243764 0.489607 -0.342581 
0.216008 -0.0917153 0.00876567 
-0.394024 -0.030687 0.445564 
-0.0197048 0.378825 0.418473 
-0.287673 0.0981641 0.00599597 
-0.306555 -0.0859962 0.0814609 
0.271497 0.143411 0.531523 
0.581407 0.019245 0.457023 
0.238665 -0.0803825 -0.0499787 
-0.293626 -0.428955 0.71226 
-0.393844 -0.169377 0.47241 
0.0498018 0.0529664 -0.0993143 
-0.554936 -0.221378 0.77825 
0.644017 -0.297981 0.442648 
0.61111 -0.0652501 0.335819 
-0.190432 -0.457671 0.636641 
0.174491 0.311598 0.0995266 
-0.170621 -0.465561 0.630345 
-0.289123 0.354856 0.316656 
-0.160299 0.146573 -0.178468 
-0.318387 0.0889122 -0.0770796 
-0.420731 -0.326751 0.740734 
-0.346328 -0.117931 -0.303815 
-0.347494 0.203543 0.391005 
-0.180542 0.477018 0.0825052 
-0.386889 -0.144995 -0.0257921 
-0.325865 0.274971 0.395149 
-0.309417 0.303871 0.380692 
-0.00875033 -0.0486772 0.155773 
-0.279805 0.369534 0.165788 
-0.270624 0.28288 0.416714 
-0.040512 -0.0858607 0.0339219 
-0.0663169 0.26785 0.436068 
-0.170865 0.498033 -0.218482 
-0.355253 -0.0733194 0.0180981 
0.150042 -0.191434 -0.254134 
-0.0642996 0.00136749 0.230722 
-0.0826111 -0.0277142 0.0168561 
0.335726 -0.233919 -0.0117769 
-0.290143 0.364396 -0.277616 
-0.22931 0.48717 -0.306322 
-0.282317 0.223532 -0.427579 
0.300642 0.0329054 0.463354 
-0.177672 -0.31456 -0.743578 
-0.386004 0.0263611 -0.299141 
-0.306821 0.285825 -0.199178 
0.107584 0.189477 0.453729 
-0.38728 0.088236 0.097294 
-0.327488 0.282987 0.37552 
0.101014 0.282282 0.396105 
-0.364565 0.17767 0.127843 
-0.310722 0.24541 -0.445707 
0.135805 0.258797 0.267248 
0.262776 0.261901 0.253997 
0.0587307 0.317583 -0.0621654 
-0.190853 0.406625 -0.228526 
0.161496 0.122435 0.381276 
0.07283 0.310623 -0.0439023 
0.343165 -0.0609586 0.327445 
-0.0901243 0.462375 0.343707 
-0.310298 0.2062 -0.137476 
-0.268629 0.0237738 0.329378 
-0.389262 -0.142732 0.402185 
0.795537 -0.445384 0.445623 
-0.117203 0.319737 0.461815 
-0.587618 -0.190826 0.749116 
-0.306035 0.022111 0.306394 
-0.334027 0.0267219 0.412662 
-0.274106 -0.0616989 -0.302188 
0.719295 -0.411677 0.323672 
0.122527 0.165936 0.408665 
-0.206763 0.473658 -0.0271346 
-0.35971 0.24063 0.402622 
-0.185061 0.505132 -0.240462 
-0.253438 -0.0188411 0.244498 
-0.361801 0.235807 0.317132 
-0.421781 0.154323 -0.176488 
-0.241469 0.382956 -0.25203 
-0.308171 -0.14002 0.322071 
-0.320571 -0.00849436 -0.325873 
0.0395873 -0.0124908 -0.0500531 
-0.349591 -0.17798 -0.207739 
-0.0973361 0.472389 0.317826 
0.260126 0.192343 0.0334334 
0.130348 -0.138066 -0.129009 
-0.232214 0.34543 0.420691 
-0.403687 0.151773 -0.194744 
-0.413468 0.144398 -0.253767 
-0.00829321 -0.00182665 0.227774 
0.410141 -0.0684125 0.422238 
0.282928 -0.0749033 -0.00452817 
-0.324973 0.0155299 0.396092 
-0.338057 0.193335 -0.112593 
0.18494 0.24783 0.234373 
-0.310425 0.285139 -0.129411 
-0.00302024 0.50757 0.00943079 
-0.358733 -0.178621 0.365062 
-0.408019 0.205415 0.150925 
0.382141 -0.0776019 0.39113 
-0.0397552 0.289269 0.441518 
-0.309462 0.223757 0.0927191 
0.333463 -0.0826426 0.315038 
-0.428599 0.130015 -0.225431 
-0.247255 -0.264637 0.245699 
-0.156083 -0.0342814 -0.119601 
0.282301 -0.0553667 0.371436 
-0.563785 -0.127681 0.738002 
-0.280994 -0.149539 0.46578 
0.209162 0.116579 0.455669 
-0.0323894 0.0288196 0.250231 
-0.00587003 0.222914 0.399406 
-0.31567 0.0942175 0.265634 
0.291968 -0.278503 -0.240285 
-0.463649 -0.231532 0.737902 
-0.0922096 0.579092 -0.0870275 
-0.200478 -0.28918 -0.134851 
0.134286 0.355355 0.349501 
-0.259604 0.121688 -0.0957286 
-0.329428 0.121864 -0.0607947 
-0.372881 0.0489419 0.439088 
0.222255 -0.193702 -0.130529 
0.0631066 -0.0856908 -0.0791502 
-0.33385 -0.205584 -0.705405 
-0.56668 -0.213882 0.683717 
-0.385292 0.205029 0.337608 
-0.244101 0.00629859 0.235515 
-0.411653 -0.0359986 -0.0837815 
-0.169408 -0.271631 -0.103219 
0.0815925 0.326506 0.388189 
-0.270793 -0.497236 0.773519 
-0.314611 0.157212 0.274945 
-0.21837 -0.398604 0.47529 
-0.300451 -0.410021 0.697994 
-0.365028 0.166094 0.359059 
-0.0227428 -0.622237 0.647697 
-0.294015 0.390744 0.00917447 
0.027498 0.231487 0.438624 
-0.262118 0.0548336 0.233912 
0.107488 0.388429 0.228972 
-0.27522 -0.148424 -0.217024 
-0.281719 -0.0592038 0.277812 
0.286372 0.0411331 0.409825 
-0.417121 0.16978 -0.161229 
-0.112332 -0.104199 0.0893664 
-0.00939772 0.0316696 0.261835 
0.372799 0.175139 0.336673 
-0.314756 0.316062 -0.0494727 
-0.0676809 0.572048 0.0013351 
0.482878 -0.230659 0.150829 
-0.328992 -0.067654 0.459487 
0.0717244 -0.00303901 -0.0770999 
0.218265 0.138021 0.527039 
-0.115746 0.229594 0.415472 
-0.325728 0.0832866 0.38684 
-0.143545 0.464438 -0.187733 
0.000831755 -0.00402227 0.210698 
-0.322193 0.0842124 -0.0235515 
-0.336692 0.212326 -0.136149 
-0.249924 0.451783 -0.0759783 
-0.127702 0.00405694 0.252503 
-0.342637 0.0640922 0.190951 
-0.351711 0.00472005 0.18646 
-0.216299 0.338508 -0.212854 
0.35993 0.13407 0.34149 
-0.246417 -0.27174 0.384719 
-0.181297 -0.216754 0.019401 
-0.130796 -0.325144 -0.18052 
-0.508868 -0.105496 -0.0346127 
0.4302 0.0294414 0.547508 
0.0798448 0.0148414 0.21274 
-0.242018 0.253608 -0.404468 
-0.357496 0.154547 0.387553 
0.446525 -0.234021 0.207096 
-0.0953307 0.0591668 -0.0119724 
0.163588 0.233631 0.517366 
-0.206905 0.253208 -0.327288 
0.457734 -0.111221 0.467251 
-0.190637 0.00214124 -0.0881738 
-0.0868771 -0.279516 -0.0805828 
0.0920011 0.304605 0.386661 
-0.130229 0.557706 -0.0977093 
0.133204 0.245161 0.278912 
-0.163326 -0.330799 -0.692804 
0.422314 0.132449 0.312363 
0.221128 -0.221222 -0.247657 
-0.317542 0.0638615 0.13392 
0.0854384 0.0158096 0.237061 
0.243587 0.0880915 0.455987 
-0.00807118 -0.55554 0.534952 
-0.402356 0.171284 -0.099091 
-0.408509 0.177927 -0.0505189 
0.0149364 -0.048453 0.121687 
-0.292547 -0.123933 0.15335 
0.510685 -0.385137 -0.184459 
-0.303246 0.186777 -0.360599 
-0.118395 -0.435966 0.5044 
0.394714 -0.132821 0.305904 
0.0581836 0.0544747 0.283391 
-0.409632 0.170642 -0.0516313 
0.702625 -0.375145 0.201784 
0.238914 0.276914 0.448506 
-0.249044 -0.324361 0.468523 
-0.397578 -0.158879 0.556761 
0.474727 0.0831263 0.28442 
0.0880839 0.20156 0.481237 
0.447535 -0.368504 -0.265788 
0.117254 0.398325 0.362244 
-0.312511 0.238655 -0.095984 
-0.160232 0.502456 0.0210295 
0.147636 0.308956 0.438179 
-0.228641 -0.0343212 0.289823 
0.3041 0.155708 0.462932 
-0.372629 0.0474667 -0.315977 
-0.0782483 0.253607 0.414171 
-0.169277 0.532613 -0.12705 
-0.453387 -0.129807 -0.322858 
-0.201734 0.459591 0.105119 
0.232299 -0.0474711 -0.133455 
0.154503 -0.0919681 -0.113049 
-0.327436 0.127475 -0.0729514 
-0.390954 0.219507 0.32562 
0.277508 0.278518 0.309611 
-0.307002 0.212066 -0.028318 
-0.43757 -0.134695 0.595953 
0.114144 0.0992368 0.342842 
0.346092 0.03458 -0.0153675 
-0.521536 -0.0226857 0.203715 
0.24741 0.194156 0.400101 
-0.401996 0.108788 0.0226842 
-0.286035 0.311531 0.412062 
0.155856 0.29577 0.212068 
-0.346723 0.180861 0.397279 
-0.327468 0.149817 -0.101985 
-0.578316 -0.226078 0.506909 
0.140535 0.237259 -0.0505214 
-0.00830464 0.061324 0.308002 
-0.167672 0.14188 -0.182062 
-0.489952 0.0353453 -0.0466603 
-0.265174 0.311537 -0.378072 
-0.273169 -0.313194 0.59172 
-0.266491 -0.0337464 0.279383 
-0.255988 -0.226662 0.29846 
-0.394356 -0.0902932 -0.443628 
-0.074698 0.549917 0.0501902 
0.146672 0.166669 -0.0901613 
0.0623507 0.48771 0.315933 
-0.183819 -0.368857 0.522822 
0.229203 -0.075686 -0.0178152 
-0.237218 -0.371143 0.522891 
0.267551 0.199294 0.346443 
-0.257079 -0.145289 0.252964 
-0.175988 -0.287181 -0.0326487 
-0.0648856 -0.111914 0.0277475 
-0.174421 0.42482 0.375311 
-0.175886 -0.270584 0.0104066 
-0.372503 -0.0340099 0.345258 
0.199982 0.271684 0.482938 
-0.397643 -0.0681226 0.449615 
-0.573256 -0.138304 0.741911 
0.187581 0.0253366 0.397328 
-0.337634 0.0859672 0.404947 
0.112167 0.311156 0.365392 
-0.244121 0.347318 0.404734 
0.366544 -0.0115036 -0.0456424 
0.241707 0.0744125 -0.0876655 
-0.311565 -0.0201789 0.415371 
-0.216329 -0.311588 0.419295 
-0.10098 -0.112562 -0.223099 
0.138571 0.339021 0.341607 
-0.313784 -0.177286 0.0199991 
-0.331721 0.0522777 0.160983 
0.327449 -0.0528346 0.0225389 
0.045512 0.541997 0.152967 
-0.310151 -0.193298 0.0382142 
0.219362 0.115035 -0.0815203 
-0.103857 0.578056 -0.104496 
0.0958391 0.122137 0.349942 
-0.0875584 0.538104 -0.105327 
-0.392367 -0.331651 0.689952 
-0.269044 0.363072 0.369825 
-0.283157 0.34991 0.368966 
0.0698581 -0.0266162 0.114949 
0.0456068 0.276216 0.443693 
0.288214 0.0844062 -0.0520569 
-0.267458 -0.211738 0.285626 
0.08275 0.0402481 0.236616 
0.183325 0.185501 0.518889 
-0.120794 -0.30629 -0.189998 
-0.283894 -0.0938746 0.140391 
0.35521 -0.0444859 0.00489517 
0.439409 -0.16349 0.303663 
-0.0734488 0.229421 0.432701 
-0.389551 -0.0518851 0.479166 
-0.226292 0.284516 -0.320225 
-0.511663 -0.0294619 0.185873 
-0.0670569 0.309319 0.469774 
-0.303645 0.197732 0.116976 
-0.316523 -0.152895 0.315588 
-0.314392 0.273452 0.00691706 
-0.306517 -0.373722 0.539359 
-0.217735 -0.288447 -0.340941 
-0.266133 -0.263114 -0.749478 
-0.288401 -0.339167 0.555534 
-0.527563 -0.101988 0.672242 
0.298189 0.113904 0.549764 
-0.173366 0.0111843 0.273641 
0.309361 0.131244 0.553762 
0.171351 0.338062 0.160771 
-0.471 -0.0819182 0.594913 
-0.340694 0.141299 -0.0431171 
-0.322846 -0.0407196 0.379784 
-0.353524 0.21204 0.217414 
-0.28719 -0.0596962 0.336942 
-0.404677 0.189823 0.0450113 
-0.214997 0.0211412 -0.0915623 
-0.017455 -0.12342 -0.0842917 
-0.338488 -0.172714 -0.0275776 
0.00954548 0.312682 0.425104 
-0.316463 0.0638603 0.350946 
0.338763 -0.0781989 0.402228 
-0.465906 -0.16787 -0.0432859 
-0.297087 -0.00269608 0.389326 
-0.281734 -0.284186 0.449421 
-0.355555 -0.273358 -0.312337 
-0.328642 -0.173801 0.259896 
-0.291973 -0.121743 0.0659638 
0.48887 -0.160236 0.425203 
0.467847 -0.0149647 0.547817 
-0.309866 0.309728 0.376729 
-0.225266 0.190337 0.244017 
-0.0591178 0.561348 0.0486888 
-0.445361 -0.276914 0.621818 
0.170951 -0.19744 -0.152023 
-0.224314 -0.275491 0.387742 
-0.0457393 -0.337409 -0.26581 
-0.126803 -0.1384 0.108159 
-0.349413 0.137837 0.367303 
0.295051 -0.0865334 0.323391 
-0.349535 0.0934562 0.388026 
-0.388768 -0.3251 0.660282 
0.175112 -0.0923485 0.0330294 
-0.301312 0.135804 0.0901465 
-0.378174 -0.110388 0.205195 
-0.463905 -0.0923536 0.580991 
0.610916 -0.40467 -0.0912771 
-0.140312 0.230804 -0.152889 
-0.547428 -0.151993 0.768083 
-0.0384862 -0.11381 -0.108289 
0.106865 0.293008 0.382388 
-0.0651295 0.230353 0.419336 
-0.287891 0.378359 -0.292313 
-0.309304 0.024782 0.348876 
0.256135 -0.0209295 0.314939 
-0.498176 -0.109358 0.688382 
-0.123921 0.0186762 0.263341 
-0.0360166 0.210912 0.38874 
-0.517232 0.0101633 0.216574 
-0.439172 -0.315298 0.768801 
-0.400156 -0.05602 0.47315 
-0.429801 -0.253264 0.155824 
0.256517 -0.0967233 0.232929 
-0.284124 -0.0945431 -0.0574317 
-0.268974 0.22142 -0.421069 
-0.011814 0.260044 0.419877 
0.243491 0.291375 0.281736 
-0.305429 0.0886512 0.0379189 
0.546292 0.0202312 0.458873 
-0.08596 -0.13034 -0.205883 
0.167545 0.196715 -0.0710732 
0.571534 0.0175401 0.474188 
-0.0821187 0.419406 0.40277 
-0.539342 -0.138447 0.753041 
-0.29021 0.404439 -0.351882 
-0.267492 -0.0719244 -0.327658 
-0.451774 -0.0956911 0.547257 
-0.126034 -0.120257 -0.240274 
-0.279905 -0.0336386 0.115859 
0.260361 0.0859728 -0.0814344 
0.120009 -0.0299737 -0.110017 
-0.213357 0.450029 0.101455 
-0.304481 0.207356 -0.407663 
-0.283002 -0.0918969 -0.00509317 
0.300829 0.0271399 -0.0896729 
-0.291027 -0.0355957 0.118048 
0.288234 -0.159636 0.109404 
-0.0289025 -0.523257 0.530954 
-0.0317027 -0.101233 -0.0584602 
0.10344 0.25807 0.433196 
-0.183809 -0.226241 -0.0285454 
-0.375141 0.0690304 0.163979 
-0.313909 0.0175448 0.374132 
-0.239858 0.233645 -0.404465 
-0.215026 -0.0213728 -0.224925 
0.0684201 0.128363 0.361336 
0.245552 0.299976 0.319547 
-0.484022 -0.172455 0.718622 
-0.18019 0.432637 0.349966 
0.31328 0.014495 0.402058 
0.0293844 0.477344 0.0435151 
-0.271759 -0.130844 0.0716294 
-0.282006 -0.00346086 0.0937623 
-0.301738 -0.202573 -0.415149 
-0.331131 0.297041 0.146609 
-0.17036 -0.503348 0.665376 
-0.0551224 0.319591 0.441696 
-0.291035 0.331248 -0.31671 
0.317389 0.18447 0.528547 
0.00495088 -0.087736 -0.0541354 
-0.547391 -0.0711808 0.203167 
-0.131974 0.469288 0.287764 
-0.233963 0.40254 -0.254483 
-0.198883 -0.0454673 -0.25759 
-0.311073 0.228433 -0.427881 
0.0414399 0.400435 0.397309 
-0.288615 0.377676 -0.268101 
-0.122563 -0.19036 0.0461613 
-0.234431 0.00308949 0.194735 
0.219842 -0.0826588 0.208704 
-0.571855 -0.159408 0.774904 
-0.379284 -0.0289823 -0.378265 
-0.342155 0.244077 0.376225 
-0.301763 -0.391802 0.674877 
0.0811987 0.0788829 0.360882 
-0.47982 -0.0937769 -0.170309 
0.0239344 -0.0172153 0.211625 
-0.349529 0.0787559 0.0745157 
-0.108054 0.522362 -0.137802 
-0.400386 -0.0913224 0.476106 
-0.0437968 0.569169 -0.0154206 
0.391726 0.138033 0.172317 
-0.2731 0.346918 -0.249104 
-0.100801 0.308841 0.464261 
-0.179595 -0.114369 0.183143 
-0.525258 -0.160166 0.755734 
-0.326247 0.0807098 0.395671 
-0.474975 -0.188075 0.724964 
-0.189263 0.323997 0.427821 
0.206065 0.272737 0.142865 
-0.242018 -0.0976094 0.166583 
-0.528866 -0.102531 0.685482 
-0.075425 0.19149 -0.142569 
-0.227678 -0.275191 0.0330918 
0.350607 0.10147 0.0402226 
-0.0953118 0.0384955 0.00155749 
-0.348815 0.0328213 0.422339 
0.0557014 -0.0925579 -0.0409505 
-0.145602 0.521233 -0.00882951 
-0.166903 -0.124367 -0.175447 
-0.391949 -0.1403 -0.47173 
-0.499428 0.0368944 0.0741717 
-0.291126 0.35017 0.184063 
-0.479436 -0.114821 -0.189685 
-0.310189 0.0379288 0.35675 
-0.495748 -0.106924 -0.0295039 
0.258272 -0.0165779 -0.134334 
-0.597625 -0.178756 0.634392 
-0.277325 0.418714 -0.259157 
0.0199582 -0.0793917 0.0824966 
-0.36687 0.240799 0.39484 
-0.22554 -0.0677082 0.336601 
-0.376393 -0.018214 0.367503 
0.419073 -0.0114959 0.536994 
-0.298405 0.0168828 0.0084806 
0.538423 -0.240888 0.311308 
-0.509162 -0.0894216 -0.0167972 
-0.160832 0.547035 -0.216214 
-0.554256 -0.12906 0.681116 
-0.244463 0.0189407 0.191859 
-0.24754 0.312009 -0.277216 
-0.439722 -0.12544 -0.379074 
-0.110827 0.0221034 -0.0355028 
-0.356573 0.0104695 0.288582 
0.521046 -0.180715 0.404897 
0.0693743 0.080877 0.355241 
-0.438632 -0.0956149 0.53758 
-0.451497 0.100583 -0.133265 
0.0179084 -0.084547 0.0950169 
-0.262535 -0.487119 0.746295 
-0.344979 0.11894 0.386336 
0.0363372 0.327862 -0.0829963 
0.05981 0.512227 0.124913 
-0.0879166 0.549437 0.0237821 
-0.411859 0.0221987 -0.239014 
0.369305 0.120879 0.393828 
-0.349521 0.254371 0.409347 
0.0314388 0.548878 0.127401 
0.345836 -0.0665675 0.35394 
-0.419571 -0.093897 0.503358 
-0.258335 0.389295 -0.263364 
-0.498832 -0.238061 0.128058 
0.177844 0.0413055 0.32973 
0.322622 0.138185 0.0496435 
-0.324919 -0.107034 0.371177 
-0.19407 0.53778 -0.261249 
0.0432457 -0.264871 -0.163357 
0.213167 0.195759 0.244196 
0.00982358 0.130607 0.348823 
-0.132079 0.0569497 -0.00141691 
-0.312644 0.34807 0.11448 
-0.464688 -0.0370325 0.107321 
0.646081 -0.447793 -0.101278 
-0.373828 -0.378535 0.765159 
0.377636 -0.329548 -0.287366 
0.233594 0.257544 0.303053 
-0.35136 0.0197776 0.233569 
0.22382 -0.0753288 0.218925 
-0.34353 0.124371 0.36172 
-0.231721 0.214469 -0.381939 
-0.323299 0.224524 -0.200416 
0.368184 0.145066 0.271193 
-0.214102 0.471285 -0.26987 
-0.307059 0.287296 -0.270079 
-0.385428 -0.0238556 0.464379 
0.0429454 0.466947 0.0581026 
0.627142 -0.0688939 0.297169 
0.473314 -0.157141 0.313521 
-0.245693 0.205276 -0.38053 
-0.242472 -0.320701 -0.317345 
-0.214968 -0.00481266 0.280885 
-0.285961 -0.364249 0.590534 
-0.414512 -0.207051 0.132247 
-0.312703 0.0848116 -0.18464 
-0.375571 -0.226543 0.603287 
-0.192477 0.444379 -0.238922 
-0.267365 -0.251552 0.125742 
-0.311233 0.235303 0.294534 
-0.353021 0.0989184 0.0951962 
-0.00589907 0.0193742 0.248886 
-0.421356 -0.0660761 0.520205 
0.207997 0.202884 0.461102 
0.206978 -0.000289902 -0.120514 
-0.308061 0.320005 -0.289671 
-0.111613 -0.0125202 0.0261659 
0.616413 -0.279116 0.385847 
-0.396838 -0.0753071 -0.451267 
-0.173443 0.0665664 0.0509068 
-0.0907283 -0.12987 -0.0591954 
-0.396337 0.220179 0.288452 
-0.374984 -0.0624011 0.461654 
-0.409221 -0.0626687 -0.390161 
0.399228 -0.33802 -0.246716 
0.586936 0.00883467 0.422888 
0.572201 -0.00784097 0.311368 
-0.32906 0.0420972 0.245666 
0.157455 0.245334 0.511833 
-0.530334 -0.18315 0.452962 
-0.0627412 -0.53509 0.603299 
0.0314965 0.30852 0.467394 
-0.406959 -0.0915998 0.240854 
0.251651 0.266052 0.421731 
-0.145098 0.0344316 0.0454144 
-0.0634502 0.383689 0.423897 
0.0234629 -0.151194 -0.00348833 
-0.128591 -0.326011 -0.216741 
0.313694 0.153046 0.516361 
-0.147092 0.566021 -0.182098 
0.247592 0.0136299 0.362598 
-0.266214 -0.103233 0.417544 
0.104312 0.479249 0.218758 
-0.498828 -0.252713 0.655006 
-0.218776 0.0528853 0.0156038 
-0.310074 0.218861 -0.359773 
-0.202037 -0.151426 -0.161776 
0.0200266 0.066061 0.263312 
-0.100089 0.505966 0.175533 
-0.169052 0.296678 -0.177165 
-0.0331492 0.178142 -0.12028 
-0.073103 0.418536 -0.12305 
-0.335038 0.260507 0.394887 
0.604914 -0.311285 0.306636 
-0.291403 0.379217 0.106058 
0.0573402 0.268409 -0.0777169 
-0.337684 0.158402 -0.0766488 
0.222947 0.143334 0.499913 
0.328768 -0.305116 -0.300431 
-0.225688 -0.265027 -0.708484 
0.284498 0.167338 0.445098 
0.108072 0.264685 0.292996 
-0.248305 0.484395 -0.352849 
-0.418407 -0.066895 0.538779 
-0.0259414 -0.309059 -0.190644 
-0.00285253 0.301355 0.47576 
-0.0289406 -0.142404 0.0178718 
-0.382787 0.193893 0.321033 
-0.139352 0.368251 -0.183737 
-0.29668 0.029321 0.0663067 
0.050303 0.497422 0.302903 
-0.235899 0.399978 0.360722 
-0.150172 -0.0976209 0.0644144 
0.295362 0.198604 0.52486 
-0.34237 0.229437 0.398768 
-0.270221 -0.180315 0.228281 
0.155754 0.0662526 -0.101164 
0.0998662 0.139412 0.4071 
-0.342975 0.0192553 0.415963 
-0.388628 0.190712 0.118876 
0.212289 -0.0203988 -0.125017 
-0.28321 -0.0663045 0.106145 
-0.283025 0.0331855 -0.265603 
0.123916 0.343217 0.363185 
-0.169844 0.546856 -0.232891 
-0.159322 0.12896 0.161969 
-0.00905844 0.0416984 0.278623 
-0.313147 -0.0224802 -0.321489 
0.369609 0.123187 0.499201 
-0.430364 -0.257644 0.118972 
-0.145992 0.30724 -0.173963 
-0.149994 0.0230119 0.0306515 
-0.299757 -0.0156557 -0.33533 
0.205128 -0.120153 0.0892113 
-0.453587 0.0852107 -0.0665458 
-0.342761 0.0989135 0.13466 
-0.317567 0.256147 0.0978954 
-0.339835 -0.119881 0.379267 
-0.401737 0.196308 0.167633 
-0.184092 0.481544 -0.235437 
-0.0670191 0.548968 -0.0718178 
0.24385 0.192605 0.421398 
-0.388479 0.173452 -0.00825481 
-0.309925 0.114798 -0.182521 
-0.375727 0.236962 0.346821 
-0.235771 0.4784 -0.149917 
-0.309802 0.293432 -0.270985 
-0.197277 0.247058 -0.170359 
-0.291683 0.0148958 0.0104288 
-0.462645 -0.117472 0.646296 
0.190145 0.302411 0.175095 
-0.150742 -0.0819189 0.13696 
-0.0759919 0.233 0.431405 
-0.257955 -0.318185 -0.376659 
-0.321678 0.276638 0.402116 
-0.403076 -0.128403 0.434204 
0.121335 -0.0657095 0.104479 
-0.3455 0.0841196 -0.284645 
-0.431008 0.108667 -0.0683005 
0.215627 0.0865702 0.500195 
0.516764 -0.140933 0.40102 
0.131221 0.253689 0.414209 
-0.0296418 0.198273 -0.119937 
-0.489752 -0.202409 0.7468 
-0.282273 0.364252 0.179866 
-0.226501 0.317355 -0.20467 
0.277844 -0.0269977 -0.11795 
0.462192 -0.1905 0.341805 
0.345378 -0.308055 -0.242338 
-0.244976 0.355787 0.39383 
-0.277492 0.32795 0.386629 
0.203818 0.103372 0.448194 
-0.311309 0.143985 -0.208872 
-0.379104 -0.273201 0.0465283 
-0.281622 0.239254 -0.441356 
-0.378017 -0.128054 0.545414 
-0.200049 0.350341 0.436008 
-0.372259 -0.114851 -0.315222 
-0.311458 0.197998 -0.0780022 
-0.242551 -0.117203 0.250692 
0.16408 0.116927 0.490714 
0.105239 0.125254 0.456842 
0.381964 0.0246721 0.497913 
-0.191506 0.400048 0.40349 
-0.349322 0.141176 0.290288 
0.187694 -0.208552 -0.266563 
0.120939 0.466286 0.271999 
0.174464 -0.0567469 0.204691 
0.182474 0.0433004 0.359686 
-0.267197 0.395511 0.130307 
0.116245 0.18213 0.443073 
-0.196447 -0.284602 -0.617339 
0.708956 -0.387084 0.36502 
-0.105759 0.337203 -0.164059 
0.013412 0.0898005 0.330671 
-0.200217 0.526979 -0.245129 
-0.0715153 0.330361 0.449675 
-0.316235 0.00525295 0.0653019 
0.0884168 0.24089 0.360743 
0.559318 -0.00591318 0.401339 
-0.320554 0.142478 -0.112035 
-0.308219 -0.280556 0.0463214 
0.0391307 0.208986 -0.0826674 
-0.536094 -0.215886 0.288402 
-0.0584073 0.20522 0.423677 
-0.0521971 -0.27749 -0.144483 
0.273302 -0.0121855 -0.0777899 
-0.314746 0.0523015 0.364712 
-0.526723 -0.185827 0.255867 
-0.423391 -0.179734 0.0171914 
-0.262345 -0.430686 0.66386 
-0.0271847 0.426431 -0.066979 
0.239907 0.293224 0.413503 
-0.311861 0.191294 -0.107881 
0.270128 0.109787 0.499404 
-0.277953 0.0697729 0.154242 
-0.149316 -0.15229 0.132722 
-0.259818 0.466505 -0.355328 
-0.091234 0.478271 0.306865 
-0.214123 0.293732 -0.189666 
-0.343039 0.196407 0.299874 
0.0856614 0.107829 -0.0979816 
-0.334887 0.253438 0.398196 
-0.28412 0.325771 -0.36673 
-0.281313 0.114149 -0.0632503 
-0.408573 0.204374 0.16324 
0.642986 -0.377018 0.0363535 
-0.348819 0.0100095 0.417693 
-0.252006 0.0791724 0.0315215 
-0.396661 0.211162 0.284985 
-0.402667 -0.251753 -0.242772 
0.201283 0.0614405 -0.109793 
-0.147525 0.50312 0.0543004 
-0.289616 0.351561 0.334887 
-0.514921 -0.104081 0.0307945 
-0.292409 -0.175125 0.287658 
0.82292 -0.495057 0.37478 
-0.421527 0.00992051 0.298987 
-0.326797 -0.254998 0.481081 
0.0241691 -0.251161 -0.128683 
-0.0467983 -0.0241998 0.19543 
0.480779 -0.158742 0.35845 
-0.284383 -0.312275 0.502344 
0.108161 0.324127 0.399343 
0.425225 0.120335 0.201781 
-0.58516 -0.162946 0.64699 
-0.0954404 -0.458109 0.54223 
0.176456 -0.0846227 -0.117433 
-0.406062 0.006113 -0.222975 
0.554885 -0.20167 0.416325 
-0.22826 -0.401971 0.611981 
0.036677 -0.0632864 0.122675 
0.506102 -0.163605 0.44327 
-0.179708 0.539804 -0.249105 
-0.314795 0.12706 -0.096018 
-0.166675 -0.126503 -0.150867 
-0.349848 0.199386 0.398431 
0.0716595 0.51395 0.178375 
-0.368107 0.108595 -0.265235 
-0.287327 0.0113618 0.0748663 
-0.316109 -0.291691 -0.361384 
-0.106371 -0.494679 0.604898 
-0.308846 0.22797 0.00440359 
-0.119687 0.179143 -0.119054 
0.178162 0.323361 0.119239 
-0.0354836 -0.069191 0.00104023 
0.482443 -0.373267 -0.199203 
0.116249 -0.0737814 0.0873386 
0.1712 0.128425 -0.090899 
-0.338644 0.204434 0.281126 
0.101327 0.354801 0.384667 
-0.00234507 -0.0492765 0.159779 
-0.151698 0.470336 0.207455 
-0.398542 -0.172538 0.365112 
-0.00615875 -0.262658 -0.132183 
-0.240761 0.411199 0.244933 
-0.287727 -0.128756 0.196732 
0.154511 0.319935 0.366726 
-0.343657 0.247795 0.288826 
-0.270893 -0.122772 0.220038 
0.654634 -0.289623 0.332155 
-0.0235338 0.519501 -0.0159031 
0.100481 -0.115643 0.0156265 
-0.0654267 0.436692 0.3861 
-0.552862 -0.123508 0.689116 
-0.318834 0.308284 -0.268478 
-0.254883 -0.335824 0.483068 
0.23549 -0.00184137 0.331935 
0.411783 -0.105089 0.385251 
-0.349891 0.0513256 0.112758 
-0.201158 0.439726 0.216301 
-0.0146785 0.213529 -0.105875 
0.0760442 0.194545 0.319914 
-0.0404351 -0.121939 0.00551607 
-0.301501 0.292121 -0.267892 
-0.284527 0.0587354 0.116838 
0.0330639 0.0822404 0.28378 
0.105513 0.27252 0.359339 
-0.252538 -0.016938 0.33958 
-0.195845 0.0714805 0.0129298 
-0.387901 0.175462 0.0652828 
-0.215473 0.271988 -0.314168 
-0.334146 0.297416 0.194029 
-0.528594 -0.196977 0.305773 
-0.592099 -0.17887 0.744774 
-0.15969 0.424332 0.384268 
-0.18706 -0.296735 -0.0570609 
-0.214901 0.490028 -0.281616 
-0.251819 -0.196994 0.108426 
0.393652 -0.0498414 0.445044 
-0.480164 -0.246697 0.386823 
-0.280449 -0.24284 -0.769661 
-0.283571 0.227592 0.28817 
-0.0796823 0.541555 0.0677653 
0.10069 0.45689 0.210692 
-0.28604 -0.303888 0.597897 
-0.259892 0.220463 -0.413363 
0.230858 0.0601562 -0.0997656 
-0.363814 -0.00569288 0.253585 
-0.362543 -0.0535985 0.482545 
0.39523 -0.130988 0.316533 
-0.395536 0.00760098 0.338917 
-0.0359603 0.562082 0.0862075 
-0.174833 0.342827 -0.193493 
-0.00841322 0.0975022 0.331534 
-0.315375 -0.238129 0.466271 
-0.32463 -0.186644 -0.407027 
0.0518842 0.183718 0.381482 
0.241597 0.231129 0.112288 
-0.292439 0.291378 0.420073 
-0.030678 -0.0468479 -0.0994454 
0.355087 0.131177 0.380006 
-0.347323 0.0956951 0.0442693 
0.0235356 0.531084 0.230747 
-0.145798 0.477765 0.182303 
-0.26147 -0.206004 0.2951 
-0.381489 0.20595 0.354995 
-0.0520931 0.304932 0.472334 
-0.290736 0.35541 -0.300797 
-0.55811 -0.222931 0.762731 
-0.353026 -0.0898596 0.330698 
-0.51832 0.0185509 0.113187 
-0.594297 -0.178949 0.732784 
-0.30815 0.273024 -0.175012 
-0.304742 0.0799148 0.338853 
-0.352991 0.0960119 0.414035 
-0.230119 -0.210394 0.0712031 
-0.26523 -0.259927 0.364212 
-0.313115 0.106262 -0.070816 
-0.384592 -0.0532343 0.375718 
-0.169212 -0.0954699 0.167367 
-0.390505 0.18576 0.16253 
0.0968192 0.236183 0.47572 
0.516291 -0.219358 0.350077 
0.063478 0.272981 0.392142 
0.253991 -0.233086 -0.21431 
-0.44405 -0.200572 0.132145 
-0.356712 0.0339813 0.168692 
-0.365465 -0.0705738 0.00107625 
-0.588652 -0.15858 0.694996 
0.71211 -0.390413 0.343738 
0.678214 -0.329126 0.259104 
0.39414 -0.100815 0.363026 
-0.311286 0.0636453 -0.0229064 
0.00890753 0.0522362 0.281947 
0.0184487 -0.0356618 0.170581 
0.207066 0.271255 0.476574 
-0.447212 0.0957209 -0.0807996 
-0.201165 0.218613 -0.350611 
-0.269974 -0.15901 0.212857 
-0.401217 -0.0476767 -0.0527548 
-0.26906 0.434773 -0.140138 
-0.349586 -0.00233376 0.223414 
-0.239026 -0.0917543 -0.251075 
-0.27838 0.431286 -0.355 
0.4231 0.130759 0.248713 
-0.154343 0.564909 -0.209748 
-0.466579 -0.273161 0.657011 
-0.0498019 0.176729 0.410462 
-0.230142 0.355442 0.413067 
-0.038084 -0.0527834 -0.0233545 
0.0126581 -0.0838495 0.0796641 
-0.244178 0.410389 0.268439 
0.126093 0.278987 0.37963 
-0.1059 0.0828197 -0.0166365 
0.181935 -0.0808246 0.0717191 
-0.247705 0.481031 -0.342946 
-0.324263 0.27995 0.414057 
0.0576237 0.401246 0.0236123 
0.00640214 0.0940433 0.342672 
0.160811 0.300195 0.451379 
0.0252599 -0.0430692 0.162273 
-0.384904 0.134327 -0.227566 
0.208646 -0.0199937 0.293869 
-0.245638 -0.268895 -0.217471 
-0.260706 -0.464316 0.704294 
-0.392398 0.184013 0.0484567 
