-0.4846788116964525 -0.1274923272103645 0.791665
-0.7303321015432409 -0.4619783062714454 0.632172
-0.3789799677299827 -0.7194165591591434 -0.343193
0.2661584111019482 1.094991890890378 -0.419067
-0.9082394199279979 -0.1577428207521775 0.1073
0.6627979080742373 -0.6104843480650547 0.416687
-0.5627533348991113 -0.1232773681740844 0.704727
-0.229531878664171 0.760429124196921 0.302589
-0.80842804219072 -0.6264804433377626 -0.383743
0.4589667043813759 1.156129650970988 -0.418015
-0.8164599808123955 -0.5931061691137793 -0.306152
-0.566128642363678 -0.7756835721938803 -0.347603
0.3690134954100943 0.5842441227288678 0.073656
0.2929842588827877 0.7336596222029012 -0.269318
0.1033979808408748 0.006766556216428491 0.755893
-0.06861420628213892 0.3253647085983237 0.807831
0.3114316603240272 0.7291254587667473 -0.295734
-0.7322816365763927 0.4227830000000001 0.257401
0.3850826333537207 -0.273141313918938 0.267578
0.361346026045764 0.9210976762243699 -0.358387
0.7741453045953324 -0.4469530000000001 0.681473
0.9451573589285418 -0.184473433188152 0.525162
-0.2892972263762308 -0.1776314945723868 0.813192
0.9095806072661915 -0.3303601746356031 0.494442
0.1205244769133542 0.4626605175695916 0.701904
-0.3995437718313878 0.4857338873403296 -0.67437
0.2933956483143961 0.175130169600144 0.46718
0.7908135353145053 -0.4131007775221122 0.682541
-0.3175104199279979 0.8654298207521777 0.1073
-0.2759884246403382 -0.22100597377796 0.779205
-0.4264365770374271 -0.7287658176345831 -0.308838
-0.3492986831423497 -0.3277890662194521 0.726967
-0.8712739959101875 -0.7666888282300027 -0.382362
-0.0293329573264754 0.3413658275742948 0.819906
0.5849135329107873 -0.1847460429639058 0.356003
-0.5829554781261144 -0.2362705066650372 0.66095
-0.7769485743376046 -0.2323104056209358 0.27478
0.2541711217144417 0.1099152966261861 0.620468
-0.4743445628000985 -0.1080888830638165 0.788513
-0.4371900834457748 -0.08808743709335902 0.808675
-0.3597732761821481 0.8908164064470095 -0.284737
0.4077690337292986 1.298650684172412 -0.467185
0.6879404689904185 -0.3722341551258335 0.664825
0.1258898222285602 0.9242235682556799 -0.228195
-0.8305364739267106 -0.7972153703801667 -0.431946
-0.6424368869339356 -0.6837473288259586 -0.329254
0.06862474093858605 0.8800915379618828 0.593765
0.7806836242445967 -0.3348282981713484 0.702057
0.05944117728298044 0.630177139115831 0.679169
-0.4771330614629961 0.5684492955752067 0.6765949999999999
-0.5211484381398246 0.0079284268566577 0.767944
0.1827144721099207 -0.1348092510274907 0.819851
-0.6765791315067994 -0.2972354311106014 0.717804
0.8985478580360389 -0.3699994568493942 0.5534210000000001
-0.4504156003648705 -0.3833227043535945 0.681625
-0.7867959256080426 -0.9571925183413121 -0.469055
0.1565532645706503 0.8425242083271388 0.468472
0.8820222900987083 -0.4093345801407818 0.5333329999999999
-0.5784417723644744 -0.1690725389554603 0.73724
0.1620294050145557 -0.3850068381946339 0.526917
-0.1167396803649755 -0.4257590576514883 0.500505
-0.1503521956138684 0.7708943581672453 0.325256
0.1801606136776565 -0.2157226635875104 0.77478
0.08838757050047885 -0.1604442371355945 0.798575
0.3554267258991495 0.9420331476251836 -0.364265
-0.2902312258654578 -0.6234752291419713 -0.116512
0.2020112321383409 -0.1843682822368028 0.799384
-0.3138582067329043 -0.5355303604338465 0.549484
-0.4002028670400857 -0.7719756990481601 -0.206234
0.8495178441220848 -0.2533839320441716 0.658752
-0.5390208527904251 -0.5896635033721206 0.489716
-0.7293107082752049 -0.9925132012366984 -0.409515
0.8569918107054809 -0.1708886421876575 0.627487
-0.2959633702077061 0.8517564056209359 -0.408508
-0.4495675751240764 -0.7256798815504382 -0.313522
0.2246179750054713 1.286159745002712 -0.466769
0.5177369990718976 -0.01894921264923263 0.411079
-0.4227493773211584 -0.1627554003883523 0.816508
0.360280424380787 -0.2080080000000001 0.028259
0.9155896657501752 -0.1889861800356908 0.587631
-0.07268461547950834 0.08946655306088425 0.745741
-0.05876346117618866 0.24172469961424 0.736309
0.08659067212464432 0.595887443581422 0.67849
-0.1298912884610562 0.2505776889248655 0.770142
-0.2394591040959649 -0.1736813346291358 0.7622989999999999
-0.7153118072446175 -0.2462503934015927 0.724144
-0.7594886749169566 -0.7581609727293309 -0.466461
0.1574198704425935 0.04509921372748196 0.76651
-0.0805233526903041 0.5187534619446051 0.790044
-0.2564571787922876 0.3236251363659823 0.78215
-0.4501325589522931 -0.6227504622463642 -0.039469
-0.3726017141789456 -0.01914509994519067 0.763306
-0.4956586862596886 0.04090797218537772 0.63916
-0.3629075288857518 0.6788597215206078 0.674179
0.4045847741921996 1.050615384869671 -0.414734
0.6750506787168307 -0.4746839267785948 0.383934
-0.7407347090153975 -1.018540150944416 -0.412567
-0.04314449483098406 0.2498555428858427 0.766556
0.3059229437738457 0.7043540818173374 -0.069743
-0.6590567119626261 0.2491362898114445 -0.633759
-0.596274269113323 -0.3022473293502731 -0.5773470000000001
0.519280811127324 0.987822748268103 -0.403179
0.2830216128013012 0.7872658130119398 -0.305939
0.03965287044259342 -0.158879213727482 0.76651
0.03905563602175948 0.6307103459116046 0.679501
0.6667984824237312 -0.04161915003227452 0.479218
0.3709560190960002 -0.3421493275522369 0.3106
-0.4004378460473249 -0.6872766946274106 -0.246635
0.2851770692839032 -0.002778826846689855 0.730331
0.01700810836987176 0.2297149078372553 0.712723
0.1557005416002316 -0.1902187511824072 0.815323
-0.2725174991791384 -0.03277415452987752 0.771286
0.3164310776794065 0.8354587036345059 -0.396294
-0.103219482914354 0.516462611261351 0.782614
0.7026666987542191 -0.4740915769709978 0.665469
-0.4175438946803396 -0.6189172399765364 -0.193328
-0.6385532949419993 0.06066524981994268 0.8078
0.520427614160904 -0.4166769306114622 0.355087
0.8511211460138477 -0.1373869317077669 0.432922
0.009847596142710637 0.9194305368515938 -0.223602
-0.4533265558055208 -0.2991306270753699 0.735138
0.3298981899042036 0.6646224262390865 -0.107198
0.2843485422474232 -0.1132498777693176 0.762311
0.1755679851420516 -0.2102513295514688 0.7916260000000001
0.181024359320509 1.240545387750726 -0.387543
-0.2585461848139489 -0.04418912820085238 0.769867
0.004129200964628207 0.3503319858653984 0.816813
-0.425854494456374 -0.02617562102999856 0.759033
-0.7663944249900289 -0.8896260827202647 -0.5067700000000001
0.6796453905947851 -0.4152276523598374 0.654846
-0.4213594388385075 -0.2844619563170058 0.773926
-0.1582431089444681 -0.3602971046394756 -0.554281
-0.3912119816837943 -0.6042490288060367 0.159316
0.7965917559791633 -0.2072686057535801 0.676132
-0.7550962171245221 -0.07961301266273284 0.631902
0.1123196846590324 -0.08609659948044125 0.756256
-0.3828029573264755 -0.2708621713770762 0.790456
-0.9347194319739268 -0.7104575470007619 -0.419228
-0.3865515102881927 -0.1834348555616332 0.820114
-0.2797793351764621 -0.6136140234334747 -0.067928
0.05699589675502847 0.9035797890026592 0.073255
0.4287847585729547 1.214844987359512 -0.413696
0.1430816689166549 -0.1871432798046052 0.817329
0.1610219043381865 -0.06280988055476562 0.810398
-0.04018463449153515 0.5150741713770762 0.790456
0.06189520693670601 0.8087596431593643 0.644463
0.07143200844413292 0.6110178679119271 0.67767
0.2078178937036076 -0.3632248493834034 0.315624
0.3488197055519281 1.223801452697155 -0.415649
0.07581078181356303 -0.07604787413739021 0.749715
0.1009644626795855 -0.193784420880066 0.7549169999999999
0.3565915655032252 -0.0406532909978885 -0.277576
0.707773030176575 -0.4543371515071919 0.646245
0.4208597638230822 0.002458493803016425 0.152047
-0.6937522669141051 -0.9389041741613147 -0.501928
-0.2129905094692389 -0.04884238393070173 0.696226
0.1308521293272889 0.8305425362734377 0.30603
0.08220705044980456 -0.1456372118805606 0.78952
-0.5666137162206411 -0.231891744759564 0.685059
-0.2916146572861478 -0.3179314026513936 0.721745
0.1441893853252057 -0.02528065870461741 0.77182
-0.01872677114173259 0.8431142809208044 0.29425
-0.4792742432746651 0.5343366598891537 -0.611683
0.9499215020891156 -0.2068596951795064 0.526527
0.3300602810147593 -0.4151808237219755 0.363983
-0.07504666805688949 0.5067753579867109 0.796519
-0.02591785325778041 0.8895569613344095 0.184349
-0.471550966627512 -0.2057682325570667 0.793727
0.09587881119019342 0.2820189723507184 0.735573
-0.6981684597515532 -0.7186472445317966 -0.354034
-0.9428359515890293 -0.8898757713547489 -0.406883
-0.06612377624431916 0.5450762599565232 0.757462
-0.5854624654527018 -0.8903327360886176 -0.409302
-0.9174218468245133 -0.746247250673729 -0.352341
0.6837793791289205 -0.3426073741808078 0.690982
-0.2290080572019325 -0.5384275904163868 -0.314217
-0.1562228230135667 0.5243361332386619 0.749146
0.4242747717891798 0.8428974611085499 -0.335724
-0.5873151531794895 0.01512031463802663 0.779991
-0.6773941561120358 -0.6465790951362894 -0.272522
-0.2614362991523386 -0.5267349530746264 0.330414
0.2351430483338617 0.7985337067608725 0.018392
0.1867875140451607 0.8634414645457034 -0.211884
0.8775075366496999 -0.1868383624981112 0.6213070000000001
-0.5087703393703982 -0.1917620771735899 0.7613220000000001
-0.7880833183954371 -0.9958903480583774 -0.413071
0.1873041926355542 -0.007863621884551799 0.808666
-0.4863074666090141 -0.6526832402669174 -0.313108
0.3131612787918314 0.8878092458306935 -0.33902
-0.08140238021454529 0.8147869416113679 -0.476326
0.4101992134733985 0.5862938789607182 -0.311829
-0.1585928433873598 0.7699871375362789 0.680916
-0.4731088448670468 -0.6140565568199469 -0.235311
0.09320962469491945 0.8667958057260269 0.15963
0.1539285891319853 0.4668081371139929 0.701904
0.4962756301709066 0.7356426060142721 -0.200943
-0.2240113093325922 -0.3261709692340778 0.658119
0.132372983017081 -0.3732332678649635 0.263078
-0.04667006162719598 -0.459862917930674 0.056397
0.6606985747757822 -0.3814545000000001 0.713486
-0.9794643094331558 0.007314051861410082 -0.186249
0.3380850313431246 1.038950451564808 -0.387423
-0.7264929799863217 -0.4411227526784285 0.422119
0.7098770551182161 -0.3052768734078776 0.71196
-0.6123072428808589 -0.5574032545120641 0.273224
-0.09770793104703379 0.2229148991241009 0.763092
-0.8752375436020697 -0.8675798942105649 -0.446991
-0.2433904183354157 -0.08977657063238356 0.76276
-0.7522519363920703 -0.4694885739231369 0.528481
0.7415231311241155 -0.4419322619054734 0.660614
0.4905205844040089 1.220700574346121 -0.43541
-0.2625614515254617 -0.5108617741511324 0.557953
0.1426717401848518 -0.1490612971955703 0.821059
0.314179544350336 0.3668509335136211 0.421732
0.4184708937036076 0.001636849383403293 0.315624
0.2942546692727671 0.8828940375448089 -0.333122
-0.02484548332786783 0.5028163605375273 0.793797
-0.1467867110509269 -0.006952041416137394 0.748218
-0.7195783664351021 -0.1852102906930119 0.53743
-0.2261719161653755 -0.3496872500436388 0.689087
-0.4997828228038548 -0.6309752418464696 -0.304701
0.1515442324873332 0.374238310262091 0.715836
0.3379765835646493 0.9386026145025208 -0.359528
0.3198011585098435 0.7121158548584366 -0.258362
-0.3301707905134316 -0.2162945843444437 0.812735
-0.6511946720226157 -0.6542702575613215 -0.296761
-0.7581938906780602 0.06771965935727672 0.753738
-0.1020805408237415 0.2734253168291708 0.764828
-0.5648817634928436 -0.313975914638711 0.6905210000000001
-0.5097467916635781 -0.6018733421565444 -0.129658
-0.3247834577523212 -0.03885945028492024 0.753906
-0.7439527277458152 -0.4200519228852082 -0.417804
0.2499099122255229 1.097936665289684 -0.413452
0.431403861540831 0.5634974067701284 -0.265974
-0.02179250615521814 0.2075842721149047 0.694252
-0.2837332481597216 -0.5677944016091862 -0.349991
-0.5009193134591451 0.4239582985962403 0.453369
-0.985236271614556 -0.9267832798961412 -0.471263
-0.5897616769029026 -0.4755231887528476 0.629402
0.7357600977075116 -0.3823641285887485 0.382568
0.103647359344219 0.2420844924545361 0.656738
0.7609316002946256 -0.3980158072050156 0.6616340000000001
0.09664308457221116 0.4372267326792456 0.748108
-0.6828637778815287 -1.017906757939236 -0.403839
0.7135638737917023 -0.5143451161471058 0.688568
0.08869499798487623 0.3203722428870248 -0.660756
0.2116231665784123 0.3225660765724219 0.68277
-0.1229219542885961 0.5561349298064925 0.7390139999999999
0.5734320522319489 0.006885449154225649 0.5643010000000001
-0.5887079747022468 -0.06605812300526476 0.641357
-0.1287187145756136 0.3566966464700807 0.791729
0.1681880336033041 -0.3008537805739756 0.692017
-0.5632139963827549 0.8004707427311545 -0.09438299999999999
-0.1766467558031429 0.5151608439567441 0.756691
-0.2893597302525158 -0.2698617544617823 0.757751
0.4656977550418465 0.6221481727032431 -0.157593
0.7108111977573371 -0.1333408908954035 0.390686
0.3763535875187416 0.6222995351932804 -0.35141
0.4258490101245043 0.7364801218885544 -0.303263
0.7490702738782954 -0.4467122272032584 0.679413
0.3021890343658103 0.7266547610117607 -0.283783
-0.02328641677175544 0.5153927430250955 0.787987
0.3666980788840928 -0.5696322963348511 0.5604710000000001
-0.2473905844595026 0.4644809384019819 0.762779
0.3660610865740492 0.7153964006201223 -0.257599
-0.635253186325164 -0.006884794385202614 0.785374
-0.6219501197628855 -0.1144192072028658 0.750854
-0.6877887731746561 -0.5544371000139704 -0.350391
-0.4185452472209393 0.3576703665468566 0.744476
0.2025594476109712 -0.2745447451847116 0.725838
-0.07285819697398253 0.2613839010932011 0.763062
0.2771740773731335 1.094525584551294 -0.41758
-0.5482375715346126 -0.5961213285161256 -0.164307
-0.7752086198860183 -0.6565127161079326 -0.276016
-0.8404551901483055 -0.3675150908218267 -0.359528
0.4190144565224597 -0.002839672197239586 0.249733
-0.2554427603920947 0.626408160575249 0.7724
-0.7426707151741756 -0.8576534119751863 -0.407705
0.1446367406443892 -0.0715318165627554 0.768607
0.007330507750662137 -0.4083231881305757 0.239584
-0.2860495360734514 0.5730556700392757 0.5140130000000001
-0.5160288227170197 -0.3665661391158309 0.679169
-0.1591133126651108 0.2823296583034356 0.774139
0.004452941508198302 0.5413727209353317 0.750214
-0.4116295608618281 0.6113166866900482 -0.583969
0.5769467824268073 -0.688984859573383 0.435481
-0.3734689890676645 0.8989707358834195 -0.218781
-0.4437942876188349 0.6326617457353422 0.693497
0.1450311730894869 -0.3593446395276926 0.339714
0.1400869854929518 0.9795757763529566 -0.236877
0.06103378263607676 -0.1865763874961999 0.757772
0.2620557607164232 0.5928718919769571 0.588684
-0.3374448611714329 0.4291703556980518 0.803665
0.1149608663601564 0.5207740614179265 0.6908260000000001
0.5605022557428796 -0.09939561529636803 0.37056
-0.1068567563352754 0.5937266688952952 0.7379
0.6228143574721223 -0.490269889174919 0.716795
-0.7066725948141247 0.04643316146540151 0.608059
0.7921300541557238 -0.4573365000000001 0.662971
-0.939912015541182 -0.8511193655617953 -0.400375
0.4984275933252232 1.071827915533564 -0.456589
0.5396130649597147 0.8175712449381907 -0.265717
0.2698669851420517 -0.04692067044853127 0.7916260000000001
0.1478805507862092 -0.2344033725870159 0.740509
0.398688190982453 0.06332020315933233 -0.152481
-0.3933984949859006 -0.23381618093671 0.804077
-0.01052976349284346 0.6461899146387111 0.6905210000000001
-0.4114731438848745 -0.8881083911587017 -0.35717
0.6196444104587592 -0.02205039845936536 0.482361
-0.8087999408092599 -0.3398745906403386 0.197056
-0.6017102776663489 -0.7512387723544928 -0.348175
-0.1529265509278398 0.3703774439667119 0.780121
0.141158311930386 0.3666853681740844 0.704727
-0.4160319029977799 -0.7458603935617214 -0.281047
-0.1551308282072465 0.7634515237248098 0.555067
0.4472415894551042 0.7505971561941013 -0.278687
0.780452363876212 -0.1308208528791679 0.408371
-0.06555752642011832 0.333819033421816 0.817566
0.7113366177714718 -0.4284508367356086 0.64447
-0.2301941574083266 -0.1855579762367292 0.7571329999999999
-0.3625892125993935 0.02232106150145722 0.774925
-0.1525323229665893 0.7580922668253622 0.705696
0.9240615498367473 -0.2922544463619136 0.487053
-0.08934483489389909 0.2536062065699141 0.770798
-0.8416078804925946 -0.6555836090635294 -0.405212
0.6123323603239996 -0.4357472408002597 0.726789
-0.2408440578021466 -0.1857081448143733 0.747559
0.9242882900925422 -0.1956757207187554 0.446594
0.1257968394033915 0.5608745172782565 0.684982
-0.2582355556823881 0.315418897237322 0.648926
-0.4515115984994512 -0.8720670288076888 -0.26976
-0.2324167001577507 0.4985804667992743 0.755951
0.1751829414220615 -0.2822682448376271 0.711914
0.3574495704456834 0.742846817155594 -0.287286
0.1699082020101399 0.01401563850423869 0.758362
0.06552357095480416 0.3171641539870651 0.746582
0.3954391928391003 -0.06715922669865136 0.72602
0.1115468350063519 -0.1817792143454958 0.810124
-0.2720102454705788 0.3128004346656754 0.791595
0.4200357294912193 1.132857224473049 -0.454895
-0.8102812148118974 -0.3070122324728377 -0.440186
0.2911247551500412 1.09886686726092 -0.417755
0.290548280122512 0.5410243832239452 -0.418839
-0.2576017752951128 0.4862246370689233 0.7607350000000001
-0.009243229075797605 0.3333142576147206 0.81543
0.2686981631279731 0.1977908704380796 0.603195
0.1241411819354999 -0.3047411655760625 0.635185
-0.4987399333243149 -0.6584149042812275 -0.317997
-0.4919383001262089 -0.6369661300076607 -0.309118
0.71770294837036 -0.6242120286805537 0.610291
-0.2634569777977834 -0.3502108711543065 0.698753
-0.313616129040212 -0.2259990695707243 0.808131
-0.3468321250920299 0.6035851376435196 0.794647
-0.6537732395801241 -0.7256904675816748 -0.348907
0.2265799985409747 0.86650806945185 -0.254639
-0.03203489580200639 0.6229799328557499 0.693665
0.9247270805246065 -0.1566877133965451 0.493126
0.1379117276414361 -0.1982018807654316 0.8126370000000001
-0.5178445046233418 -0.02803699242796429 0.763763
-0.3820718107899655 -0.6500537884280629 -0.204093
0.6405923427842841 -0.4698155153580416 0.661205
0.1793355238958737 -0.04994976101036423 0.817905
-0.6867032414296516 -0.4956949038783934 0.339325
0.1187111556819318 0.5561377530663246 0.686737
-0.2852622667546746 0.02935726049863732 0.7695959999999999
0.5418561397898498 0.8146203645091636 -0.39032
0.681280167953907 -0.678920134914775 0.583427
0.3277437496968101 0.8245048263380117 -0.32785
-0.497288510663501 0.06472703351055881 0.791557
0.08313947476702392 -0.1767982055889239 0.756836
0.3069995809127581 0.3113848720432495 0.475484
-0.446466288298066 0.04407970480105563 0.6682129999999999
-0.482685904303541 0.01393948964893801 0.686409
-0.01485320170030691 0.008575500000000002 -0.732849
-0.674148604996286 -0.3667556357052493 -0.5036929999999999
-0.318029610564576 0.1004425561908107 0.790507
0.2833912961562247 0.8583401233653796 -0.32357
-0.3754022036276418 0.146014310043607 0.809203
-0.7496719913795912 -0.447621978080789 -0.378743
-0.9074328870622804 -0.9762918648507803 -0.422638
-0.1229495949382111 0.478197054797005 0.803022
0.2173491818823565 -0.2302121739962297 0.744566
0.1034324191614893 -0.1564817948625398 -0.597351
-0.1623545302309279 -0.1199522951989444 0.6682129999999999
-0.9166153744595552 -1.004840399562721 -0.4837
-0.0543791968216721 0.3919464682300758 0.822896
-0.4778552927771711 0.4923523542442385 0.684895
-0.6888730666967893 -0.7556931514846227 -0.365829
0.6056741039557308 -0.7009136791199203 0.440837
0.2608065097287901 0.706674125794971 0.518311
0.2938475989499608 -0.0943330289365449 0.754233
-0.4606049994386897 -0.9335632612480446 -0.392254
-0.1378961020860532 0.2785669450212512 0.773842
-0.5753774590298585 -0.0783709925695949 0.750092
0.08023325683657824 0.1047340772976765 0.76473
0.0817861256208583 0.02800372492953724 0.758813
-0.6551488059440684 -0.5742090184132093 -0.001052
