0.449798 0.575991 0.57164
0.373224 -0.610804 0.866383
-0.128275 -0.065806 0.744405
-0.396886 0.116042 0.566446
-0.5272829999999999 0.686192 0.422287
-0.508617 0.525922 0.584416
-0.893859 -0.087669 -0.338226
0.383129 -0.255224 -0.499171
-0.992436 0.134419 -0.6320440000000001
0.296685 0.631343 0.629727
-0.528458 0.455437 0.57674
-0.483483 0.450713 0.625854
0.157231 0.676166 0.585014
0.142911 0.45184 0.651304
0.999628 0.101397 -0.323171
-0.556155 0.511924 0.533267
-0.647524 0.756701 0.32804
-0.076469 0.696434 0.443584
0.554894 0.645528 0.158773
0.211645 -0.514338 0.878263
-0.101259 -0.337653 0.579974
0.681427 0.457598 -0.507365
0.5278119999999999 0.188395 0.554549
0.734835 0.503565 0.462295
-0.468264 0.476382 0.62878
-0.098664 -0.11677 0.804227
-0.591318 0.616675 0.427329
0.867711 0.094623 -0.266745
0.733548 0.587182 0.033622
-0.289493 0.361901 0.651212
-0.897815 0.171247 -0.51577
-1.135187 -0.109098 -0.437033
0.34139 -0.59578 0.888713
-0.335854 0.456288 0.657877
-1.013769 0.031176 -0.687206
-0.759777 -0.045534 -0.249039
0.318745 -0.173217 0.785323
-1.163097 -0.116151 -0.396989
0.331403 -0.463453 0.528264
0.101041 0.622438 0.59479
-0.2658 -0.376187 -0.284064
0.309482 -0.530354 0.862194
-0.159458 0.392594 0.640189
0.572471 0.710026 0.555523
1.107593 -0.146461 -0.428935
0.106911 -0.008029 0.813086
-0.07184400000000001 -0.310784 0.500078
0.224986 -0.583027 0.584722
0.203093 0.649559 0.636914
0.449171 -0.694844 0.606664
-0.398618 0.363648 0.619111
-0.093142 0.08791 0.750444
0.133489 -0.682514 0.72743
-0.899097 -0.11974 -0.159897
-0.463319 0.634601 -0.603989
-0.026221 0.025107 0.797745
-0.20001 -0.401095 -0.300705
0.09002599999999999 0.542509 0.626125
-0.324772 0.487692 0.643583
0.149548 0.603233 0.645407
-1.039998 0.007197 -0.537704
-0.793381 0.217508 -0.4013
0.484654 0.549068 0.580267
-0.377739 0.264408 0.640795
-0.356109 0.34522 0.646332
-0.015204 -0.600918 0.945999
-0.6318510000000001 0.532075 0.42945
-0.16564 -0.164525 0.54667
0.584805 0.166526 0.498705
0.113411 0.631503 0.588938
-0.828782 0.453467 0.347814
-0.704608 0.511357 0.407799
-0.771058 -0.036968 -0.327299
-0.512029 -0.19145 -0.370604
-0.256981 0.397582 0.6492790000000001
-0.724646 0.687546 0.319847
0.182532 -0.242499 0.879557
-0.141806 0.035983 0.665007
0.236337 -0.549204 0.880185
-0.408708 0.825363 0.454225
-0.562705 0.550603 0.494075
0.550817 0.027386 0.268537
0.823796 -0.064404 -0.252404
-0.621364 0.571558 0.434186
-0.143304 0.653578 0.364507
0.682169 0.671009 -0.039628
0.177858 -0.642813 0.915428
-0.368621 0.443637 0.667883
1.198998 0.061095 -0.384304
0.651583 0.647748 0.06929399999999999
0.188753 0.112263 0.79291
-0.648968 0.437075 0.481434
-0.332628 0.287721 0.652939
-0.126589 -0.125344 0.7790280000000001
-1.164766 -0.034323 -0.606835
-1.00974 -0.039178 -0.471912
-0.368789 0.367039 0.632297
-0.550817 0.6715680000000001 0.418066
0.191947 0.475467 0.677107
-0.473947 -0.212141 -0.381343
1.357771 0.047154 -0.429551
0.347986 -0.171519 -0.62693
-1.010969 0.01425 -0.5281
0.303806 -0.219363 0.483755
-0.017112 -0.062151 0.826836
-0.948678 -0.123856 -0.213213
0.273493 0.824327 -0.426863
-0.512774 0.63175 0.407897
-0.473967 0.834437 0.223242
0.549532 0.64615 0.347793
-0.395291 0.768173 -0.134949
0.83955 -0.122991 -0.264178
-0.769475 0.450386 -0.29387
0.083886 0.165642 0.764644
0.310769 0.58345 0.669723
-0.136619 -0.265725 0.818848
-0.322657 0.639896 0.524647
-0.399094 0.088369 0.497408
0.159224 0.136471 0.81451
0.377356 0.537767 0.655987
0.233275 -0.405814 0.923105
0.379919 -0.718554 0.7656539999999999
0.206382 -0.400763 0.930524
0.516881 0.5151019999999999 0.476861
-0.079319 0.096563 0.764827
-1.096667 0.168473 -0.739435
0.905539 0.303327 -0.242641
0.181401 0.093697 0.823997
0.196043 0.657785 0.604192
-0.227278 0.080649 0.607328
0.384703 0.052604 0.470773
0.894012 0.285553 -0.211104
0.021426 0.092473 0.846153
-0.658003 0.286847 -0.6666840000000001
-0.227662 0.490182 0.608156
-0.780078 0.148299 -0.537615
0.339306 0.368006 0.657583
0.45098 -0.5586100000000001 0.5965009999999999
0.395316 0.401925 0.649484
-0.342632 0.653067 0.512176
0.721606 0.315601 0.444188
0.355354 0.600433 0.6133690000000001
-0.560275 0.2372 0.5544790000000001
-0.675625 0.493235 0.438049
-0.643505 0.188941 -0.674339
-0.760292 0.319198 0.407215
-0.506282 0.5929990000000001 0.539396
0.035752 0.012914 0.813528
0.842819 0.240292 -0.166233
0.700344 0.614636 0.470014
-0.829499 -0.043676 -0.373327
-0.304855 0.596202 0.550715
-0.26573 0.8384740000000001 -0.267936
-0.89511 -0.113989 -0.222692
0.872335 -0.120233 -0.256642
0.442915 -0.448891 0.792701
-0.813585 0.571792 0.346116
0.271996 -0.001372 0.626291
0.7789239999999999 -0.10127 -0.197556
-0.816953 -0.049507 -0.362543
-0.171902 -0.190465 0.438133
0.543753 0.418943 0.494955
0.212206 0.4091 0.662839
-0.859825 0.567371 0.21088
-0.821277 0.191402 -0.510591
0.734438 0.128879 -0.478109
1.233314 0.083408 -0.394505
0.140854 0.150363 0.810083
-1.109673 0.01035 -0.615608
0.685245 0.57869 0.520361
-0.335677 -0.150139 0.2454
-0.514213 0.595596 0.503036
-0.919705 0.030848 -0.612615
-0.424852 0.886019 0.327147
-0.165552 -0.228802 0.397403
0.248225 -0.297434 0.878547
-0.025394 0.936602 0.476271
0.156681 0.620254 0.640076
0.211879 -0.288082 0.346991
0.733757 -0.034651 -0.151726
-0.925885 0.06851699999999999 -0.5366069999999999
0.622949 0.147932 0.354052
-0.28545 0.002206 0.47216
0.180538 -0.343899 0.158914
0.563629 0.476364 0.5699109999999999
-0.007257 0.735649 0.582167
0.718908 0.568695 0.479271
-0.931 -0.141938 -0.157634
0.710597 0.334089 0.469091
0.813867 -0.011851 -0.292691
0.5901650000000001 0.629215 0.349016
0.081316 0.652756 0.593935
-1.149798 0.138123 -0.792695
0.8439950000000001 -0.118702 -0.23445
-0.738903 0.488631 -0.310901
0.118787 0.398497 0.65812
-0.511561 0.353961 0.587686
0.541071 0.732044 0.510173
-0.019209 0.882904 0.4013
-0.740144 0.351273 -0.50197
0.5310589999999999 0.504 0.577801
0.7926339999999999 -0.034743 -0.237397
-0.205229 0.820624 -0.430898
0.088986 0.16311 0.795527
-0.832911 -0.086538 -0.298742
0.269102 -0.008302 0.56564
0.859154 -0.013666 -0.301482
0.148448 0.157696 0.796714
-0.28703 0.070352 0.550826
0.292921 0.694037 0.581171
-0.694085 -0.105062 -0.409082
0.256698 -0.226225 0.396544
0.878126 -0.093638 -0.350773
-0.702925 0.492848 0.418556
0.827717 -0.036436 -0.277802
0.357835 0.578881 0.639781
-1.092157 0.160236 -0.721387
-0.355078 0.7090610000000001 0.277072
-0.300553 0.677495 0.260936
-0.254883 0.44066 0.624537
-0.164291 0.373744 0.651041
-0.37272 0.576817 0.5922500000000001
0.08667 0.901733 0.384347
-0.86236 0.402591 0.222611
-0.939922 0.056228 -0.5350780000000001
-1.104536 0.17023 -0.780914
0.406133 0.455323 0.647844
-0.202733 -0.387488 -0.384892
0.131009 0.442525 0.6570319999999999
0.852982 0.167359 -0.215635
-0.018272 0.79283 0.398616
0.454189 0.6049909999999999 0.576536
-0.31543 0.387355 0.638811
0.6793090000000001 0.535256 0.261054
-0.269933 0.757177 0.405318
0.411664 0.643765 0.453606
0.72797 -0.15045 -0.134033
0.182154 -0.531079 0.9067499999999999
0.388304 -0.218921 0.629194
-0.286844 0.605873 0.548901
0.280972 -0.233953 0.452667
-0.423028 0.679096 0.467363
-0.217937 0.041257 0.545305
-0.617677 -0.109529 -0.466648
-1.191294 -0.09270100000000001 -0.447344
1.240179 0.19398 -0.376707
0.08001800000000001 -0.537723 0.598365
-0.010131 0.646815 0.595032
-0.823132 -0.10738 -0.26073
-0.435541 0.56549 0.597518
0.702812 0.132533 -0.514153
0.225387 0.49333 0.7041809999999999
-0.519533 0.5081059999999999 0.585555
-0.361866 0.433141 0.662722
0.53549 -0.148277 -0.011162
0.058197 0.013787 0.818814
0.272833 0.339374 0.662049
0.105923 0.873904 0.375183
-0.155503 -0.389547 -0.004725
-0.557908 0.061869 -0.683322
0.101528 -0.683759 0.863642
-0.49777 0.49795 0.604546
0.409965 0.335792 0.6405419999999999
-0.295288 0.673257 0.531969
0.764985 0.146496 0.085873
0.162255 0.422938 0.667455
0.294595 0.466514 0.705357
0.405777 -0.628064 0.83975
-0.958407 -0.115444 -0.457057
0.351848 -0.01497 0.431038
-0.410228 0.684965 0.24468
-0.469429 0.7305739999999999 -0.175119
-0.733478 0.592912 0.378299
-0.7597739999999999 0.017657 -0.288207
0.184515 -0.330153 0.910967
-0.044966 -0.067275 0.819391
-0.8624579999999999 -0.18752 -0.14742
0.726332 0.49506 0.152869
-0.336741 -0.246692 0.094874
0.257597 -0.664137 0.636466
-0.657052 -0.106834 -0.436997
0.232101 0.247327 0.701439
-0.402584 0.69038 0.471535
-0.607925 0.782877 0.359718
-0.382145 0.313063 0.637323
0.794418 -0.012276 -0.268186
0.759254 0.047756 -0.125008
-0.072627 0.743119 0.568971
0.229251 -0.556244 0.916123
-0.178599 0.626536 -0.737768
0.379485 -0.572222 0.872387
0.09352100000000001 0.170497 0.781334
-0.806222 0.145696 -0.387865
-0.366933 0.575585 0.579218
0.387823 -0.60483 0.859772
0.071383 -0.187069 0.8811020000000001
-0.139651 0.331238 0.677509
0.785512 -0.216746 -0.239268
-0.320771 -0.298067 -0.491483
0.265075 0.194437 -0.839828
1.075261 -0.016283 -0.360857
0.408331 -0.269796 -0.317825
-0.586004 0.412076 0.522319
0.862907 -0.046404 -0.298108
1.053488 0.175659 -0.33693
-0.8129729999999999 0.31097 0.303569
-0.645018 -0.144302 -0.370519
-0.043086 0.16532 0.793366
0.181399 -0.521065 0.931931
-0.358383 0.630637 0.51893
1.200904 -0.114745 -0.359658
-0.593432 0.585524 0.44467
-0.441515 0.661581 0.472771
0.110711 0.088202 0.839421
-1.054479 0.063887 -0.67171
-1.17223 -0.068254 -0.516925
0.282627 -0.020756 0.627035
1.045424 0.034888 -0.340569
-0.017933 0.519133 0.619746
-0.8151659999999999 0.011873 -0.403208
-0.057404 0.733213 0.584093
0.153669 -0.47327 0.937308
1.269813 0.049279 -0.356355
-1.134048 -0.111587 -0.449604
1.377371 0.149896 -0.397155
0.350035 -0.479157 0.888278
0.293648 -0.484517 0.854502
-0.598507 0.404973 0.524575
0.020024 0.7190839999999999 0.303394
0.26116 -0.609151 0.914779
0.869667 -0.025899 -0.301652
-0.328089 0.40685 -0.815873
-1.092303 -0.034474 -0.650473
1.074322 0.265833 -0.299425
0.324168 -0.480955 0.8779940000000001
0.259391 0.453031 0.703575
1.043453 0.261926 -0.28657
-0.343743 0.543983 0.616048
1.280582 0.146172 -0.34967
0.009965 -0.265771 -0.680756
0.843597 -0.02275 -0.298488
-0.157439 -0.343536 0.729777
1.085783 0.169279 -0.346721
1.084273 0.132542 -0.341036
0.301387 -0.133662 0.501616
0.162985 0.135041 0.751479
0.418679 0.612484 0.577195
0.264463 -0.302359 0.461237
-0.171701 -0.152319 0.588163
0.907969 0.114457 -0.286958
0.110686 -0.02304 0.812781
-1.168226 -0.081271 -0.546189
-0.234102 0.691132 0.558055
-0.257577 0.233673 -0.845739
-0.000419 0.075457 0.839008
0.481913 0.384774 0.582116
0.373145 0.354113 0.655232
-0.807582 -0.008494 -0.393851
0.18617 0.078206 0.819623
-0.441356 -0.24173 -0.373161
-0.004408 0.671262 0.590059
0.277888 -0.025549 0.565403
1.335973 0.168049 -0.43269
0.383893 0.451044 0.664343
-0.160979 -0.32397 0.206626
-0.337535 0.373534 0.643095
0.09148000000000001 -0.582321 0.6274650000000001
-0.249579 -0.286705 -0.5700229999999999
-0.628327 0.738117 0.380275
0.451535 0.674332 0.225494
0.141131 0.582187 0.641828
0.502779 -0.672423 0.707487
-0.242584 0.407201 0.612293
0.116822 0.058734 0.838714
0.292528 0.687228 0.589009
0.022575 0.225992 0.714649
0.214335 0.735237 0.250418
-0.6881969999999999 -0.09402199999999999 -0.06841
0.160108 0.81362 0.376143
0.034501 0.571744 0.506444
0.621447 0.612741 0.556828
0.367935 0.603 0.597027
-0.839195 -0.089644 -0.309067
0.620355 -0.14086 -0.38623
0.891286 0.190861 -0.229294
0.455317 0.311495 0.58155
0.560671 0.700908 0.570612
1.042482 0.153297 -0.332712
-0.317483 0.694674 -0.631612
-0.06839199999999999 -0.108853 0.823337
-0.912476 0.213215 -0.636637
0.1258 0.492474 0.6241139999999999
-0.452647 0.635875 0.477155
0.044171 0.294586 0.689908
0.659901 0.699712 -0.113611
0.153666 0.315758 0.569704
-0.808321 0.281864 -0.321362
0.03562 0.653314 0.588262
0.038037 0.403849 0.646025
0.10861 0.5081329999999999 0.632418
1.167276 -0.08355600000000001 -0.352529
0.290569 -0.646822 0.88374
0.923967 0.179178 -0.254303
-0.923785 -0.201461 -0.220477
0.971791 0.024055 -0.319848
0.25781 -0.080285 0.783423
-0.083423 -0.330077 0.282501
0.305545 -0.559207 0.905644
0.409461 0.28671 0.631833
0.7002389999999999 0.046924 -0.479263
-0.302125 0.377296 0.652853
-0.890109 -0.111445 -0.204804
0.750403 0.37045 0.234165
1.025259 -0.044068 -0.34497
-0.092714 0.676064 0.446221
0.359542 0.51131 0.680149
0.050341 0.865148 0.557725
0.651832 0.568488 0.225172
0.751281 0.402529 -0.458676
0.94051 0.195048 -0.257096
-0.339618 0.460512 0.661508
0.334621 0.578362 0.663697
-0.017971 -0.5485640000000001 0.958518
0.154477 0.440191 0.6566689999999999
0.147042 -0.286185 0.9054759999999999
-0.124038 -0.541659 0.749514
-0.463613 0.6536999999999999 0.178858
0.445014 0.295297 0.620442
-0.774376 0.447327 -0.225142
0.627834 0.605222 0.173524
-0.885813 0.524981 0.269314
0.201256 0.09121 0.749577
0.189546 -0.666906 0.6674060000000001
0.11712 0.660765 0.549727
-0.10895 0.02646 0.731916
0.821576 -0.114954 -0.227061
0.299854 0.632591 0.620046
0.077873 0.695729 0.577017
0.337454 0.455684 0.696723
0.556022 0.534855 0.565044
0.298304 -0.527712 0.8490799999999999
0.184356 0.907794 0.474566
0.27653 -0.030197 0.540716
-0.764498 -0.147508 -0.0795
-0.130623 0.456406 0.619935
-0.833449 -0.127186 -0.100168
-0.04405 0.156145 0.768737
0.899082 0.08658200000000001 -0.295416
-0.728951 0.68654 0.288391
0.207745 0.403499 0.671878
0.778299 0.08010100000000001 -0.155552
-1.032625 -0.132177 -0.295095
0.305115 -0.099537 0.746037
0.2005 -0.542717 0.913361
0.621206 0.591092 0.222239
0.303933 -0.43434 0.901289
-1.177105 -0.064689 -0.508926
0.885684 -0.10992 -0.278192
-0.884388 0.551397 0.237385
-0.926744 -0.023364 -0.43337
-1.208966 -0.062707 -0.497709
-0.377416 0.75168 0.484599
-0.05754 -0.011759 0.792915
0.299945 0.451976 0.704164
1.016452 0.256071 -0.274398
0.133875 -0.499097 0.553979
0.36187 0.879653 -0.143341
0.481156 0.335947 0.570945
-0.612865 0.699585 0.19637
0.058512 0.901842 0.550339
0.395472 0.778108 -0.454018
0.415698 -0.692673 0.787829
0.197116 0.064377 0.7774799999999999
0.310051 0.710907 0.327888
0.092137 -0.453922 0.537782
-0.843926 0.428466 0.146848
0.34364 0.561802 0.667786
-0.791689 -0.048657 -0.309493
0.149692 -0.410486 0.502108
-1.240534 -0.121145 -0.478661
0.043666 -0.507506 0.967499
1.21793 -0.136276 -0.392517
0.6383180000000001 0.626022 0.122324
0.666598 0.662906 0.504337
-0.620797 0.651298 0.400459
1.337625 0.228938 -0.416376
0.484961 0.756275 0.508265
-0.275864 0.702391 0.544311
-0.12293 -0.498184 0.879879
0.114904 0.762335 0.559294
-0.493125 0.6032690000000001 0.518652
0.340864 -0.309604 -0.148802
0.140453 0.724598 0.567412
0.2066 0.644621 0.649876
-0.282253 -0.056027 0.416325
-0.259766 -0.125579 0.372541
0.618633 0.652636 -0.431142
-0.970575 0.031344 -0.526212
0.325646 -0.71666 0.669891
0.89835 -0.120234 -0.26195
-0.235322 0.378912 0.649478
-0.275715 0.399175 0.63124
0.877065 0.078877 -0.287416
-0.028036 -0.358733 -0.560393
-0.094045 -0.292089 0.387466
-0.301197 0.317946 0.654127
-0.252469 0.427678 0.636531
-0.034385 0.172922 0.787615
-0.02622 -0.352942 0.516186
0.233923 0.698643 0.589566
-0.304938 0.659919 0.525375
-0.029206 0.09424100000000001 0.832426
0.943309 -0.133537 -0.23639
-0.410115 0.645311 0.494044
0.486449 0.466309 0.594028
0.286949 -0.149207 0.46174
-0.820447 0.282203 -0.217939
0.151983 0.6043539999999999 0.65283
0.934656 -0.004722 -0.311543
1.178643 0.106531 -0.368492
0.287123 -0.329383 -0.053389
-0.170482 -0.216034 0.713222
0.469397 0.543882 0.575213
-0.234486 0.446187 0.628269
0.953406 0.009311 -0.315617
-0.155848 0.036919 0.62939
0.097647 -0.602847 0.950379
0.48971 0.816816 -0.264934
0.136104 0.167732 0.785954
-0.184971 -0.265312 0.307271
-0.258326 0.5665519999999999 0.571439
0.54001 0.530392 0.569601
0.137539 0.46024 0.637524
-0.833356 -0.07882400000000001 -0.319091
0.458125 0.360579 0.623315
-0.771501 0.244503 -0.457655
1.293839 0.011283 -0.450387
0.830708 -0.091753 -0.337593
0.677104 0.545007 -0.46517
-0.159883 -0.254537 -0.652832
0.416591 0.844956 -0.281039
-0.113304 -0.6059870000000001 0.81939
0.117301 -0.043965 0.817634
0.926888 -0.1251 -0.267227
-0.392882 -0.288699 -0.182297
0.095361 0.574509 0.607522
-0.671071 0.311109 -0.6484799999999999
0.8418330000000001 -0.037941 -0.293326
-0.452047 -0.224416 -0.096831
-1.153146 -0.161808 -0.355888
-0.237687 -0.012861 0.501202
0.831056 0.320289 -0.09284299999999999
-0.60949 -0.067081 0.075533
0.012372 0.025974 0.810998
0.248038 0.895482 -0.09082
1.085747 -0.121069 -0.377173
0.297075 0.312177 0.63049
0.838865 -0.121582 -0.274412
1.080345 0.063207 -0.345597
-0.66761 -0.173231 -0.20317
-0.188916 -0.099967 0.502382
0.215129 0.466579 0.689083
-0.450072 0.360687 0.607192
-0.412872 0.856237 0.274797
0.872436 0.164899 -0.350563
0.180583 0.20415 0.7345429999999999
-0.666981 0.510043 0.434424
-0.038325 0.125824 0.827871
0.428637 0.586396 0.567729
-0.206792 0.377252 0.584892
0.464221 -0.467771 0.764327
0.102716 0.507957 0.636914
-0.468634 0.807231 0.215565
-0.5021139999999999 0.374711 0.578613
0.376557 0.312777 -0.779049
-1.201222 0.004996 -0.587884
0.804825 0.010217 -0.279042
0.094595 0.833479 0.369591
0.369324 0.284519 0.643889
1.306062 0.278761 -0.326685
-1.05635 0.091478 -0.682589
-0.174471 -0.153802 0.47937
-0.445626 0.633273 0.458575
-0.393941 0.452615 -0.788515
0.194253 0.093872 0.755613
-0.052841 -0.198972 -0.728282
0.012479 0.05156 0.829199
0.705223 0.575413 0.501213
0.812899 0.459096 -0.223966
0.07134500000000001 -0.6651 0.893624
-0.664857 -0.167928 -0.142536
0.195291 0.048397 0.781767
0.251696 0.695156 0.516778
-0.165355 -0.169422 0.494542
-0.734722 0.428479 0.427937
0.313128 0.404682 0.675462
1.250957 0.038665 -0.369355
-0.024928 0.456198 0.629432
-0.541739 0.472986 0.5615059999999999
-0.308928 0.728526 0.525563
0.174126 0.44941 0.658571
0.111432 -0.412578 -0.328197
-1.038522 0.09401900000000001 -0.769539
0.161508 -0.671084 0.891334
0.305485 -0.103828 0.536577
0.293333 0.594836 0.668976
0.209405 -0.291736 0.373954
-0.042927 0.60581 0.605443
0.209155 0.324615 0.612957
0.561605 0.673285 0.103243
0.442201 0.572978 0.540554
0.908274 0.161846 -0.253062
-0.557996 0.36054 0.524102
-0.545745 0.553901 0.532044
-0.362221 0.598703 0.527397
-0.718086 0.586939 0.144284
-0.05024 0.5199009999999999 0.618516
0.129691 0.740124 0.562317
-0.566211 0.305566 0.556289
-0.711495 -0.037814 -0.033422
-0.346287 0.466047 0.662564
0.21337 -0.439373 0.922018
-0.263318 0.402442 0.649869
0.791613 0.461142 0.001657
-0.002585 0.740601 0.253986
-0.7968150000000001 0.083189 -0.359439
0.842764 -0.104916 -0.28197
0.205343 0.399054 0.673053
0.447765 0.5399929999999999 0.569309
-0.355708 0.258739 0.584587
0.312008 -0.250547 0.492117
0.0566 0.045458 0.8389489999999999
-0.324908 0.357062 0.650454
0.218193 -0.5602 0.943686
-0.174361 -0.142846 0.673074
1.19946 -0.048186 -0.368872
0.027541 0.353625 0.66165
0.8983179999999999 0.226263 -0.21969
-0.491051 0.64617 0.466567
0.579033 0.6665759999999999 0.57303
0.479847 -0.227311 -0.229852
-0.012927 -0.244818 0.894296
0.876645 -0.001894 -0.303506
0.109673 0.742412 0.252134
0.178094 0.549936 0.685696
-0.76085 0.045509 -0.09458800000000001
0.246208 0.024196 0.718895
0.91164 -0.124409 -0.224043
-0.769709 0.299511 0.386311
-0.370311 0.557281 0.613229
0.282814 0.526762 -0.75113
-0.232988 0.5491780000000001 0.581559
-0.38703 0.8685580000000001 0.351932
0.326499 -0.497802 0.878576
0.884312 0.026191 -0.303364
0.388332 0.764611 0.124558
-1.102707 -0.094111 -0.486349
0.306634 0.750765 0.191947
-0.766633 -0.029149 -0.333442
-0.400678 0.501367 0.643016
-0.826533 0.182931 -0.456781
0.01514 -0.407717 0.951485
0.8986499999999999 0.13308 -0.265018
-0.578952 0.479462 -0.652568
0.191195 -0.432989 0.928326
-0.8303779999999999 -0.057803 -0.356196
0.384626 -0.303158 0.5679689999999999
-0.361242 0.560601 0.608867
0.945202 -0.08927300000000001 -0.304141
0.516958 0.606347 0.564452
-0.821416 0.004298 -0.407429
-0.37776 0.7252 0.482763
-0.759393 -0.091339 -0.162799
-0.900867 0.182484 -0.680179
-0.197651 0.44814 0.55246
0.477966 0.445353 0.601985
-0.246493 0.631552 0.558493
0.048585 -0.394446 0.951783
0.186058 -0.53182 0.895594
0.113775 0.163479 0.802352
1.19605 -0.052743 -0.387808
0.090797 0.647118 0.5948870000000001
-0.250315 0.588051 0.418404
-0.753169 0.571586 0.374633
0.666558 0.664658 0.015092
0.145236 0.018016 0.814611
-0.260011 0.441636 0.6175310000000001
0.495112 0.437878 0.6033500000000001
1.159728 0.09121600000000001 -0.362494
0.143283 -0.693065 0.853596
1.198819 0.174958 -0.383028
-0.858982 -0.117894 -0.264279
-0.226392 0.283202 0.689209
-0.050656 0.143883 0.776903
-1.001638 0.06705700000000001 -0.61465
0.337761 -0.493864 0.892439
0.30433 -0.5198199999999999 0.849092
0.318942 0.480159 0.699391
-0.8604619999999999 0.207864 -0.56746
0.01915 0.149256 0.825064
1.312189 -0.027233 -0.393385
0.289221 0.667596 0.59316
-1.169542 -0.001738 -0.63239
-0.239875 0.527134 0.529894
0.034515 -0.482986 0.9655899999999999
-0.893257 0.135673 -0.499192
0.720678 0.513617 0.48532
0.323064 -0.683935 0.841498
0.211283 -0.196914 0.855216
-0.428536 0.606375 0.542835
-0.331896 0.385372 0.644787
-0.038597 0.044481 0.7917110000000001
1.157072 0.052937 -0.370325
-0.689378 0.7207480000000001 0.292928
-0.236363 0.43291 0.634014
-0.4056 0.84742 0.43569
0.189703 0.032412 0.786413
1.158381 0.209374 -0.369915
0.826882 -0.118176 -0.268224
0.16505 0.123176 0.821174
0.096259 0.05785 0.841546
-0.003802 0.069857 0.834463
0.373248 -0.690083 0.608093
1.123218 0.378669 -0.285789
0.763408 0.068907 -0.038572
-0.814676 -0.074874 -0.277468
0.178749 0.153042 0.745553
0.962422 0.338007 -0.255898
0.278709 -0.563784 0.908156
-0.929329 -0.121412 -0.258397
-0.005518 -0.344135 0.482512
-0.128041 -0.02348 0.719526
0.07839500000000001 -0.353077 0.260041
-1.176117 -0.020746 -0.595869
-0.02863 0.051054 0.797405
-0.158214 -0.288714 0.657358
0.04309 0.897622 -0.150542
0.837551 -0.135972 -0.16081
-1.117963 -0.005106 -0.5986320000000001
1.194196 -0.005441 -0.399805
0.262542 -0.43412 0.916899
-0.04339 0.095133 0.803179
0.622186 0.654419 0.5572589999999999
0.345588 0.006351 0.45764
-0.035418 0.171507 0.77888
-0.608347 0.325417 0.530317
-1.03227 0.076183 -0.671555
-0.827686 0.399332 0.34466
0.0221 0.164721 0.799382
0.187241 -0.414374 0.9395289999999999
-0.401249 0.426912 0.660906
-0.795531 0.266317 0.149122
-0.878096 -0.116031 -0.264714
0.173654 -0.707944 0.8173820000000001
0.344771 0.580773 0.657157
0.135284 0.168645 0.777375
-1.054149 0.16466 -0.694645
0.056052 0.141139 0.767028
0.069323 -0.329228 0.931905
0.782336 -0.141977 -0.141556
0.105662 0.17369 0.777654
0.300918 0.245976 0.573667
0.264499 -0.482548 0.865244
-0.43424 0.250009 0.618239
0.292327 -0.164899 0.803267
-1.176675 0.118799 -0.732445
0.316242 -0.551999 0.902196
0.084733 0.238751 0.71901
-0.578169 0.600929 0.370057
0.443816 -0.714178 0.620851
0.09697600000000001 0.149864 0.815476
-0.553059 0.569808 0.487003
0.970541 -0.105507 -0.316659
0.939118 -0.10577 -0.297396
-0.049677 0.112033 0.795308
0.986262 0.118154 -0.317759
-1.093614 -0.010237 -0.564425
0.458259 0.569858 0.517201
1.081024 0.37235 -0.289495
0.812937 0.384455 -0.026244
0.268067 -0.469186 0.8726390000000001
0.182848 0.388767 0.6409629999999999
0.339595 -0.421831 0.880211
0.255045 0.325388 0.631911
-0.399397 0.543847 0.620024
-0.034183 0.882543 -0.271975
-1.111259 0.086636 -0.68468
0.850768 -0.117359 -0.279516
0.866138 0.051126 -0.295323
0.31909 0.65041 0.5854279999999999
0.929114 -0.046812 -0.307873
-1.265255 -0.08973 -0.581483
1.132151 0.095767 -0.352139
-0.241963 -0.31624 0.109736
0.992534 -0.132637 -0.281587
0.312472 0.8305709999999999 0.064275
-0.415921 -0.141214 0.153622
0.526594 0.431283 0.518478
0.583224 0.725217 -0.012348
0.314697 -0.530091 0.87177
-0.310188 -0.351706 -0.183037
-0.864404 -0.114932 -0.280133
-0.236133 -0.24355 -0.626767
0.292582 0.631077 0.642761
0.791255 0.062515 -0.386956
-0.078168 -0.632055 0.805341
-0.736145 -0.064613 -0.172715
-0.616333 0.161831 0.394037
-0.650303 0.124791 -0.648002
0.409901 0.500737 0.634792
-0.067383 -0.591566 0.740079
0.589761 0.711811 0.510924
0.162685 -0.512302 0.961996
-0.52806 0.583416 0.514988
0.542748 0.140726 0.5095150000000001
-0.536901 0.445364 0.565727
-0.273361 0.69148 0.237309
1.133353 0.181016 -0.363727
0.283408 -0.223992 0.278753
-0.671932 0.68498 0.209858
-0.342914 0.082979 0.537322
0.143689 0.159798 0.746139
0.748866 -0.134037 -0.138426
0.470762 0.388878 0.619336
-0.921745 0.09317300000000001 -0.553036
0.7882479999999999 -0.045591 -0.227545
1.120632 -0.028852 -0.380337
0.064252 0.581437 0.6136160000000001
0.065974 0.751241 0.378052
0.840347 -0.061808 -0.275757
0.061702 0.445696 0.552984
0.737812 -0.207154 -0.232408
-0.377156 0.3474 0.633579
-0.078745 0.616976 0.604465
1.080441 -0.148526 -0.308225
-0.052341 -0.480022 0.64141
-0.81455 -0.103312 -0.161077
-0.116033 0.517271 0.612219
-0.700717 0.373213 -0.576603
1.029878 -0.139848 -0.288636
-0.547225 -0.046317 0.167687
0.113998 0.554603 0.622159
-0.392681 0.646868 0.500622
-0.780756 -0.042971 -0.323679
0.055227 0.611401 0.517853
-0.323995 0.8023709999999999 0.463111
-1.135774 0.06539499999999999 -0.671794
0.164675 0.485341 0.661433
0.635648 0.681126 0.48321
0.208388 -0.33303 0.446821
-0.580017 0.736213 0.200991
-0.018508 -0.495786 0.631264
0.620965 0.174218 0.433884
-0.451881 0.557744 0.596511
-0.52272 0.630638 0.10642
0.242623 -0.68685 0.863209
1.014159 0.192964 -0.314136
0.384962 -0.277493 -0.151176
0.534444 0.734872 0.535572
0.706423 -0.184804 -0.281318
-1.209951 -0.012593 -0.717661
1.260782 -0.07742499999999999 -0.379598
0.297151 -0.051226 0.596182
0.315546 -0.126149 0.539231
-1.209449 -0.155301 -0.452869
0.08730300000000001 0.088904 0.841774
0.222836 0.533768 0.697241
-0.279388 0.770915 0.462594
0.7474420000000001 0.590369 -0.016349
-0.94291 0.141116 -0.575789
0.709074 -0.168056 -0.139436
0.313426 -0.540735 0.884842
0.0242 0.683409 0.581609
-0.987008 0.00036 -0.499043
0.313479 -0.584076 0.905331
0.30769 0.790357 0.130562
-0.243307 0.599027 0.562972
-0.517467 0.35704 0.565009
-0.218057 0.104773 0.637529
0.067233 -0.372737 0.175603
-0.738783 0.000722 -0.070851
0.307867 -0.500653 0.850225
0.1114 0.9199889999999999 0.406837
-0.562485 0.626007 0.273323
0.281636 -0.0314 0.698546
-0.161144 0.553215 -0.788595
0.222849 0.580524 0.683138
-0.994769 -0.076003 -0.421424
-0.954658 0.20113 -0.618577
0.8761100000000001 0.171179 -0.229135
0.586724 0.605903 0.263358
-0.493535 0.56787 0.568237
0.143386 0.646158 0.593143
-0.625209 0.354552 0.514913
-0.834885 0.045169 -0.422178
-0.802547 0.226714 -0.361247
0.29456 0.6315539999999999 0.636817
-0.749729 0.623169 0.19828
-1.019948 0.176153 -0.671565
-1.242247 0.044449 -0.672274
-0.806787 0.183007 -0.321446
-0.848136 0.528308 0.32332
-0.776249 0.582746 0.36564
-0.651946 0.059379 -0.613525
-0.641774 0.378409 0.397915
0.22274 -0.552477 0.936204
-0.103364 0.846039 -0.015044
-0.198511 0.508246 0.599919
0.385988 -0.705976 0.78583
-0.500069 0.679168 0.434797
0.158851 0.69836 0.581515
0.289076 0.676807 0.5435950000000001
-0.44439 0.394606 0.62539
-0.781145 0.106626 -0.041842
-0.9245640000000001 -0.001944 -0.456417
-0.012233 0.8666239999999999 0.5530040000000001
0.189089 -0.5412940000000001 0.954426
0.191907 0.781187 0.378337
-1.168587 0.005975 -0.626495
0.39329 -0.263795 0.5988830000000001
-0.430419 0.775038 0.229682
0.381272 0.47981 0.672428
-0.592285 0.367608 0.533659
0.174085 0.494712 0.670763
0.065484 0.419367 0.64498
-0.285747 -0.119941 -0.706461
-0.361259 0.779206 0.278561
-0.24823 0.390122 0.6482250000000001
-0.17533 -0.146089 0.630907
0.660343 -0.027976 -0.47027
0.416978 -0.537775 0.568154
0.048008 -0.09590700000000001 0.846453
0.237334 0.458579 0.6977950000000001
-0.471626 0.868749 0.396985
0.548878 0.630216 0.305937
0.102254 0.414797 0.651339
-0.206307 0.621767 0.577285
0.898408 -0.231716 -0.292906
-0.5694129999999999 0.598855 0.401515
0.76163 0.362216 0.181476
0.584176 0.627785 0.567923
-0.405417 0.301168 0.6041339999999999
0.341617 -0.371972 0.521142
0.235387 0.692707 0.592131
-0.543899 0.821222 0.220207
0.54204 0.448419 0.581554
-0.378433 0.243715 0.640502
0.198814 -0.577881 0.944746
0.019764 0.163395 0.759956
0.144128 0.602669 0.635507
0.9433820000000001 -0.019575 -0.312938
0.10954 -0.237475 0.895505
-0.050051 0.271952 -0.876784
-0.5009130000000001 0.261416 0.516886
1.079894 0.129223 -0.413603
0.185888 0.512224 0.693493
0.956615 0.120124 -0.307595
0.439377 -0.629423 0.583744
-0.780389 -0.004765 -0.35642
0.5135110000000001 -0.101401 -0.551229
0.098166 0.660942 0.591481
0.079745 -0.688254 0.810837
-0.108483 -0.457405 0.8994760000000001
0.443641 0.571283 0.567654
0.168822 -0.604544 0.939586
-0.08476 0.325319 0.675851
-0.333881 0.639313 0.36377
0.755885 -0.016649 -0.384425
0.743874 0.314959 -0.485857
0.286358 0.408481 0.677827
0.164637 0.520546 0.671763
-1.156417 0.015367 -0.6623830000000001
-0.9970290000000001 0.025888 -0.534622
0.784222 0.052432 -0.204953
0.445516 0.718204 0.584781
-0.877876 0.038161 -0.465137
-0.013077 0.002421 0.805759
-0.533144 0.636004 0.460045
0.197077 0.487396 0.690589
0.693861 -0.025106 -0.438481
0.124317 0.697426 0.581437
0.320771 -0.501551 0.868282
0.174948 0.369741 0.625383
0.314297 0.617013 0.645169
0.468341 -0.217663 -0.394564
0.186399 0.048853 0.801597
-0.830213 0.152003 -0.428349
0.174558 0.910614 0.5020210000000001
0.010842 -0.189843 0.8798240000000001
-0.900245 0.110015 -0.515012
0.518868 0.283394 0.590641
0.368145 -0.515207 0.880457
0.097235 0.607219 0.5985780000000001
-0.012595 0.167652 0.751983
0.148345 -0.488385 0.90698
0.08913600000000001 0.667214 0.589948
-0.003422 0.817627 0.100485
-0.212851 0.487945 0.607216
0.15156 -0.452247 0.945879
1.086579 0.362071 -0.314164
-0.423369 0.355317 0.623494
0.799216 0.434756 -0.370838
0.308609 -0.177616 0.301366
0.076151 0.636313 0.598631
0.345748 0.598889 0.626458
-1.037584 -0.135619 -0.347239
0.03032 -0.598757 0.953518
-0.16728 -0.2116 0.618532
0.680091 0.422217 0.513244
0.137526 -0.449201 0.959992
-0.628746 -0.15115 -0.090084
0.246557 -0.373071 -0.234185
0.307916 -0.397257 0.890066
-0.951745 0.210338 -0.633262
0.135073 0.061738 0.835256
0.799789 0.013433 -0.268081
0.077594 0.941777 0.512669
-1.128953 0.027087 -0.673654
1.146871 0.266647 -0.324713
-0.250499 0.527305 0.591942
0.295883 -0.110632 0.498744
0.3284 0.467832 0.698839
-0.923974 0.141478 -0.548735
1.196529 -0.049752 -0.377896
0.9338649999999999 0.156983 -0.278659
1.063048 -0.061368 -0.36489
0.05417 0.140549 0.7691
0.062231 0.54066 0.623326
0.327611 -0.120911 0.574043
1.2565 0.167737 -0.381814
0.188622 0.102923 0.814949
-1.077094 -0.073712 -0.487732
0.410752 -0.265628 0.67494
0.007467 0.172503 0.7861359999999999
0.5281439999999999 0.075943 -0.653509
0.198081 -0.537766 0.892245
0.384039 0.378378 0.636956
0.171649 0.430974 0.656139
-0.376698 0.819217 0.280048
0.424103 0.78372 0.5049670000000001
0.11735 -0.102528 0.841488
0.715769 0.510121 -0.447182
-0.606065 0.592342 0.438595
-0.650651 0.477313 0.458762
0.158101 -0.105459 0.834473
0.219218 0.044586 0.751102
-0.113356 -0.587759 0.873909
0.9314519999999999 -0.093836 -0.372408
0.233753 0.368582 0.667206
-0.033233 0.084684 0.817148
-0.501516 0.6257 0.466731
-0.867783 0.099511 -0.628491
0.71147 0.334534 -0.515697
-1.121959 -0.08079799999999999 -0.514453
0.123049 0.215697 0.733714
0.36406 0.654856 0.588253
0.134807 -0.331435 0.309186
-0.150141 -0.102159 0.729584
0.633868 0.648745 0.422018
-0.627838 0.482003 0.421851
0.261656 -0.499801 0.861657
0.085372 -0.13926 0.861747
-0.444755 0.424229 0.641387
0.026909 -0.457958 0.962364
0.258939 0.705122 0.579612
-0.597751 0.767668 0.383483
0.188421 -0.533293 0.917107
0.373436 0.464725 0.678075
0.326998 0.669663 0.592883
0.152331 0.147723 0.807518
0.903487 -0.217156 -0.325673
0.154675 -0.442842 0.919396
-1.149391 0.101285 -0.687378
0.798119 -0.106879 -0.217705
-0.952144 -0.048232 -0.419587
0.963357 0.196051 -0.274758
0.079307 0.038479 0.838718
0.286169 -0.042342 0.56554
-0.282337 0.582682 0.561293
0.081134 0.014528 0.824333
0.09431100000000001 0.581334 0.595396
0.347736 0.383418 0.661967
0.690905 -0.196239 -0.192892
-0.047086 -0.566029 0.9473
0.199682 -0.106508 0.823807
-0.957358 0.188036 -0.608279
0.094384 -0.531768 0.9681959999999999
0.933419 -0.117948 -0.28894
-0.087545 -0.61147 0.779343
-0.034576 -0.636113 0.9097730000000001
0.602024 0.36805 0.558845
-0.61448 0.425615 0.504158
1.034245 0.363871 -0.260725
0.145705 0.009573 0.8087259999999999
1.199206 -0.059549 -0.405568
-1.135213 -0.115208 -0.460846
1.077989 -0.12913 -0.315632
-0.892142 0.214303 -0.580767
-0.524671 0.075448 0.356366
0.282294 -0.08901299999999999 0.767351
0.198521 0.597338 0.674966
0.326622 -0.246337 0.116473
0.123816 0.168354 0.793647
0.246557 0.647905 0.641031
0.245289 -0.579039 0.931523
0.8448369999999999 0.147607 -0.358838
-0.827422 -0.075715 -0.30905
0.602387 0.445189 0.558827
0.514999 0.349821 0.5381860000000001
-0.815662 0.599957 0.328933
0.500071 -0.602142 0.734834
-0.553436 0.630491 -0.047535
0.668308 -0.177538 -0.29692
1.012484 0.084857 -0.327555
-0.473678 0.614885 0.494759
-0.269629 0.597176 -0.746218
0.8481109999999999 -0.115564 -0.199068
0.880013 -0.143657 -0.183147
0.038209 -0.677463 0.818343
-0.548211 0.552473 0.523889
0.314665 -0.097966 0.570302
-0.600691 0.430103 0.499661
0.790797 -0.107613 -0.189598
-0.634119 -0.166207 -0.298852
0.137143 -0.427901 0.9559
0.997004 0.352786 -0.249238
-0.241829 0.049465 0.537056
-0.053099 0.125272 0.77918
-0.167937 0.485234 0.609751
0.151473 -0.145033 0.851688
-0.017946 0.081638 0.834143
0.160806 0.443306 0.644491
0.918625 -0.163133 -0.208377
0.905222 0.183497 -0.349527
-0.074198 0.351878 0.6574680000000001
-0.154875 0.260024 0.718965
-0.033018 0.378184 0.647524
1.131681 0.06980600000000001 -0.357148
-0.821812 -0.112189 -0.252429
-0.194474 0.681432 0.558881
0.364505 0.636574 0.5516720000000001
0.004362 0.907409 0.397304
0.796189 -0.026213 -0.247693
0.178147 -0.548857 0.956551
-0.268926 -0.335635 0.010149
0.896933 0.265128 -0.30034
0.442026 0.332949 0.601834
-0.083274 0.749795 0.546743
-0.340363 0.542524 0.610951
-0.333861 0.596353 0.532341
0.486183 0.442092 0.60366
0.04349 0.487915 0.53735
0.9190160000000001 -0.123355 -0.23973
0.237788 0.681662 0.590492
0.107645 0.523746 0.621703
0.812208 -0.021785 -0.287051
0.525658 0.528871 0.57473
-1.171726 -0.080982 -0.5415759999999999
0.297246 -0.504038 0.847892
0.164254 0.634736 0.62518
-0.912779 0.06289400000000001 -0.517211
-1.107546 -0.193852 -0.35672
0.239902 -0.346202 0.473095
0.351177 -0.310822 -0.235261
0.770028 0.443406 0.081875
0.301345 -0.375647 0.885109
-0.244889 0.678877 0.559358
-0.487635 0.558442 -0.6684
-0.731008 0.422841 -0.476164
-1.152584 -0.111266 -0.40311
0.428147 0.5445990000000001 0.58944
0.353547 -0.702599 0.805871
0.089057 0.671527 0.472561
0.046861 0.721892 0.570788
0.120875 0.4927 0.630991
-1.014281 -0.069123 -0.444898
-0.138399 -0.367857 0.65538
0.097789 0.55749 0.612226
0.527618 0.452181 0.587728
-1.190627 -8.6e-05 -0.586116
-0.472374 0.609447 0.51258
-1.177024 -0.027442 -0.602596
1.236282 -0.060934 -0.359725
-0.793593 0.182832 -0.465865
-0.79091 0.473256 0.066249
-0.55281 -0.177903 -0.34914
0.47092 0.467898 0.584521
-0.221831 0.791175 0.03716
0.268521 -0.5618300000000001 0.889709
-0.566504 0.608957 0.020945
1.191379 0.051863 -0.443782
0.266722 0.024837 0.56271
-0.173655 -0.176123 0.691746
0.7067 0.462368 0.495568
-1.135587 0.03073 -0.681311
-0.560967 0.693796 0.411937
-0.682184 0.373083 0.476238
0.438279 -0.543117 0.821638
-0.349961 0.604549 0.508575
0.228422 -0.517906 0.872888
0.166313 -0.49524 0.547081
-0.050686 0.136782 0.803103
-1.04119 -0.040438 -0.616052
0.169572 -0.657478 0.9048349999999999
0.325681 -0.541929 0.899165
-1.135397 -0.141488 -0.343271
0.181634 0.686351 0.583426
0.18959 -0.000189 0.786544
0.385958 0.689441 0.282351
0.136297 0.683663 0.585858
0.470222 0.447979 0.598987
0.428059 -0.369103 0.6136
-0.057831 0.146121 0.765969
0.582393 0.714054 0.535179
0.122166 0.036548 0.8340959999999999
1.169866 -0.032232 -0.398186
-0.502277 0.882518 0.353166
0.914117 -0.174204 -0.353833
0.367564 0.559241 0.650972
0.741724 0.381608 0.285701
-0.393784 0.869922 0.38188
0.804413 0.378236 0.011967
1.074067 -0.08916 -0.373941
0.12208 0.171943 0.785025
0.088828 0.504618 0.638263
0.067554 0.147442 0.790509
0.099215 -0.5776289999999999 0.960492
-0.037969 -0.102812 0.835741
-0.410617 0.34731 0.624654
-0.235652 0.436318 0.598942
0.547038 0.773356 -0.073132
0.778967 -0.022482 -0.229766
0.946111 0.13466 -0.299519
-0.335996 0.747546 0.294319
-0.320147 0.611753 0.539834
1.14348 0.344701 -0.353351
-0.63944 0.613533 0.398323
-0.535361 0.611971 0.432518
0.381592 0.618805 0.574373
-0.88195 -0.109948 -0.183882
-0.390493 0.653849 0.498016
-1.229767 0.050291 -0.751782
-0.127322 -0.404819 -0.402391
-0.119322 -0.369292 0.624709
-0.448317 0.616081 0.504354
0.562874 0.572248 0.563194
-0.7006019999999999 0.070506 -0.578568
-0.799643 0.627177 0.307904
-0.807231 0.444634 0.068144
0.731053 0.259119 0.267996
0.150706 0.415854 0.633007
-1.062567 0.178584 -0.792743
0.0488 0.626177 0.597511
0.9520110000000001 -0.051784 -0.312175
0.938994 0.146502 -0.289735
-0.835298 0.11221 -0.417585
0.573968 -0.161272 -0.083846
-0.5934970000000001 -0.16975 -0.325147
-0.723115 0.236321 0.383054
-0.24942 0.037085 0.521164
0.756216 -0.096862 -0.17602
0.074367 0.866689 0.370933
1.218788 0.202058 -0.379932
0.428512 -0.607917 0.828382
-0.35252 0.634858 0.417237
-0.850077 0.515046 0.160572
0.161779 0.187831 -0.870765
-0.598332 0.600901 0.271812
0.07834099999999999 0.719818 0.5686909999999999
-0.450712 0.352796 0.617142
0.183063 -0.405958 0.939199
-0.754659 -0.174519 -0.123262
0.833112 -0.013208 -0.298108
1.162574 -0.17766 -0.403783
-0.916378 -0.115935 -0.203756
-0.394185 0.640433 0.501685
-0.505508 -0.206003 -0.277375
-0.804759 0.156157 -0.171315
-0.27098 0.741936 0.376057
0.259081 -0.407372 0.914702
1.008557 0.004987 -0.331887
0.094725 -0.640368 0.925042
-0.223871 0.346576 0.596391
0.844137 0.211273 -0.184218
-0.004726 0.172034 0.801437
-0.258547 0.591703 0.560481
-0.263987 -0.25797 0.195824
1.164289 0.142294 -0.364311
1.050573 -0.031186 -0.354075
0.155663 -0.402152 0.945376
0.233681 -0.450852 0.906256
0.342174 -0.574783 0.894483
0.215391 -0.650718 0.902837
-0.381251 0.590014 0.556835
-0.343197 0.637332 0.390698
0.276898 0.649599 0.604032
-1.191863 -0.032219 -0.545663
-0.675748 0.526155 0.419633
0.101663 -0.498404 0.562032
0.235887 0.084041 -0.8309569999999999
-0.223888 0.392132 0.599731
0.062643 -0.34595 0.447255
0.775247 -0.08235199999999999 -0.208774
0.925031 0.22696 -0.232021
0.432997 -0.491154 0.820303
0.112517 -0.544808 0.588054
0.59541 0.686978 0.454603
0.302054 0.522651 0.69397
-0.72689 -0.055873 -0.153023
0.599363 0.7080340000000001 -0.375694
0.212815 0.634082 0.657979
0.691186 0.237907 0.370837
-0.449912 0.596299 0.567526
-0.216697 0.55245 0.445291
0.214122 -0.392562 0.495108
0.196994 0.551345 0.689322
-0.5856170000000001 0.6016629999999999 0.33777
0.1187 0.175878 0.739662
0.444375 0.71213 0.38706
-0.208872 0.8272350000000001 -0.052382
1.272171 0.133417 -0.358523
-0.516162 0.63688 0.377264
-0.525618 0.756095 0.415099
-0.538292 0.633503 0.142582
0.155821 -0.469948 0.947477
0.25958 0.442531 0.692854
-0.828689 0.340636 0.217382
-1.170271 -0.072648 -0.525664
-0.017783 -0.655033 0.8836000000000001
0.039934 0.562401 0.613214
0.495171 0.463831 0.595646
1.254879 0.083706 -0.402719
-0.051524 -0.312439 0.381494
-0.850458 0.445054 0.322416
-0.7133620000000001 0.478146 -0.443051
1.122419 -0.104786 -0.355669
0.480394 0.507671 0.580924
0.7872130000000001 0.138963 -0.032168
-0.005437 0.06361 0.828732
0.012653 0.03664 0.816322
0.706686 0.5764590000000001 -0.402385
-0.302532 0.57279 0.5555639999999999
0.126484 -0.071085 0.826501
-0.7959310000000001 -0.058726 -0.281608
0.121626 0.163752 0.742303
-0.080932 0.790905 0.510449
-0.07928399999999999 0.192403 0.755813
1.003967 -0.130766 -0.330394
1.265252 0.086574 -0.403552
0.1843 0.297179 0.696908
0.09773999999999999 -0.187421 0.878714
1.042284 0.284462 -0.35954
1.145912 -0.150553 -0.344253
-0.527275 0.412964 0.571317
0.009024000000000001 -0.373436 0.18533
0.760518 0.585215 -0.067565
-0.348855 0.64454 0.515477
-0.311983 0.431866 0.64256
-0.103143 0.302143 0.6950769999999999
0.268738 0.819623 0.575402
0.05557 0.945211 0.423166
0.427497 -0.45797 0.5870379999999999
0.0147 -0.51168 0.620412
0.403713 0.52597 0.628652
-0.025497 -0.120243 -0.781612
0.88554 -0.053188 -0.301646
-0.469103 -0.227066 -0.283759
0.841973 -0.20559 -0.198755
-0.169199 0.0175 0.579331
-0.113321 -0.269699 0.426711
-0.5095190000000001 0.07065100000000001 -0.717208
0.222092 0.07620200000000001 0.7224159999999999
-0.647046 0.736809 0.237198
-0.343718 0.557798 0.583441
-0.15898 -0.029317 0.648634
0.303888 -0.077754 0.567779
0.095869 -0.444081 0.96182
0.388464 0.317163 0.642347
-0.047389 0.139186 0.811501
0.236738 0.453058 0.691829
1.031611 0.210905 -0.314584
0.783018 0.216872 0.091479
-0.512599 0.120245 0.450705
-0.292057 0.320926 0.621228
1.224848 -0.01121 -0.380363
0.07435899999999999 0.06055 0.843062
0.341632 -0.553686 0.8977000000000001
0.361693 0.476061 0.686539
0.8553500000000001 0.067297 -0.278649
0.27733 -0.575588 0.920861
0.628819 0.484021 0.547505
0.09546300000000001 0.5512359999999999 0.605329
-0.103655 -0.055126 0.770961
0.210604 0.08598 0.739489
0.283317 -0.309069 0.040894
-0.123478 -0.56058 0.863836
-0.327702 -0.31889 -0.427993
0.440326 0.5964390000000001 0.575026
0.810961 0.007144 -0.287323
0.882493 0.257693 -0.205888
0.627628 0.694577 -0.000804
-0.124954 -0.252822 0.466957
-1.254395 0.028323 -0.700643
0.294613 -0.059479 0.566262
0.235152 -0.558192 0.931648
0.153985 0.6685680000000001 0.568011
1.034979 0.127347 -0.331041
0.428308 -0.7252960000000001 0.635108
0.302602 -0.491181 0.851236
-0.761914 0.462168 -0.02936
0.579898 0.187402 0.521406
-0.002467 -0.58145 0.690476
0.388062 0.867835 -0.212471
-0.534384 0.039121 0.296629
-0.267789 0.431683 0.616665
-0.26265 0.478836 0.5978
-0.324282 0.466785 0.646464
0.131027 -0.533185 0.965843
0.900278 -0.211746 -0.233465
-0.647684 0.506946 0.43948
0.874393 -0.105283 -0.286246
0.48357 0.52841 0.524675
-0.138253 0.862468 -0.31186
0.323403 -0.729276 0.74266
0.175063 0.69938 0.581601
-0.419563 0.566713 -0.714018
0.2773 -0.520018 0.54566
0.25332 -0.241453 -0.621745
-0.483523 0.698281 -0.089867
-0.443742 0.446403 0.647539
0.858132 -0.07870000000000001 -0.291377
0.193886 -0.361595 0.919939
0.347257 -0.256741 -0.539461
0.312445 0.051641 0.547701
-0.983044 -0.147281 -0.200731
0.464227 0.645983 0.566634
-1.159877 0.100672 -0.809986
0.27089 -0.010843 0.694393
0.489619 0.487303 0.588162
-0.640748 0.535547 0.429251
0.193926 -0.539457 0.903401
0.803988 0.489109 -0.17199
0.832239 0.298903 -0.290554
0.359992 -0.564005 0.551915
-0.838701 0.138369 -0.43011
-0.081848 0.678696 0.591908
0.150036 0.065396 0.831859
-0.158395 0.312626 0.6895790000000001
0.268586 0.638137 0.647455
-0.172511 0.651961 0.377366
-0.508301 0.447039 0.599193
-0.026264 0.153169 0.820558
0.390164 0.111767 0.573987
-0.756798 0.221141 -0.501471
-0.345644 0.61369 0.526757
-0.88601 -0.029739 -0.405323
-0.135585 -0.413594 0.849214
0.274471 -0.5694939999999999 0.920922
-0.8773609999999999 0.03172 -0.576184
-0.571082 0.566059 -0.555351
0.146367 -0.458641 0.911917
-0.005685 -0.478542 0.959979
0.935212 0.324007 -0.23098
-0.83003 0.500019 0.13303
-0.390637 0.391061 0.642853
0.117067 0.606566 0.605564
0.239891 0.014713 0.740532
-0.395921 0.282493 -0.811414
-0.381579 0.668423 0.219292
0.380738 -0.205286 0.70194
0.056904 0.029383 0.8305900000000001
0.826032 0.058633 -0.255597
-0.141175 0.5821769999999999 0.600772
0.437794 -0.567903 0.822909
1.025983 -0.161409 -0.279129
-0.330841 0.311201 -0.827674
0.102538 -0.345744 0.438326
0.7419289999999999 -0.044711 -0.173882
0.521019 0.73537 0.047173
0.798864 -0.013571 -0.278589
0.106239 -0.361525 0.461591
-0.511151 0.595541 0.5238350000000001
0.11917 0.45633 0.652552
-0.186444 0.6933049999999999 0.513988
0.81387 0.032092 -0.268185
-0.14763 0.667296 0.34231
0.716441 -0.059022 -0.106879
1.044044 -0.13237 -0.348537
-0.8080850000000001 0.23568 0.019008
0.139079 0.721482 0.358048
-0.008015 -0.09864299999999999 0.842811
1.137383 0.36917 -0.325316
0.356235 0.561688 0.66152
0.846808 0.187676 -0.200774
0.213401 -0.009618 0.776937
0.082679 0.5787910000000001 0.614725
-0.808229 0.344795 -0.276878
-0.958572 0.024228 -0.509498
0.118465 -0.397141 -0.408002
-0.418072 0.6205580000000001 0.496434
0.009538 0.8383 0.561761
1.164077 -0.085789 -0.390417
0.143996 -0.376641 0.939421
-1.126274 -0.133195 -0.346898
-0.135691 -0.241614 0.446758
0.102168 0.443116 0.647362
-0.876354 0.202032 -0.624951
0.273039 -0.005703 0.660598
-0.756152 -0.009631000000000001 -0.289499
-0.83949 0.20104 -0.5370819999999999
0.7393459999999999 0.403899 0.368834
-0.7524729999999999 0.562392 0.137399
-0.456786 0.103078 0.475078
0.238857 0.676346 0.587979
0.763689 -0.042842 -0.202211
-0.479367 -0.112191 0.131417
0.9548720000000001 0.261694 -0.336214
-0.013474 0.08643000000000001 0.839314
0.347757 0.487359 0.689886
-0.232279 0.679375 0.298283
0.504715 0.460642 0.595356
0.312619 0.465616 0.702494
-0.19522 0.007702 0.542077
0.048879 0.6045970000000001 0.603762
0.370069 -0.727896 0.743487
0.347331 -0.362417 0.852452
0.356188 -0.464166 0.880049
0.239086 -0.433397 0.924825
0.200413 -0.715865 0.77617
-0.24724 0.716213 0.195602
0.038337 0.155008 0.787027
-0.22185 -0.188628 -0.681824
0.332616 -0.454986 0.892718
0.17829 -0.370656 0.473778
-0.259127 0.545567 0.582336
0.008002 0.168973 0.802756
1.129302 0.035022 -0.435399
0.403783 0.34806 0.64563
0.168686 0.429079 0.661753
0.242292 0.481148 0.706687
0.11843 0.682701 0.586406
-0.107934 0.007436 0.738155
-0.862796 -0.109394 -0.199342
0.013474 0.058493 0.834375
0.275898 -0.450993 0.892002
0.930262 -0.062004 -0.305248
-0.5147040000000001 0.344321 0.584391
-0.913697 -0.032452 -0.415598
0.299582 0.7614030000000001 0.385995
-0.043971 0.017866 0.792108
0.735167 0.330265 0.322049
-0.736641 0.483628 -0.035032
0.253267 -0.423936 0.51218
0.364695 -0.174653 0.186712
0.624552 0.196348 0.48619
1.284708 -0.07953499999999999 -0.433284
0.23536 0.444128 0.684901
1.200839 0.130541 -0.378193
-0.798642 0.395673 -0.157512
-0.703372 0.520716 -0.329508
0.144908 -0.469125 0.914022
-0.243563 0.693376 0.368083
-0.005827 0.057293 0.821802
0.547324 -0.108071 0.057714
0.162684 0.018134 0.803339
-1.027546 0.001446 -0.523858
0.481796 -0.627815 0.768791
0.212614 0.808114 0.128072
0.051349 0.582757 0.610235
0.038974 -0.568458 0.963406
0.144036 0.151437 0.746868
-0.238022 -0.377849 -0.097562
0.304205 -0.058766 0.632874
0.389964 0.629135 0.582041
0.294904 0.02732 0.511938
0.319382 0.652386 0.569257
-0.286302 -0.024588 0.444638
0.104649 -0.622197 0.6596340000000001
0.210721 0.033202 0.76471
-0.758041 0.297091 -0.477801
-0.355023 -0.320312 -0.180209
1.063377 0.20468 -0.336233
-0.607931 0.634637 0.405822
1.139421 0.140628 -0.425177
-0.449728 0.337111 0.619417
0.96744 -0.180749 -0.246175
0.793239 -0.203593 -0.277704
0.336283 -0.405738 0.87677
-0.298541 0.400387 0.631055
0.096192 0.506885 0.639118
-0.777495 -0.107101 -0.115826
0.021859 -0.339574 0.453096
0.403446 0.38596 0.630088
0.229261 0.7137250000000001 0.576334
-0.00686 0.7020999999999999 0.388595
0.043391 -0.414578 -0.033354
-0.378561 0.701815 0.481333
-0.576017 0.605783 0.452937
0.430719 0.6217240000000001 0.578471
-0.496452 0.888833 0.288633
-0.889595 -0.125537 -0.139769
0.411363 -0.674277 0.8081159999999999
-0.607263 0.417082 0.471021
-0.890202 0.094596 -0.50244
-0.743659 0.501973 0.394956
-0.457984 0.660019 0.466983
0.300945 -0.720543 0.787813
0.276103 -0.040625 0.731331
0.38784 -0.535627 0.86625
-0.455062 0.881264 0.277382
0.324079 0.617605 0.622887
0.193039 0.099388 0.807536
-0.936442 -0.132973 -0.173256
0.055939 0.518784 0.625898
1.010742 0.158389 -0.321453
-0.771066 0.056395 -0.296464
0.284786 -0.553049 0.870861
0.222869 0.058579 0.737392
0.9600919999999999 0.303587 -0.309378
-0.504298 0.432626 -0.746721
-0.985926 0.196842 -0.653388
1.270488 -0.086978 -0.396865
0.800829 -0.129098 -0.151302
0.476121 0.526274 0.577716
0.0921 0.559213 0.617042
-0.357209 -0.254298 -0.533613
-0.8421380000000001 0.385041 0.319652
-0.543045 0.720009 0.198552
-0.99078 -0.129661 -0.252215
0.723712 -0.067402 -0.140074
0.424378 0.617324 0.578983
0.305852 0.380948 0.652293
-1.020272 0.189085 -0.685022
0.9644 0.256254 -0.24142
0.177127 -0.517981 0.891472
-0.177244 0.668941 0.429169
-1.112819 0.048474 -0.692773
0.809538 -0.112538 -0.183164
1.036824 0.363269 -0.277406
0.209914 0.699173 0.515786
1.058717 0.01226 -0.34877
0.643689 0.621966 0.547539
0.296115 -0.0882 0.462818
-0.33383 0.369739 0.648024
-0.59209 0.409008 0.524456
0.265195 0.002139 0.542554
1.174463 -0.120826 -0.44109
-0.035833 0.899392 0.42361
0.384875 0.284492 0.600871
0.67448 -0.160696 -0.13504
-0.953804 -0.084894 -0.37329
0.24758 -0.112919 0.806242
0.790906 -0.114667 -0.165293
1.123488 -0.105373 -0.366941
0.637094 0.573838 0.547919
-0.8164360000000001 0.282395 -0.270578
-1.006998 0.08089499999999999 -0.651446
0.2408 -0.590414 0.929073
-0.451288 0.313972 0.614004
0.8475470000000001 0.032677 -0.295289
0.139603 -0.32956 0.404485
-0.330816 0.523874 0.622727
-0.142383 -0.465285 0.741695
0.418958 0.849619 -0.06918199999999999
0.478274 0.468314 0.5911380000000001
0.227827 -0.574113 0.938317
1.15094 0.334689 -0.292027
-0.9289849999999999 0.083328 -0.557048
-0.010965 0.422958 0.63702
0.060154 -0.674272 0.871866
0.124825 0.6762320000000001 0.587388
-0.1637 0.677989 0.54747
-0.922383 -0.063594 -0.3817
-0.710039 -0.122355 -0.086224
1.089518 0.225288 -0.396808
-0.072146 0.643379 0.60097
0.278653 0.005623 0.509424
0.235187 -0.28951 0.249341
0.09704 0.171096 0.739001
0.062321 0.14061 0.773916
-1.269887 -0.045301 -0.586046
0.830553 -0.111737 -0.271398
-0.709796 0.552002 0.387131
-0.683996 0.14868 0.253249
0.809372 -0.034381 -0.25326
-0.5026389999999999 0.6164269999999999 0.464524
-0.8587590000000001 -0.088115 -0.329159
-0.31125 0.33431 0.649925
-0.226526 -0.198958 0.338684
0.340539 -0.1806 0.548289
-0.143156 -0.215987 0.793779
-0.660243 0.47678 0.45614
-0.012396 -0.451768 0.954857
-1.228297 0.064303 -0.74461
0.06732299999999999 0.140973 0.820839
0.989791 -0.090519 -0.397385
0.205547 -0.543428 0.923941
1.265584 0.08654199999999999 -0.364495
0.4235 0.269761 0.626333
0.50222 0.667334 0.34938
0.338068 -0.28334 -0.499853
-0.011925 0.596498 0.604739
0.244926 -0.04694 0.774176
-0.20763 -0.120473 -0.737505
0.286957 0.486912 0.704403
0.408351 0.602073 0.569788
-0.279724 0.560586 0.527693
-0.449482 0.363333 0.600938
-0.128073 -0.043041 0.730752
-1.059144 0.07450900000000001 -0.688508
-0.05482 -0.198016 0.863247
0.154007 0.705692 0.578373
0.197867 -0.034586 0.794519
0.061779 0.146216 0.802144
-0.75652 -0.161509 -0.092275
-0.209811 0.708619 0.473989
-0.968072 0.123434 -0.608522
-0.247796 0.310676 0.671712
0.319725 -0.09084200000000001 0.6029949999999999
-0.034161 -0.407268 0.578885
0.565709 -0.185044 -0.14609
0.364136 0.674092 0.447031
0.193019 0.067287 0.806368
-0.7597390000000001 -0.026303 -0.299076
-0.289025 -0.192792 0.255676
-0.838179 0.599072 0.241027
0.421905 0.367243 0.64086
-0.843939 0.006364 -0.420793
-0.81111 -0.06535199999999999 -0.289988
-0.870202 -0.109614 -0.296615
0.451351 0.430819 0.604147
-0.4639 0.058183 0.387868
0.740846 0.358308 0.416896
0.196164 0.070086 0.786338
0.725954 -0.02124 -0.409405
-0.188225 0.068351 0.617237
-1.026244 0.100464 -0.664916
-0.486667 0.444259 0.622598
-0.797356 0.356078 0.372989
0.6049870000000001 0.482326 0.556847
0.71633 -0.07885300000000001 -0.128051
-1.013251 0.045398 -0.576186
-0.177441 -0.086754 0.555909
0.105615 0.776608 0.189973
-0.178576 0.016289 0.560401
-1.088171 0.148556 -0.7065940000000001
0.197829 0.63093 0.65938
0.481732 -0.545528 0.765826
0.9818 -0.142775 -0.256451
0.364305 0.824623 -0.383339
1.130118 0.379053 -0.301536
1.044568 0.188354 -0.332364
0.284655 0.018246 0.511327
0.608379 -0.082874 0.037723
-0.604681 0.125933 -0.683307
0.030848 -0.431644 -0.240799
-0.548076 0.344921 -0.748771
-0.060141 0.667834 0.5977440000000001
-1.174595 0.023637 -0.621337
-0.479806 0.352524 0.6056240000000001
0.821729 0.137619 -0.373565
0.210137 -0.544508 0.940832
-0.02229 0.176553 0.784529
-0.110512 0.6636339999999999 0.445827
-0.091679 -0.40718 -0.015642
0.124669 -0.363018 0.166038
0.364299 0.577529 0.630677
1.002525 0.316542 -0.240458
0.435362 -0.059895 0.263106
0.501359 -0.683357 0.675768
0.481116 0.264122 0.603571
0.745557 0.423881 0.424352
-1.076835 -0.030961 -0.527964
0.33827 0.306009 0.626333
-0.028432 0.752366 0.582638
0.224093 0.651206 0.627636
0.913064 0.026069 -0.307505
0.607224 0.73841 -0.251372
-1.085194 0.089616 -0.792035
0.25194 -0.562016 0.908222
0.182423 0.67776 0.565075
-0.619299 0.598627 0.418491
-0.4254 0.6478930000000001 0.486607
1.074317 0.1076 -0.339004
-0.027067 0.682238 0.593494
-0.10779 -0.502667 0.698758
0.463924 -0.437332 0.658615
0.748606 0.426837 0.164385
0.437121 0.412838 0.613356
1.076196 0.37255 -0.273083
-0.776491 -6.999999999999999e-05 -0.342431
0.734993 0.076792 0.082998
-0.871801 0.41302 0.247103
-0.451634 0.605533 0.556298
0.467691 -0.643616 0.607882
-0.147898 -0.170925 0.76975
-1.048816 -0.01335 -0.523332
-0.843525 -0.115304 -0.288809
0.152975 -0.683117 0.874422
0.829525 -0.119107 -0.242389
0.516553 0.426397 0.595342
0.812696 -0.11277 -0.235768
-0.9085 0.011355 -0.460822
-0.131149 -0.370325 0.101013
-0.843407 -0.035901 -0.38492
-0.452113 0.246422 0.538629
-0.518295 0.428077 0.582616
1.270247 0.176309 -0.353157
1.038142 -0.002739 -0.34389
0.180525 -0.5044729999999999 0.887448
1.057028 0.096443 -0.336774
0.162053 0.709223 0.436123
0.619296 0.217029 0.509078
-0.861468 -0.09790500000000001 -0.317878
0.064845 0.641231 0.595598
0.165242 -0.51678 0.901711
0.1212 0.660682 0.588325
-0.866876 0.028114 -0.449641
0.236417 0.091886 0.664413
-0.017578 0.708251 0.588487
-0.286368 0.767296 0.488511
-0.125695 -0.579398 0.803022
0.283088 0.7428940000000001 0.572353
-0.783959 0.097908 -0.130453
0.499 0.243216 0.59109
0.294526 0.683608 0.5194569999999999
0.198323 0.68609 0.584385
-1.087211 0.070275 -0.695421
0.309779 -0.511281 0.852167
-0.455058 0.132013 0.5511160000000001
1.146874 0.301333 -0.381859
-0.337637 0.430077 0.651261
0.313854 -0.518611 0.860986
-0.344188 0.378581 0.629524
-0.121114 -0.272388 0.532987
-0.193311 0.486126 0.607314
-1.162161 -0.089134 -0.466903
0.150393 0.075631 0.83327
-0.117721 0.675003 0.473439
0.891356 -0.11972 -0.236413
0.132587 0.604069 0.622074
0.166378 -0.070173 0.818319
-0.954406 -0.122894 -0.23447
0.627221 0.442572 0.547721
-0.05922 0.708102 0.312158
0.724983 0.386881 0.465507
0.06067 0.578366 0.5534520000000001
0.236554 -0.417759 0.925505
-0.354223 0.63728 0.518286
-0.653446 0.665641 0.188495
-0.371216 0.626453 0.467583
1.172016 0.379694 -0.298121
0.461053 0.560284 0.572993
-0.30134 0.616777 0.416232
0.147279 -0.001738 0.804639
1.127741 -0.117092 -0.331944
0.289852 0.627764 0.649002
-0.033875 0.141418 0.824997
0.034897 0.585164 0.606742
-0.56096 0.41788 0.536116
0.28088 0.578936 0.679338
0.017289 0.784883 0.383703
-0.478915 0.650142 0.357827
0.302762 -0.54026 0.863775
0.528946 0.305434 -0.673942
-0.090152 0.039139 0.754669
0.232405 0.354984 0.665669
0.299221 -0.127646 0.776289
-0.638543 0.539286 0.323198
0.32399 0.289282 0.656676
0.069884 0.504939 0.579294
0.067262 -0.549995 0.967049
0.8005640000000001 0.370694 -0.397228
0.395137 -0.279354 -0.235995
-0.09550500000000001 -0.626788 0.830064
-0.127998 -0.092873 0.760494
0.659063 0.20771 0.418438
-0.059233 -0.622401 0.770123
0.163688 0.07570399999999999 0.829616
-0.027353 0.750702 0.406215
-0.601979 0.278885 0.537151
0.482631 0.494919 0.555306
0.337403 0.712588 -0.573483
0.916291 0.244086 -0.221599
0.224721 0.7293190000000001 0.358043
0.166839 0.524038 0.678308
-0.580721 -0.163988 -0.095681
0.354231 0.318322 0.649913
0.25898 -0.254609 0.426514
-0.727245 -0.034962 -0.145073
0.534534 -0.202694 -0.2934
0.059565 0.140771 0.784042
-0.817455 -0.016665 -0.393897
0.202286 -0.6793709999999999 0.878423
0.661646 0.578256 0.536126
0.382179 0.427978 -0.745449
0.892806 0.09706099999999999 -0.286957
0.105125 0.002725 0.816939
0.092263 0.072364 0.842364
-0.227726 0.576549 0.57353
1.039797 -0.163952 -0.409645
0.929323 0.167431 -0.266709
0.273945 -0.705469 0.828454
-0.286943 0.065317 0.5345529999999999
0.184894 0.533255 0.691079
0.036726 -0.334312 0.93262
0.007309 0.171751 0.794839
-0.821565 0.281538 -0.163872
-0.149597 -0.376197 0.699389
-0.572267 0.790704 0.217388
0.998784 0.341555 -0.29093
0.595168 0.679453 0.565033
0.474263 -0.720747 0.665036
0.017728 0.786969 0.5690809999999999
0.551779 0.307446 0.57906
0.474129 0.768583 -0.414618
0.723631 0.558808 0.455127
0.841798 0.196823 -0.341908
-0.947206 0.01612 -0.492113
1.040371 0.352966 -0.30235
1.21449 0.228209 -0.358242
0.16291 -0.410191 0.945408
-0.489004 0.683335 0.210832
-0.062458 0.820599 0.44292
0.506463 0.709709 0.58301
0.171481 0.784776 0.5641080000000001
0.184916 0.643876 0.639551
-0.073495 0.04893 0.7698739999999999
0.324748 0.66494 0.59456
0.355472 -0.614002 0.874296
-0.63873 0.554303 0.428111
-0.484279 0.482945 0.618228
0.699657 0.52199 0.5066040000000001
0.36451 -0.490535 0.879339
-0.7883869999999999 -0.01449 -0.376257
-0.849437 0.39182 0.19457
0.200395 0.040952 0.77322
-0.346738 0.732468 0.503451
-0.834048 0.09747400000000001 -0.595747
-0.026023 -0.030773 0.812882
-0.673697 -0.07912 -0.022043
0.454714 0.636415 0.5668879999999999
0.546138 0.561341 0.5642200000000001
0.35394 0.640382 0.584462
-0.624882 0.387612 0.509655
0.854217 -0.033609 -0.298275
0.857579 -0.119744 -0.268708
0.783452 -0.057788 -0.219205
0.649614 0.567545 0.268759
-0.075921 0.649429 -0.724688
-0.804252 0.091684 -0.569327
0.73028 -0.028503 -0.12961
1.304128 0.220521 -0.332884
0.474427 0.659972 0.571661
-0.997955 -0.128207 -0.351546
0.308206 0.727978 0.358484
-0.521906 0.465804 0.591183
-0.439464 0.642529 0.481603
-0.375605 0.749869 -0.494883
-0.667291 0.187071 0.358142
0.059827 0.144213 0.763329
0.308192 -0.429164 0.899986
0.581943 0.145324 0.447552
-1.174819 -0.122903 -0.395242
-0.783691 0.542347 0.133018
0.298955 -0.327291 0.491528
0.817644 0.13736 -0.190936
-0.436299 0.87907 0.387945
0.062195 0.601903 0.607307
0.923887 -0.032164 -0.308534
0.412022 0.316796 0.611341
-0.334488 0.494037 0.649953
0.986606 0.267429 -0.249919
0.156398 0.902482 0.414744
0.105232 0.121534 0.832972
0.453773 0.605757 0.460792
-0.395627 0.406932 0.646842
0.308436 -0.7271879999999999 0.717629
-0.650322 0.552314 -0.417037
0.462841 -0.720464 0.707837
0.328556 -0.580661 0.899632
-0.094162 0.690075 0.32959
0.134926 -0.23847 0.890875
0.359842 -0.160979 0.6937179999999999
1.147642 0.312203 -0.300174
-0.575765 0.55043 0.471174
-0.889368 0.508885 0.216846
-0.06378 0.779748 0.560778
0.973648 0.134232 -0.311094
1.349786 0.113329 -0.361117
-0.532068 0.870462 0.341941
-0.305755 0.7938499999999999 0.378882
0.10892 0.172539 0.786191
0.5306650000000001 0.332651 0.515133
-0.81268 0.154467 -0.408989
0.194838 0.081122 0.772872
-1.133637 0.144999 -0.734509
0.924199 0.089323 -0.303106
-0.278923 -0.046416 -0.758294
-0.179415 0.03171 0.575564
0.263988 0.00872 0.565119
-0.257072 0.665787 0.554109
0.024524 0.12062 0.841316
0.065196 0.146657 0.768872
-0.86234 -0.163197 -0.310053
1.139226 -0.138055 -0.335053
0.47663 0.546725 0.578438
0.508653 0.671309 0.162773
0.311828 0.340826 0.660201
1.290924 0.266248 -0.326658
0.167056 -0.513594 0.894137
-0.585768 0.387287 0.497714
0.261243 -0.439783 0.913594
-0.814487 -0.093529 -0.255462
0.332835 -0.302864 -0.44992
1.067551 0.08075599999999999 -0.340115
0.128798 -0.4799 0.964983
-0.706305 0.308558 0.460839
0.106334 0.665714 0.525153
0.257822 -0.561967 0.894048
-0.535851 0.640431 0.451007
0.012832 -0.32976 0.430115
1.253532 0.305298 -0.394218
1.04807 0.243107 -0.3011
0.20323 0.07159500000000001 0.757823
0.950043 -0.070572 -0.309094
1.112159 0.354826 -0.275173
-0.509798 0.377102 0.578397
0.357714 -0.654864 0.588542
0.08638700000000001 -0.339885 0.320127
-0.857295 -0.046325 -0.377888
-0.606332 0.564282 0.435611
-0.5322170000000001 0.877278 0.308792
-0.038068 0.80358 0.568051
-0.475361 0.54328 0.593975
-0.336666 0.211439 -0.825094
0.770325 -0.121287 -0.149788
-1.070176 0.000636 -0.55459
0.113676 0.155914 0.810351
0.8189959999999999 0.389056 -0.064745
0.388972 -0.654352 0.580272
-0.0716 0.486717 0.621496
-0.03404 0.16775 0.770482
-0.759003 0.386916 0.416302
1.006807 0.054493 -0.32774
-0.556593 0.134429 -0.717137
-0.946835 -0.069481 -0.388579
0.200694 0.05834 0.768846
0.177698 0.121298 0.768359
0.229139 0.004208 0.7594109999999999
-0.805939 0.183737 -0.487136
-0.197864 -0.067144 0.513227
-0.401892 0.041057 0.41795
1.112805 0.248338 -0.326423
0.374634 -0.459792 0.864629
0.449915 0.449313 0.611365
0.743412 0.413728 0.3988
0.460324 -0.603791 0.601679
-0.485729 -0.149577 0.056916
-0.226099 0.018418 0.525093
0.485383 -0.705668 0.652996
-0.832294 0.086074 -0.408905
0.074888 0.787125 0.560704
-0.073226 0.833465 0.499295
0.737859 0.37039 0.440536
-1.208031 -0.067911 -0.639978
0.728213 -0.053898 -0.148294
-0.6211100000000001 0.213699 0.501108
0.071564 0.17258 0.7381799999999999
0.365651 -0.337677 0.54014
0.127311 0.628495 0.598719
0.329387 -0.476992 0.886641
-0.489515 -0.17963 -0.018791
0.196157 -0.376756 -0.39855
0.072834 -0.097332 0.845773
-0.215327 0.553739 0.583135
1.091052 0.337165 -0.342999
0.169319 0.097029 0.828886
-0.9300119999999999 0.114347 -0.563093
0.096287 0.638592 0.556501
0.304308 -0.598739 0.903898
-0.614178 0.623937 0.143446
-0.042248 0.154047 0.809724
0.31455 0.04367 0.5274759999999999
-0.841857 0.469864 0.138056
-0.262606 0.339705 0.618007
-0.983414 0.053028 -0.566536
0.282102 0.44135 0.6983200000000001
-0.770594 0.580387 0.166127
1.069184 0.309903 -0.273613
-1.229491 0.009188999999999999 -0.600867
0.488414 0.507957 0.58392
-0.355232 0.84174 0.408792
0.377011 0.307682 0.6197279999999999
0.151704 -0.493587 0.963412
-0.8691680000000001 0.005077 -0.432182
1.266877 0.09941999999999999 -0.390216
0.300132 -0.557407 0.900115
0.385696 0.624023 0.578632
0.465228 0.425308 0.611227
0.659592 0.580318 0.178988
0.129383 0.688594 0.493764
-0.867493 0.529413 0.186238
0.823697 -0.051132 -0.255946
-0.803881 0.028192 -0.521546
-0.237175 0.835819 -0.350658
-0.36121 0.57535 0.5701040000000001
0.489609 -0.5286419999999999 0.733992
0.055607 -0.582619 0.960521
-0.272778 0.525201 0.582739
-0.5639380000000001 0.150634 0.460263
-0.285417 0.539086 0.568167
1.329455 0.303807 -0.374312
0.101024 0.4789 0.610859
-0.821 0.280649 -0.108808
0.661173 0.183504 0.339509
0.439635 0.85048 -0.134857
-0.713905 -0.09776700000000001 -0.103522
1.128528 0.14986 -0.353398
-0.239822 0.7343 0.456905
-0.873385 -0.08368100000000001 -0.339664
1.221021 0.290412 -0.322968
-0.441514 0.836799 0.237395
-0.585694 0.74539 0.397923
0.139328 0.854129 0.565213
-0.622932 -0.169525 -0.155731
0.904918 -0.195264 -0.216749
0.723394 -0.123317 -0.137434
0.089416 0.483525 0.640736
0.277969 -0.015848 0.593557
0.280258 0.658186 0.586517
0.107459 0.817374 0.117807
-0.181056 0.049435 -0.83035
0.468604 0.198016 0.589097
-1.126675 0.137679 -0.717431
0.138376 -0.324741 0.380331
0.046719 0.12365 0.8380379999999999
-0.492888 0.603716 0.5271670000000001
-0.628546 0.488591 0.446332
-0.784785 0.101862 -0.08948399999999999
1.124374 -0.11043 -0.337056
0.10048 -0.469206 0.965228
0.810534 -0.107726 -0.24143
0.149282 0.585419 0.658585
-0.366635 0.6128670000000001 0.513285
-0.751708 0.457158 0.408456
-0.519535 0.469215 0.596211
0.32356 0.444306 0.697716
0.192051 0.421881 0.654009
-0.802953 0.55948 0.161485
-0.617673 -0.023257 0.131366
0.211812 0.767695 0.193521
0.09715799999999999 0.669131 0.499288
0.08910899999999999 0.169234 0.772807
0.421873 0.519477 0.613652
0.764778 -0.157759 -0.138384
0.162471 0.432965 0.646814
0.824771 0.26101 -0.340581
-0.077295 0.65988 0.396324
0.307615 -0.069961 0.5990259999999999
0.33435 -0.296028 -0.059303
-0.6570589999999999 0.508922 0.438154
0.10701 0.715489 0.57058
-0.5921 0.623626 -0.343109
-0.096918 0.688931 0.576834
-0.10607 0.696572 0.555073
0.462344 0.7703179999999999 0.054155
0.437918 0.625537 0.574893
0.407713 0.085868 -0.743131
0.460129 0.540317 -0.642038
-0.553749 0.39905 -0.729239
0.794335 0.016062 -0.254978
1.007143 0.012785 -0.402175
1.301949 0.242338 -0.418459
-0.290636 -0.282519 0.104456
-0.33123 0.491742 -0.790708
0.154745 -0.495729 0.9157650000000001
-0.09804 0.721689 0.526221
-0.408806 0.832618 0.257526
-0.885444 -0.049376 -0.383608
-1.020945 0.144093 -0.65834
0.476599 0.309722 0.609648
0.127884 -0.006829 0.809626
-0.271144 0.281112 0.591829
0.329637 -0.214408 0.517827
-0.716646 0.006101 -0.522012
-0.264984 0.763508 -0.53903
0.858147 -0.1709 -0.328494
-0.737398 -0.004935 -0.132743
-0.127829 0.012435 0.704022
-0.34152 0.8124710000000001 0.324495
-1.143384 -0.094719 -0.515141
-0.496579 0.666466 0.44451
0.859793 0.269059 -0.26007
-0.607414 0.428117 0.502595
-0.147728 -0.054314 0.699825
0.497353 0.297787 0.600987
0.235509 0.0599 0.695424
0.568728 0.412939 0.573139
0.127202 0.153671 0.810754
1.036106 -0.130609 -0.311491
0.532083 0.478242 0.582008
-0.476016 0.663557 0.455975
0.329577 -0.383463 0.872534
0.011922 0.173972 0.741511
0.119462 -0.393063 0.949081
-0.559601 0.84988 0.335365
0.725301 -0.030221 -0.088924
0.471547 0.587906 0.576531
-0.491639 0.426788 0.606273
0.022662 0.567824 0.482096
0.237934 0.463338 0.702477
0.344849 0.44398 0.688671
0.344598 -0.495835 0.893184
0.299667 0.504984 0.698852
-0.784487 0.422215 0.391464
0.882831 -0.093998 -0.292867
0.047409 0.141362 0.826522
-0.559657 0.851514 0.269758
0.150095 0.159773 0.789227
-0.410401 0.633413 0.495331
-0.484071 0.630522 0.469406
1.226692 0.136572 -0.389314
1.08433 0.092075 -0.341788
0.323075 -0.09328 0.678632
-0.488356 -0.124757 -0.5649420000000001
0.394562 0.634033 0.583751
-0.948402 0.21434 -0.6518389999999999
0.102023 0.524597 0.6274420000000001
-0.836082 -0.114943 -0.282039
0.262001 0.671164 0.589508
0.101646 0.035054 0.837309
0.075365 0.158712 0.7703
-0.331981 0.47489 0.6556
0.30984 -0.519354 0.855522
0.079223 0.950869 0.484971
-1.16943 -0.083984 -0.608899
0.349527 -0.540556 0.894356
0.16935 0.058261 0.82237
0.246075 -0.536428 0.869875
0.336965 0.60004 0.642501
0.033154 0.137594 0.832157
-0.012851 0.323005 0.669244
-0.048423 0.085706 0.787548
-0.506993 0.148762 -0.748619
-1.177582 -0.03262 -0.608302
-0.92349 -0.166208 -0.147189
-0.833994 -0.118773 -0.273401
-0.275118 0.612355 0.548797
-0.804284 0.162775 -0.07682600000000001
-0.991271 -0.022097 -0.476991
0.09607599999999999 -0.261935 -0.6710970000000001
-0.074035 -0.553791 0.710157
-0.710721 -0.175941 -0.18288
0.690846 -0.049486 -0.013147
0.190329 -0.421146 0.937993
0.103475 0.880614 -0.312716
-0.377473 0.420318 0.656126
-0.493956 0.735388 0.426395
-0.422187 0.283157 0.623328
0.238964 0.066232 0.6645
-0.150174 -0.212503 0.474447
0.376376 0.639863 0.5285069999999999
1.26536 0.109098 -0.379618
0.237201 -0.258566 0.366374
0.157176 -0.040778 0.809276
0.349784 0.07731399999999999 0.560567
-0.400896 0.642979 0.42219
-0.820807 -0.07112 -0.299242
-0.250012 0.437898 -0.82254
0.307269 0.775539 -0.50205
0.439943 -0.50952 0.591803
-0.720011 0.08903999999999999 0.118012
0.078569 0.673998 0.585999
0.144722 0.025304 0.820827
0.799315 -0.020971 -0.258197
-0.718045 -0.056309 -0.100382
-0.93956 0.201448 -0.698696
1.115028 0.056605 -0.35586
1.335739 0.28763 -0.34094
1.102144 0.101954 -0.34405
-0.057251 -0.336275 0.5266729999999999
0.173373 -0.505283 0.953145
-0.399799 0.421835 0.6571050000000001
0.380225 0.500705 0.671598
0.055938 0.823948 0.372004
0.023495 -0.02454 0.81857
0.485102 -0.5769300000000001 0.766064
-0.5253100000000001 0.522833 0.5744939999999999
-0.318666 0.6741470000000001 0.277945
0.792362 -0.00182 -0.268016
-0.370386 0.323582 0.6258860000000001
-0.39238 0.372502 -0.80677
0.111644 0.333702 0.683409
-0.241757 0.449444 0.627514
-0.793824 0.10088 -0.349745
0.654416 0.698491 -0.242682
1.148928 0.246948 -0.338361
-0.9077229999999999 0.139701 -0.523041
-1.000749 -0.133608 -0.3372
-0.9321430000000001 0.189792 -0.576204
0.346588 -0.715011 0.787161
-0.174901 -0.124325 0.521307
-1.137321 0.036449 -0.681472
-0.32033 0.242515 0.663323
-1.120428 0.127158 -0.7033469999999999
0.482706 0.6176739999999999 0.565808
0.74171 0.435254 0.447978
1.331906 0.042571 -0.444959
0.166225 -0.357882 0.926945
-0.639644 0.44043 0.485468
-0.055061 0.081707 0.782031
-0.829068 0.603831 0.301292
-0.035125 0.656991 0.597674
0.428741 -0.585522 0.575462
-0.050882 0.10786 0.787517
-0.838858 0.07481599999999999 -0.41721
-0.566723 0.190657 0.5291979999999999
0.431213 -0.731688 0.700088
0.415578 -0.708596 0.76681
0.167566 0.351378 0.607888
-0.879768 0.541928 0.211389
-1.253356 0.018735 -0.711157
-0.248146 0.451506 0.6239
-0.486518 0.635597 0.469522
0.261302 -0.275767 0.44334
1.183554 0.28225 -0.323327
-0.190233 0.407859 0.63473
0.248568 0.666736 0.584964
-0.470323 0.885553 0.368637
0.285458 -0.416589 0.511618
0.158643 0.41802 0.665965
0.16456 0.139652 0.750483
0.132558 -0.698927 0.829216
1.371482 0.217997 -0.376664
-0.248713 0.464891 0.617681
0.153964 0.41056 0.6635
0.011682 0.51812 0.620823
0.331347 -0.512805 0.889137
0.331565 0.0343 0.486902
-0.565275 0.139693 0.424291
0.442361 0.511981 0.596152
-0.730534 0.063282 -0.551528
-0.076603 -0.262624 -0.672748
0.259221 0.84609 0.432215
-0.133387 -0.54591 0.783677
-0.115212 -0.413307 0.6483139999999999
-0.067595 -0.516247 0.9404670000000001
0.416755 0.37433 0.640883
0.490796 0.07441399999999999 0.408178
-0.225771 0.609225 0.569491
0.270844 0.642083 0.635258
-0.5476569999999999 0.517734 0.551604
1.341588 0.179218 -0.343362
-1.056759 -0.083661 -0.462841
1.248736 0.069951 -0.447446
0.458186 0.428277 0.608038
0.08131099999999999 0.107297 0.839191
-0.7832440000000001 0.397728 -0.343013
0.833047 -0.085441 -0.262543
0.030396 0.151749 0.819989
-0.324917 0.613314 0.464949
0.598395 0.735046 -0.070509
0.5823660000000001 0.118554 0.36945
0.07624499999999999 0.580458 0.575268
-0.290817 0.557272 0.565098
0.739509 -0.190492 -0.161659
0.180376 0.504924 0.684835
0.294343 -0.54774 0.866865
0.902011 0.290491 -0.269571
0.833533 -0.038172 -0.28608
0.290498 -0.344838 0.878541
0.043056 0.856629 0.373097
0.5308310000000001 0.555161 0.567734
0.207827 -0.188794 -0.694771
-0.269829 0.652879 0.546049
-0.062352 -0.149786 0.842288
-0.816871 0.186854 -0.468747
-0.490176 0.877148 0.260223
0.390947 0.371171 0.645796
0.006597 0.942489 0.504943
-0.850258 0.184015 -0.471901
0.167399 0.085782 0.829674
1.050882 0.067675 -0.337889
0.159326 0.5674129999999999 0.6752280000000001
0.210054 -0.359221 0.471738
0.388355 -0.294164 0.778447
