-0.472727 0.608461 0.533035
-0.865181 0.557949 0.294062
-0.811438 -0.157167 -0.294529
1.129601 0.191085 -0.36498
-0.5921 0.623626 -0.343109
-0.022982 -0.634287 0.762679
-0.512774 0.63175 0.407897
0.453139 0.6994939999999999 0.172411
-0.865824 0.148629 -0.6479279999999999
1.258763 0.044638 -0.361666
-0.850682 0.198034 -0.590993
-0.93764 -0.056106 -0.400096
0.68988 0.001251 0.074221
0.794335 0.016062 -0.254978
0.086633 0.210285 0.72697
0.166839 0.524038 0.678308
0.798864 -0.013571 -0.278589
-0.086768 0.873404 -0.102859
0.012832 -0.32976 0.430115
0.999555 0.023134 -0.327597
0.262847 -0.582511 0.9246760000000001
0.494155 -0.7017060000000001 0.683067
-0.356026 0.453624 0.666394
0.357218 -0.7320179999999999 0.719814
0.420871 0.397499 0.622241
0.376557 0.312777 -0.779049
0.332068 0.018412 0.476117
0.297278 -0.585326 0.911474
0.531956 0.761531 -0.012963
-0.373538 0.411213 0.651033
-0.843525 -0.115304 -0.288809
-0.502495 0.39644 0.589468
-1.022225 0.127626 -0.657531
0.208611 0.505122 0.700529
0.221434 -0.433614 0.515813
-0.6011879999999999 0.575641 0.374761
-0.634002 0.562019 -0.098867
0.265461 0.079929 0.619856
-0.450616 0.609161 0.532759
-0.410953 0.600046 0.568472
0.6490590000000001 0.667941 -0.364908
1.376061 0.161784 -0.381136
0.245971 -0.483207 0.871792
0.8881019999999999 0.291052 -0.219296
-1.03286 0.070632 -0.662846
-0.877876 0.038161 -0.465137
0.683056 0.628062 0.516091
0.349527 -0.540556 0.894356
0.492199 0.52904 0.582596
0.034848 0.921678 0.397034
-0.402584 0.69038 0.471535
0.056483 0.107154 0.841946
-0.723969 0.631423 0.377027
0.346588 -0.715011 0.787161
-0.61448 0.425615 0.504158
-1.174569 -0.035255 -0.610532
0.737436 0.481869 0.412405
0.300945 -0.720543 0.787813
-0.563738 0.633005 0.435061
-0.17132 -0.091769 0.643809
-0.40132 0.096759 0.521654
0.505763 0.649038 0.21595
-0.005827 0.057293 0.821802
-0.038913 0.164955 0.801634
1.017083 0.038337 -0.33166
-0.6881969999999999 -0.09402199999999999 -0.06841
0.036024 0.061981 0.8414469999999999
-0.6211100000000001 0.213699 0.501108
-0.871418 -0.110137 -0.161442
0.434675 -0.589981 0.825043
-0.815228 0.322645 0.326233
-1.1955 -0.061543 -0.498484
0.485102 -0.5769300000000001 0.766064
0.677104 0.545007 -0.46517
-0.849338 -0.100307 -0.308882
1.293135 0.330425 -0.372721
0.320909 -0.2867 0.501509
-0.451881 0.557744 0.596511
0.009024000000000001 -0.373436 0.18533
0.49582 -0.653158 0.738712
0.005238 0.387254 0.647719
0.123115 0.446228 0.6226660000000001
0.489619 0.487303 0.588162
0.07011100000000001 0.5206769999999999 0.629598
-0.311049 0.399124 0.642778
-0.716012 0.683406 0.348306
-0.965297 0.030176 -0.650722
0.155773 0.187444 0.74394
0.289852 0.627764 0.649002
0.017105 0.66134 0.587207
-0.76085 0.045509 -0.09458800000000001
-0.306471 0.569337 0.550643
-0.333881 0.639313 0.36377
0.19636 0.895564 0.447939
1.140095 0.035123 -0.369759
0.06952999999999999 -0.610658 0.670613
-1.223794 -0.065744 -0.5004459999999999
0.13923 0.449756 0.655657
0.763046 0.066402 -0.067373
0.070766 0.395956 -0.856086
-0.460463 0.082931 -0.749132
1.123488 -0.105373 -0.366941
0.8414239999999999 0.040532 -0.288321
-0.07928399999999999 0.192403 0.755813
0.47663 0.546725 0.578438
0.413928 -0.405406 0.58166
-0.040352 -0.328856 0.490059
-0.795025 -0.09257 -0.229789
0.219218 0.044586 0.751102
0.174948 0.369741 0.625383
-0.003546 0.103807 0.845114
-0.238851 0.492325 0.608834
0.901654 0.003995 -0.363241
0.270844 0.642083 0.635258
0.188421 -0.533293 0.917107
-0.739594 -0.033226 -0.21483
-0.465162 0.812791 0.43238
0.006154 -0.466312 0.59351
0.439377 -0.629423 0.583744
0.824053 0.392746 -0.230355
-0.561759 0.485741 0.532344
0.7414770000000001 0.00839 -0.100844
0.145705 0.009573 0.8087259999999999
-0.003802 0.069857 0.834463
1.219296 0.37309 -0.30936
-0.235692 0.475988 0.615923
0.242292 0.481148 0.706687
-0.351805 0.602762 0.52013
-1.092303 -0.034474 -0.650473
0.207387 -0.495298 0.87998
-0.530925 0.484852 0.583012
-0.39815 -0.251073 -0.489233
-0.720011 0.08903999999999999 0.118012
0.436543 -0.517056 0.8208839999999999
-0.601943 0.755788 0.21603
0.02866 0.161836 0.751494
-0.493047 0.470188 0.616897
-0.976619 0.177096 -0.7546
-0.438165 0.523872 0.62358
-0.673697 -0.07912 -0.022043
0.78128 0.453725 0.042129
1.300778 0.110774 -0.347319
-0.011433 0.116224 0.842495
0.087532 0.153093 0.8097839999999999
0.320332 0.59307 0.6613520000000001
0.621447 0.612741 0.556828
0.488414 0.507957 0.58392
-0.159253 -0.200772 0.457479
1.278234 0.192141 -0.343818
0.006741 0.193467 0.7321530000000001
-0.055495 0.123648 0.774255
0.107257 -0.416725 -0.14369
0.198081 -0.537766 0.892245
0.235187 -0.28951 0.249341
-1.121925 -0.097527 -0.574278
-0.198015 0.411556 0.570064
0.73311 0.435257 0.258608
-0.034385 0.172922 0.787615
-0.590309 0.575657 0.405835
-0.450527 0.357391 0.612807
0.097111 0.168882 0.761077
0.651832 0.568488 0.225172
0.382179 0.427978 -0.745449
0.481544 -0.713939 0.693528
-0.110543 -0.302461 0.556098
0.285473 0.619469 0.656988
0.704023 0.560187 0.128893
-0.516973 0.563344 0.556064
0.272833 0.339374 0.662049
-0.927125 0.050092 -0.516523
-1.157964 0.110326 -0.699939
0.324079 0.617605 0.622887
-1.051786 -0.111954 -0.428511
-1.019948 0.176153 -0.671565
0.27199 -0.458929 0.8821290000000001
-0.5849299999999999 -0.179824 -0.246587
0.238857 0.676346 0.587979
0.950043 -0.070572 -0.309094
-0.451286 0.7444269999999999 0.442926
-0.86072 0.098202 -0.44816
-0.581553 0.095634 0.324833
0.801745 0.215692 0.008817999999999999
0.859809 0.206865 -0.205162
0.485149 -0.60448 0.766895
-0.531241 0.5835630000000001 0.502672
-1.216605 -0.028353 -0.5467
0.146241 0.154993 0.802105
-0.794447 -0.046199 -0.356592
0.9484320000000001 0.056391 -0.313063
0.743874 0.314959 -0.485857
0.706423 -0.184804 -0.281318
0.415691 0.78796 0.531191
-0.756152 -0.009631000000000001 -0.289499
0.7589129999999999 0.433174 0.122013
0.449638 0.371203 0.628964
0.880013 -0.143657 -0.183147
-0.403833 0.279733 0.589477
-0.220344 -0.165339 0.385774
-0.415921 -0.141214 0.153622
0.236634 -0.444534 0.915127
-0.384921 0.651965 -0.649416
1.102144 0.101954 -0.34405
-0.809867 0.485525 0.10225
0.322715 -0.461081 0.887191
-0.815275 0.302576 0.071674
0.077255 0.47868 0.637252
-1.112781 0.063342 -0.689457
-0.254883 0.44066 0.624537
-0.867493 0.529413 0.186238
0.235601 -0.55855 0.9022289999999999
1.331066 0.046235 -0.370709
-0.566723 0.190657 0.5291979999999999
0.014534 0.134394 0.835673
0.490796 0.07441399999999999 0.408178
0.256698 -0.226225 0.396544
0.93587 0.073307 -0.30867
0.324196 0.575248 0.669053
-0.120401 0.399888 0.636541
-0.632684 0.644868 0.167277
-0.422187 0.283157 0.623328
-0.779276 -0.025138 -0.364607
0.38182 0.331239 0.648017
1.006807 0.054493 -0.32774
0.785319 -0.015976 -0.243474
-0.415428 0.465538 0.653233
-0.856066 0.068589 -0.45021
-0.5322170000000001 0.877278 0.308792
0.10861 0.5081329999999999 0.632418
-0.649834 0.538557 0.42739
-0.765752 0.060001 -0.220925
-0.28205 0.521435 0.568981
-0.643505 0.188941 -0.674339
1.12492 0.21025 -0.359424
0.694648 -0.19837 -0.236576
0.130414 0.383121 0.5989449999999999
-0.634119 -0.166207 -0.298852
-0.008312999999999999 0.776318 0.183034
-1.194066 0.096132 -0.781309
-0.7776 0.459274 0.391248
0.173351 -0.632157 0.635791
0.251684 0.282696 0.59562
0.278932 -0.559997 0.885402
0.380995 0.422227 0.660775
-1.204974 -0.09768399999999999 -0.447704
0.178147 -0.548857 0.956551
0.347986 -0.171519 -0.62693
0.391629 0.241824 0.635976
0.288564 0.662771 0.589051
0.408324 -0.268182 0.637469
-0.477749 0.653239 0.3268
0.141131 0.582187 0.641828
-0.084399 0.000179 0.768604
0.416591 0.844956 -0.281039
0.214992 0.690563 0.588026
-0.417129 0.390782 0.635456
0.764778 -0.157759 -0.138384
0.345307 -0.5139049999999999 0.539788
0.7262729999999999 -0.150067 -0.32091
0.850768 -0.117359 -0.279516
0.244764 -0.56037 0.92103
0.792362 -0.00182 -0.268016
0.334621 0.578362 0.663697
-0.148903 -0.315926 0.806545
0.123136 0.72134 0.568495
0.807063 -0.056213 -0.240119
-0.503951 0.768339 0.421004
-0.560967 0.693796 0.411937
-0.766703 0.114769 -0.551384
-0.079759 0.787835 0.481682
-0.034918 -0.004202 0.801216
0.123769 0.478061 0.641705
1.133353 0.181016 -0.363727
-0.774725 0.07523100000000001 -0.278409
-0.903166 0.155452 -0.517994
-0.63306 0.300367 -0.692565
0.243393 -0.253415 0.338479
0.220971 0.819069 0.574311
-1.070176 0.000636 -0.55459
0.065196 0.146657 0.768872
-0.325577 -0.09132800000000001 0.327523
0.223114 0.717379 0.331305
-0.650651 0.477313 0.458762
0.068152 0.56132 0.620048
0.379171 0.554613 0.635464
0.465244 0.429324 -0.690098
-0.125695 -0.579398 0.803022
0.628959 0.70848 -0.309208
0.09798900000000001 0.938735 0.429478
-0.191664 -0.140052 0.456738
0.944693 0.307745 -0.219238
-0.08262799999999999 0.159928 0.7620400000000001
0.625437 0.2994 0.53648
0.017728 0.786969 0.5690809999999999
0.458186 0.428277 0.608038
0.275893 -0.372584 0.496349
0.326998 0.669663 0.592883
0.137526 -0.449201 0.959992
-0.470342 0.77751 0.213325
0.26116 -0.609151 0.914779
-1.120428 0.127158 -0.7033469999999999
1.196927 -0.058086 -0.409567
0.971581 -0.16547 -0.244275
0.183623 0.061793 0.815159
-0.048147 0.062781 0.786643
0.235143 -0.359903 -0.047948
-0.476943 0.499692 0.615662
0.44685 0.600994 0.576866
-0.985692 -0.204732 -0.262576
0.39952 -0.353277 0.575122
-0.719353 0.5015540000000001 -0.175653
-0.926744 -0.023364 -0.43337
0.132587 0.604069 0.622074
0.368169 0.332073 0.636473
-0.8553539999999999 -0.118175 -0.25013
0.44151 0.734379 0.419174
0.872335 -0.120233 -0.256642
0.394255 -0.570348 0.5578689999999999
0.174091 0.529649 0.687645
0.217254 -0.532293 0.879775
-0.311363 0.38506 0.645332
-0.27154 0.586504 0.560445
0.407089 0.785494 0.554335
0.389889 -0.734537 0.696888
0.104521 0.490303 0.644056
-0.899894 0.148746 -0.6844440000000001
0.169122 -0.416674 0.943582
-0.31934 0.389197 0.631502
0.443816 -0.714178 0.620851
0.495112 0.437878 0.6033500000000001
0.032686 0.608413 0.46715
-0.98481 -0.138538 -0.214875
0.159329 0.725373 0.567561
-0.063441 0.009721 0.783054
0.829546 -0.04499 -0.268208
0.143689 0.159798 0.746139
0.273329 0.386521 0.661123
0.25781 -0.080285 0.783423
-0.033875 0.141418 0.824997
-0.004408 0.671262 0.590059
1.226512 0.053729 -0.397186
-0.548666 0.280046 -0.751903
1.14286 0.170448 -0.363314
0.620355 -0.14086 -0.38623
0.129691 0.740124 0.562317
0.22 0.482878 0.702859
0.339667 0.102076 0.591524
-0.127829 0.012435 0.704022
-0.804142 -0.04209 -0.367252
-0.781844 -0.034523 -0.36168
0.078638 -0.61791 0.943058
-0.451288 0.313972 0.614004
-0.408545 0.447431 0.659673
0.127119 0.885883 0.5585329999999999
-0.919899 0.020577 -0.478295
0.885178 0.156164 -0.241109
0.413408 0.607352 0.573875
0.49025 -0.683708 0.6442059999999999
-0.023596 0.113899 0.839661
-0.424008 0.66889 0.474166
-0.75331 -0.074007 -0.192371
0.145127 -0.477885 0.904731
0.111671 0.146444 0.8183319999999999
-0.817403 0.403883 0.066993
0.486183 0.442092 0.60366
-0.205719 0.530878 0.5918949999999999
0.9659489999999999 -0.2167 -0.358053
0.006588 -0.613377 0.943044
0.894979 0.011655 -0.305275
-0.350182 0.710375 0.499331
-0.057831 0.146121 0.765969
0.446229 0.074291 0.463703
-0.30134 0.616777 0.416232
-0.35252 0.634858 0.417237
0.009965 -0.265771 -0.680756
-0.556593 0.134429 -0.717137
-0.185455 0.597909 0.586528
0.908153 0.073071 -0.301791
-0.202152 0.669907 0.570868
-0.67965 0.194389 -0.638381
-1.230737 0.047692 -0.658235
0.226095 0.64545 0.648628
0.009833 0.009015 0.808579
-0.122142 -0.382298 -0.479832
-0.209304 0.329808 0.580377
-1.253356 0.018735 -0.711157
0.221908 0.552493 0.692043
-0.019209 0.882904 0.4013
-0.958572 0.024228 -0.509498
-0.113304 -0.6059870000000001 0.81939
0.710597 0.334089 0.469091
0.16514 0.006545 0.798281
-1.047578 -0.202866 -0.309535
0.082576 0.542585 0.62775
-0.500069 0.679168 0.434797
0.137382 0.278385 0.710866
0.084733 0.238751 0.71901
-0.818504 0.218255 -0.20465
