-1.1955 -0.061543 -0.498484
-0.106155 -0.604872 0.794408
0.733192 0.007257 -0.018679
1.285641 0.10426 -0.350245
0.834527 -0.116799 -0.181578
-1.253356 0.018735 -0.711157
-0.963594 -0.06312 -0.409743
0.08913600000000001 0.667214 0.589948
-0.724832 -0.047946 -0.139649
-0.8414509999999999 0.192019 -0.479818
0.817901 0.071363 -0.368994
0.290569 -0.646822 0.88374
0.133642 0.074091 0.8365899999999999
-0.831843 0.589221 0.213841
-0.158431 -0.215824 0.575244
0.178699 0.129418 0.785475
-0.298413 0.470263 0.625336
0.474427 0.659972 0.571661
-0.607263 0.417082 0.471021
-0.125695 -0.579398 0.803022
0.200775 0.651274 0.618772
-0.013077 0.002421 0.805759
0.329551 0.747014 0.578633
0.933352 0.210222 -0.244177
-0.882149 0.07806200000000001 -0.491091
0.06612800000000001 0.49822 0.631815
-0.026023 -0.030773 0.812882
-0.289025 -0.192792 0.255676
1.244895 0.011631 -0.410441
-0.283939 0.078009 0.57112
-0.050686 0.136782 0.803103
-0.153977 -0.204741 0.5226
0.309994 0.352582 0.663958
0.071383 -0.187069 0.8811020000000001
-0.834048 0.09747400000000001 -0.595747
-0.164291 0.373744 0.651041
-0.598839 0.560325 0.434371
0.923967 0.179178 -0.254303
-0.825144 -0.107685 -0.133252
0.107822 0.135133 0.826267
0.014534 0.134394 0.835673
-0.263987 -0.25797 0.195824
0.32356 0.444306 0.697716
0.09583700000000001 0.524898 0.631668
0.130183 0.243288 0.725849
-0.465645 0.712609 0.437895
0.050174 0.442453 0.638114
-0.5558070000000001 0.3996 0.5393829999999999
0.823796 -0.064404 -0.252404
0.106239 -0.361525 0.461591
0.302549 -0.342833 -0.234124
0.86237 0.205659 -0.333793
1.197928 -0.056888 -0.397674
0.367915 -0.217454 -0.570628
0.821868 0.117278 -0.211201
1.266679 0.127073 -0.394957
0.130507 0.5575 0.6367159999999999
-1.191863 -0.032219 -0.545663
-0.807761 0.02486 -0.385539
0.164675 0.485341 0.661433
-1.111279 0.07387100000000001 -0.685509
0.376899 0.7833909999999999 0.445455
0.294227 -0.041206 0.487223
-0.031636 -0.6037979999999999 0.730722
1.351897 0.236977 -0.345545
0.8393929999999999 -0.225764 -0.261362
0.739575 0.009838 -0.049028
0.397472 0.302121 0.636622
0.468604 0.198016 0.589097
0.144012 0.677318 0.5448190000000001
-1.112781 0.063342 -0.689457
0.145338 -0.547771 0.962456
0.318604 -0.698357 0.8260420000000001
-0.630233 0.550994 0.429988
0.021859 -0.339574 0.453096
-0.917149 -0.168161 -0.339367
0.289912 0.672438 0.596239
0.428512 -0.607917 0.828382
0.320631 -0.528826 0.882215
-0.311357 0.26633 0.590723
0.284293 -0.433342 0.908796
0.399082 -0.595189 0.854438
-1.040239 -0.171077 -0.242418
0.85601 0.022678 -0.299709
0.248439 -0.565378 0.930775
-0.172087 0.470598 0.4951
0.910567 -0.106608 -0.283486
-0.39144 0.449415 0.663709
-0.493059 0.80552 0.210599
0.006597 0.942489 0.504943
0.25343 0.303688 0.614472
-0.638486 0.509279 0.372174
1.183554 0.28225 -0.323327
-0.36608 0.513272 0.641226
-0.598332 0.600901 0.271812
1.082013 -0.121194 -0.348492
0.106334 0.665714 0.525153
-0.730614 -0.104367 -0.386693
-1.134048 -0.111587 -0.449604
-0.400678 0.501367 0.643016
0.388972 -0.654352 0.580272
-0.055061 0.081707 0.782031
0.038974 -0.568458 0.963406
-0.784617 0.19844 -0.443132
0.543753 0.418943 0.494955
-0.402655 0.258952 0.573062
0.089416 0.483525 0.640736
-0.847276 -0.108867 -0.298833
0.453773 0.605757 0.460792
-0.822536 0.164333 -0.429392
-0.109507 0.047692 0.728113
-0.285747 -0.119941 -0.706461
0.7281069999999999 -0.027544 -0.109224
0.484961 0.756275 0.508265
-0.061715 0.873181 0.459199
0.030512 0.898328 0.548787
-0.316812 0.46023 0.640628
-0.213551 -0.292837 0.207495
-0.607171 0.357364 0.453315
-0.563738 0.633005 0.435061
-0.324282 0.466785 0.646464
-0.620797 0.651298 0.400459
0.292098 -0.569028 0.562971
0.128724 0.142922 0.8188879999999999
-0.029831 0.12774 0.8332889999999999
-0.046589 0.29474 0.690277
0.813174 0.443187 -0.131373
-0.859932 0.13498 -0.452223
0.47987 0.270149 0.537793
0.06593 -0.462377 0.964771
0.410752 -0.265628 0.67494
0.155821 -0.469948 0.947477
-0.341459 0.527145 0.6308049999999999
0.560671 0.700908 0.570612
0.146418 0.453312 0.645485
-0.403786 0.434437 0.662174
-0.828782 0.453467 0.347814
0.161964 0.026673 0.809623
0.094393 0.729644 0.565533
-0.349166 -0.119798 -0.676349
-0.824365 0.09908 -0.401741
0.65605 -0.140702 -0.361903
0.173146 -0.505293 0.945522
-0.173655 -0.176123 0.691746
0.129691 0.740124 0.562317
0.011682 0.51812 0.620823
0.155773 0.187444 0.74394
-0.020273 0.175477 0.793485
0.392484 0.7630209999999999 0.582947
0.90422 -0.043587 -0.305022
-0.02229 0.176553 0.784529
0.5545 0.346093 0.579817
0.326869 -0.527969 0.891235
-0.230363 0.414627 0.638977
0.006741 0.193467 0.7321530000000001
0.852102 -0.127028 -0.173425
0.336283 -0.405738 0.87677
0.914117 -0.174204 -0.353833
0.189546 -0.666906 0.6674060000000001
0.197633 -0.290923 0.892451
-0.53972 0.608225 0.458466
0.779603 0.455993 -0.397093
0.113998 0.554603 0.622159
0.265461 0.079929 0.619856
-0.607931 0.634637 0.405822
0.409461 0.28671 0.631833
0.084733 0.238751 0.71901
-0.239822 0.7343 0.456905
-0.233743 0.06596399999999999 0.581989
0.082647 -0.653602 0.911215
-0.324307 0.153203 0.629143
0.380558 -0.520836 0.548215
-0.03766 -0.498766 0.953189
0.331877 0.680395 0.579875
0.997347 0.351819 -0.265972
0.033315 0.807073 0.564061
0.118465 -0.397141 -0.408002
0.384684 0.028281 0.443502
-1.106529 0.161556 -0.802156
-0.539824 0.537921 0.554569
-0.052857 0.141416 0.76674
-0.09882100000000001 0.656176 0.594428
-0.581236 0.6022380000000001 0.073586
-0.670133 -0.05725 -0.495614
-0.393784 0.869922 0.38188
-0.578952 0.479462 -0.652568
0.139328 0.854129 0.565213
-0.9970290000000001 0.025888 -0.534622
1.167276 -0.08355600000000001 -0.352529
0.137386 0.158929 0.802121
0.261243 -0.439783 0.913594
0.6383180000000001 0.626022 0.122324
-1.00974 -0.039178 -0.471912
-0.8183009999999999 0.2208 -0.102126
0.194863 0.095457 0.799312
-0.786254 0.597208 0.192662
0.705223 0.575413 0.501213
0.329408 0.791631 0.579883
0.341617 -0.371972 0.521142
0.073624 0.154218 0.785137
0.185958 -0.708074 0.746681
-0.640201 0.413313 0.494678
0.166313 -0.49524 0.547081
1.161832 -0.08093400000000001 -0.369609
-0.652608 0.408774 0.486643
0.06229 0.622055 0.601256
0.8414239999999999 0.040532 -0.288321
-0.737611 0.063622 0.051469
1.180803 0.380704 -0.312896
0.34016 -0.53277 0.897715
-0.107934 0.007436 0.738155
-0.600252 0.370028 -0.705159
0.432045 -0.322438 0.683076
0.162316 -0.508921 0.913504
0.09697600000000001 0.149864 0.815476
-0.142383 -0.465285 0.741695
1.131681 0.06980600000000001 -0.357148
0.323075 -0.09328 0.678632
0.27942 -0.444593 0.900545
0.777302 0.14041 0.039036
-0.198015 0.411556 0.570064
0.327311 -0.151348 0.543422
0.541071 0.732044 0.510173
-0.396051 0.628472 0.501238
-0.159763 0.253969 -0.86453
0.812696 -0.11277 -0.235768
0.213401 -0.009618 0.776937
0.386141 -0.511146 0.864824
0.039525 0.947016 0.507576
0.407833 0.576318 0.583388
-0.444486 0.374829 0.619547
0.235152 -0.558192 0.931648
0.097235 0.607219 0.5985780000000001
-0.072106 0.830906 0.470197
0.439943 -0.50952 0.591803
-0.199372 -0.00642 0.537503
-0.58014 0.414498 0.518835
-0.263187 0.033299 0.511758
-0.143156 -0.215987 0.793779
0.15772 -0.506213 0.905551
0.651583 0.647748 0.06929399999999999
0.132587 0.604069 0.622074
0.432838 -0.673188 0.795777
-1.096561 0.040997 -0.666757
-0.180369 0.438154 0.534929
-0.564639 0.571925 0.463289
-0.671412 0.207724 0.423739
-0.08262799999999999 0.159928 0.7620400000000001
0.051296 0.148938 0.809487
-0.821 0.280649 -0.108808
0.833047 -0.085441 -0.262543
0.327207 0.08640200000000001 -0.790664
0.212206 0.4091 0.662839
0.494648 -0.689456 0.713344
0.182848 0.388767 0.6409629999999999
0.964113 0.339447 -0.239148
0.043042 -0.367932 0.94384
-0.322382 0.692742 0.516065
0.740846 0.358308 0.416896
0.204615 0.304977 0.594251
1.042933 -0.119228 -0.360156
0.065051 0.143777 0.781577
-0.408545 0.447431 0.659673
-0.233595 -0.062892 0.46708
0.808725 0.418796 -0.350796
-0.798123 0.611482 0.218796
1.157072 0.052937 -0.370325
-0.133387 -0.54591 0.783677
-0.765752 0.060001 -0.220925
-0.610853 0.41182 -0.673779
-0.81268 0.154467 -0.408989
-0.260997 0.49388 0.598294
-0.16564 -0.164525 0.54667
-0.409093 0.600288 0.561966
-0.7690399999999999 -0.035743 -0.312174
0.165242 -0.51678 0.901711
0.741516 0.002867 -0.126336
0.6429859999999999 0.274745 0.516292
0.374634 -0.459792 0.864629
-0.770594 0.580387 0.166127
0.354876 0.671724 0.473033
-0.595665 0.060621 0.262729
-0.712303 0.5130670000000001 -0.253134
-0.486518 0.635597 0.469522
0.007309 0.171751 0.794839
0.720678 0.513617 0.48532
0.690846 -0.049486 -0.013147
-0.334608 0.525849 0.627504
-0.933222 -0.111634 -0.311434
-0.702925 0.492848 0.418556
0.176939 -0.036509 0.802573
1.19605 -0.052743 -0.387808
0.194079 0.085369 0.811187
-0.903697 0.034228 -0.480927
-1.184532 0.11662 -0.750339
-1.071126 0.131208 -0.810992
-0.598041 0.595129 -0.077441
0.269028 -0.013783 0.542184
1.241729 0.18312 -0.386125
0.439019 -0.722557 0.725173
-0.804759 0.156157 -0.171315
1.080345 0.063207 -0.345597
0.267554 0.621641 -0.693191
-0.6307700000000001 0.391334 0.42284
-0.705721 0.451696 0.43621
-0.267789 0.431683 0.616665
-0.379727 0.298429 0.636987
-0.356511 0.561311 0.604191
0.384962 -0.277493 -0.151176
-0.440589 0.647878 0.403594
0.923887 -0.032164 -0.308534
-0.9904269999999999 0.151156 -0.631386
0.226095 0.64545 0.648628
-1.217744 0.020275 -0.752605
0.898408 -0.231716 -0.292906
0.272014 0.364361 0.667928
0.807148 0.484986 -0.275448
0.315759 0.039828 0.512947
0.232196 0.704992 0.583614
-0.477703 0.631745 0.446208
-0.079759 0.787835 0.481682
-0.751708 0.457158 0.408456
0.651832 0.568488 0.225172
0.014078 0.589472 0.604467
-0.661686 0.28207 0.494992
-0.650303 0.124791 -0.648002
0.190329 -0.421146 0.937993
0.394754 0.36581 0.648297
1.132151 0.095767 -0.352139
-0.624882 0.387612 0.509655
-1.085393 0.13453 -0.69615
-0.982206 -0.158304 -0.192441
1.190156 0.203836 -0.378898
0.189231 -0.442814 0.519875
-0.173793 -0.098386 0.605696
-0.946713 0.09760000000000001 -0.702495
-0.39815 -0.251073 -0.489233
0.281416 -0.163831 0.399811
0.809538 -0.112538 -0.183164
0.171649 0.430974 0.656139
-0.450072 0.360687 0.607192
0.60402 0.054123 0.247173
0.909941 0.306619 -0.225259
0.424451 -0.16524 0.09610200000000001
-0.327013 0.80281 -0.387381
-0.9265 -0.044015 -0.408788
-0.864143 0.087912 -0.457079
0.083263 0.641548 0.532541
0.135972 0.683805 0.5199279999999999
0.453159 -0.486391 0.794098
0.034579 0.024212 0.817892
0.032354 0.60837 0.6003810000000001
1.349786 0.113329 -0.361117
0.170425 -0.506752 0.935061
-1.106863 -0.126946 -0.423527
1.074317 0.1076 -0.339004
0.794335 0.016062 -0.254978
0.164637 0.520546 0.671763
0.7782249999999999 0.018024 -0.223294
-0.083274 0.749795 0.546743
0.111628 0.633854 0.578732
-0.9444129999999999 0.211816 -0.6738150000000001
0.128986 0.581644 0.629058
-0.09550500000000001 -0.626788 0.830064
0.277969 -0.015848 0.593557
0.31455 0.04367 0.5274759999999999
0.287207 -0.569459 0.916235
-0.8011819999999999 0.135703 -0.365133
0.137612 0.051084 0.833055
0.078638 -0.61791 0.943058
-0.254883 0.44066 0.624537
-0.74731 0.109856 -0.550106
-0.812361 -0.152277 -0.08695799999999999
-0.463702 0.718567 -0.450657
0.057215 0.138141 0.768717
0.09220200000000001 -0.420868 0.9578140000000001
0.290498 -0.344838 0.878541
-0.843407 -0.035901 -0.38492
0.6238899999999999 0.183567 0.462067
1.300778 0.110774 -0.347319
0.210604 0.08598 0.739489
-0.532341 0.504583 0.576792
0.499181 0.7093120000000001 -0.477763
-0.716078 0.216491 0.319567
0.8448369999999999 0.147607 -0.358838
-0.805164 0.62688 0.277038
1.095608 0.15581 -0.346525
-0.304855 0.596202 0.550715
0.930885 0.041073 -0.310125
-0.276258 0.506267 0.576059
-0.938766 -0.044516 -0.539353
0.453119 0.735233 0.58414
0.273965 0.015117 0.524414
0.340166 0.23975 0.656703
-0.7524729999999999 0.562392 0.137399
0.583154 0.479058 0.56389
-0.794902 -0.100474 -0.172505
-0.369028 0.822322 0.459851
-0.180996 -0.027685 0.558507
0.801745 0.215692 0.008817999999999999
0.389122 -0.632279 0.8478520000000001
0.206173 -0.6942469999999999 0.699342
-0.848001 -0.113164 -0.221192
0.229261 0.7137250000000001 0.576334
-0.275118 0.612355 0.548797
0.504655 0.551252 0.576944
0.385988 -0.705976 0.78583
1.299207 0.295319 -0.396492
0.113806 0.474704 0.648666
-0.9986350000000001 0.007941 -0.514435
-0.261289 -0.319559 -0.509286
1.214337 0.246929 -0.345632
0.034133 0.04714 0.834869
-0.648443 0.301406 0.5072759999999999
0.764324 0.055971 -0.412102
-1.101021 0.17217 -0.759642
-0.304938 0.659919 0.525375
0.424103 0.78372 0.5049670000000001
-0.502495 0.39644 0.589468
0.8099499999999999 0.074033 -0.22627
-0.139195 -0.257295 0.558902
-0.77057 -0.018093 -0.343555
0.211283 -0.196914 0.855216
-1.177582 -0.03262 -0.608302
-0.325617 0.505428 0.633756
0.439659 -0.692697 0.77294
0.808541 -0.164535 -0.150063
0.802415 -0.019993 -0.268672
0.354783 -0.215245 0.554007
1.082638 0.231256 -0.327254
0.209608 0.710081 0.46288
-0.38703 0.8685580000000001 0.351932
-0.086768 0.873404 -0.102859
0.258939 0.705122 0.579612
0.710851 0.487347 0.239551
-0.076603 -0.262624 -0.672748
-0.135024 -0.412328 0.677816
-0.627463 0.58385 -0.350781
-0.594603 0.320047 -0.722548
-0.386033 0.589546 0.56656
-0.237152 0.70912 0.398629
-0.774157 -0.021779 -0.355641
-0.593432 0.585524 0.44467
0.841798 0.196823 -0.341908
-0.396593 -0.173682 -0.594203
0.232101 0.247327 0.701439
-0.184971 -0.265312 0.307271
0.29008 -0.171026 0.470182
-0.258401 0.5307269999999999 0.547125
1.067551 0.08075599999999999 -0.340115
-0.179839 -0.065426 0.554442
0.581018 0.585823 0.5628339999999999
-0.275423 0.543221 0.578936
-0.490377 0.810401 0.420939
0.707373 0.206733 0.272215
0.29456 0.6315539999999999 0.636817
-0.398618 0.363648 0.619111
-0.866038 -0.073424 -0.35009
0.353215 -0.292242 0.532245
0.144128 0.602669 0.635507
-0.464808 0.289261 0.605994
-0.604681 0.125933 -0.683307
1.077989 -0.12913 -0.315632
1.036824 0.363269 -0.277406
-0.480306 0.343758 0.605064
0.485149 -0.60448 0.766895
-0.670024 0.260166 0.48139
-0.626323 0.514947 0.401628
-0.585768 0.387287 0.497714
-0.194668 0.391999 0.642566
-0.273704 0.7679319999999999 0.434035
0.527618 0.452181 0.587728
0.345748 0.598889 0.626458
0.748606 0.426837 0.164385
-0.676471 0.716963 0.353306
-0.442958 0.457647 0.645496
-0.668919 0.592041 0.391773
0.193039 0.099388 0.807536
0.007467 0.172503 0.7861359999999999
0.637094 0.573838 0.547919
0.572471 0.710026 0.555523
-0.982281 -0.170894 -0.192335
0.8553500000000001 0.067297 -0.278649
-0.002585 0.740601 0.253986
-0.514679 0.844598 0.22635
0.031378 -0.355453 0.476127
-0.913697 -0.032452 -0.415598
0.153669 -0.47327 0.937308
-1.015174 0.057961 -0.606388
-0.346155 0.321552 0.644938
0.891478 -0.134143 -0.194378
-0.012851 0.323005 0.669244
-0.793824 0.10088 -0.349745
-0.085588 -0.318599 0.539177
0.055227 0.611401 0.517853
0.667892 -0.09223099999999999 -0.05343
0.73028 -0.028503 -0.12961
0.156898 0.544242 0.671488
0.031613 -0.138973 0.863227
0.74171 0.435254 0.447978
0.26116 -0.609151 0.914779
-0.460463 0.082931 -0.749132
-0.804284 0.162775 -0.07682600000000001
0.885894 -0.118478 -0.221642
0.173847 0.650803 0.606915
-0.153753 0.360828 -0.854078
-0.068854 0.029279 0.775403
-0.791689 -0.048657 -0.309493
1.044568 0.188354 -0.332364
0.23187 -0.5353250000000001 0.87497
-0.531241 0.5835630000000001 0.502672
0.2773 -0.520018 0.54566
-0.552941 0.551107 0.512066
-0.248146 0.451506 0.6239
-0.838701 0.138369 -0.43011
1.043453 0.261926 -0.28657
-0.5548999999999999 0.6483139999999999 0.167768
0.127355 0.654896 0.586983
-0.110543 -0.302461 0.556098
-0.820069 -0.060071 -0.346305
-0.60949 -0.067081 0.075533
-0.101714 -0.495481 0.911371
0.878848 0.274268 -0.266128
-0.511561 0.353961 0.587686
0.394562 0.634033 0.583751
0.284319 0.667795 0.56616
0.073882 -0.314324 -0.616587
0.013474 0.058493 0.834375
0.06905699999999999 -0.361639 0.469591
0.330111 -0.273727 0.03015
0.172235 -0.146457 0.847486
0.342174 -0.574783 0.894483
-0.175268 0.347807 0.551418
-0.075921 0.649429 -0.724688
0.264006 -0.558119 0.879625
0.150706 0.415854 0.633007
-0.903166 0.155452 -0.517994
-0.38242 0.47427 0.658002
0.417372 -0.429817 0.817502
1.077203 0.182007 -0.345961
0.236634 -0.444534 0.915127
0.289852 0.627764 0.649002
0.206624 0.620483 0.66544
-0.939922 0.056228 -0.5350780000000001
1.113525 0.126207 -0.346345
0.622543 0.692541 0.532311
0.442892 0.380281 0.6322489999999999
-0.889656 -0.077677 -0.351439
-1.165238 0.062436 -0.654332
-0.279753 0.484652 0.60521
-0.000419 0.075457 0.839008
0.239633 0.394577 0.668114
0.318745 -0.173217 0.785323
0.288685 -0.500082 0.851305
0.506993 0.813147 -0.133338
0.364305 0.824623 -0.383339
-0.598507 0.404973 0.524575
1.127161 -0.109322 -0.387208
1.129302 0.035022 -0.435399
-0.216024 0.42397 0.585533
0.821576 -0.114954 -0.227061
-0.339054 -0.049906 0.361286
0.342078 0.815854 0.549888
-0.715798 0.474299 0.420073
-0.496222 0.413515 0.598626
0.186246 0.643518 0.64581
-0.046345 -0.524647 0.669218
-0.59209 0.409008 0.524456
0.114904 0.762335 0.559294
0.369877 0.36172 0.654797
0.624552 0.196348 0.48619
0.379642 0.736771 0.387294
0.212903 0.696657 0.587434
-0.811101 0.018462 -0.39556
-0.05922 0.708102 0.312158
0.15465 -0.66377 0.681171
0.333851 0.600162 0.648139
-0.121114 -0.272388 0.532987
-0.811438 -0.157167 -0.294529
0.924199 0.089323 -0.303106
-1.096667 0.168473 -0.739435
0.478274 0.468314 0.5911380000000001
-0.324908 0.357062 0.650454
-0.874687 0.180301 -0.491245
-0.162789 -0.007095 0.609582
0.196649 0.371127 0.667024
-0.096357 -0.313118 -0.6137010000000001
0.19641 0.734209 0.566564
0.355256 0.05561 0.515536
0.180795 0.645052 0.621434
0.208641 -0.547183 0.945929
0.062643 -0.34595 0.447255
0.396224 0.436816 0.654411
-0.484071 0.630522 0.469406
0.166415 -0.508387 0.923731
0.526729 -0.020419 -0.60633
0.520476 0.655462 0.575431
-0.449482 0.363333 0.600938
-0.8345669999999999 0.578495 0.323337
-0.305043 0.514298 0.600709
-1.01975 0.170667 -0.786494
-0.753749 -0.083396 -0.177308
-0.921745 0.09317300000000001 -0.553036
0.234934 -0.699144 0.8465240000000001
0.151942 0.473564 0.6504
0.198081 -0.537766 0.892245
0.464576 -0.660393 0.777656
0.859809 0.206865 -0.205162
0.962577 -0.006027 -0.317844
-0.002989 0.131783 0.837267
0.222504 -0.712811 0.730275
0.31909 0.65041 0.5854279999999999
-1.242864 -0.122383 -0.5358619999999999
-0.122142 -0.382298 -0.479832
-0.174361 -0.142846 0.673074
0.498894 0.367144 0.560696
0.793239 -0.203593 -0.277704
0.191633 -0.588635 0.595276
0.035752 0.012914 0.813528
-0.810099 -0.181972 -0.225942
-0.078745 0.616976 0.604465
-0.454314 -0.062407 -0.660451
0.189449 0.420157 0.660332
0.107832 0.61796 0.591353
0.7414770000000001 0.00839 -0.100844
-0.316674 0.807199 0.436414
-0.773516 0.282281 0.36442
-0.770582 -0.044214 -0.447458
0.268738 0.819623 0.575402
-0.459325 0.006399 -0.709466
0.237042 -0.336304 0.89624
0.842819 0.240292 -0.166233
0.252928 -0.558268 0.884099
0.129574 0.130452 0.826236
0.156398 0.902482 0.414744
0.151812 0.087197 0.833524
-1.106007 -0.188249 -0.324463
-0.893066 0.5185 0.242082
0.327869 0.659687 0.547147
0.153666 0.315758 0.569704
0.8481109999999999 -0.115564 -0.199068
-0.617339 0.54657 0.385608
0.188421 -0.533293 0.917107
-0.076837 0.385243 0.642903
0.415578 -0.708596 0.76681
-0.634119 -0.166207 -0.298852
-0.520305 -0.163436 -0.457459
0.677104 0.545007 -0.46517
0.308487 -0.6932120000000001 0.644612
0.32563 0.439136 0.69302
0.94051 0.195048 -0.257096
0.274042 -0.178541 0.420145
-0.543208 0.6178 0.402331
1.152955 0.102999 -0.358306
-0.266501 0.492912 0.59096
-0.060987 -0.62309 0.911021
-0.264984 0.763508 -0.53903
-0.972676 0.012465 -0.504367
1.052769 0.228098 -0.314664
0.197328 0.076212 0.7648200000000001
-1.05635 0.091478 -0.682589
-1.193691 -0.127758 -0.542238
-0.980308 0.144144 -0.758171
0.03498 0.054627 0.838626
1.263926 0.147043 -0.375178
1.191379 0.051863 -0.443782
-0.797356 0.356078 0.372989
0.080649 0.522755 0.6325539999999999
0.161779 0.187831 -0.870765
0.034515 -0.482986 0.9655899999999999
-0.113321 -0.269699 0.426711
-0.552123 0.620346 0.460881
0.270974 0.796051 0.57859
-1.251631 -0.077125 -0.517537
0.048879 0.6045970000000001 0.603762
1.351063 0.032889 -0.401325
0.24792 0.113117 0.658678
-1.149798 0.138123 -0.792695
-0.765823 -0.151728 -0.29764
-0.689192 0.7140300000000001 0.261683
1.082133 -0.110435 -0.378834
0.36406 0.654856 0.588253
-0.080932 0.790905 0.510449
0.187065 0.11846 0.750036
-0.833356 -0.07882400000000001 -0.319091
-0.745154 0.012444 -0.510046
-0.674704 -0.166496 -0.270484
-1.149391 0.101285 -0.687378
-0.83949 0.20104 -0.5370819999999999
-0.417585 0.323465 0.629405
0.25639 -0.029109 0.751378
-0.31958 0.583346 0.541425
-0.634002 0.562019 -0.098867
0.102168 0.443116 0.647362
0.836911 -0.115691 -0.219205
0.921302 0.291797 -0.213871
1.072347 0.364537 -0.264108
0.31869 -0.054778 0.438773
1.347391 0.281035 -0.356321
0.883383 0.09693300000000001 -0.35698
-0.348855 0.64454 0.515477
0.48357 0.52841 0.524675
0.688733 -0.088334 -0.392709
0.7926339999999999 -0.034743 -0.237397
-0.879675 0.129284 -0.477671
0.27733 -0.575588 0.920861
-0.738783 0.000722 -0.070851
0.469874 -0.702871 0.626429
-0.041155 0.631888 0.601517
-0.027353 0.750702 0.406215
1.371482 0.217997 -0.376664
0.150871 -0.448842 0.952577
-0.203539 0.249778 0.707307
0.579711 0.335802 0.568204
-0.770814 0.00468 -0.326367
-0.130623 0.456406 0.619935
0.501789 0.529488 0.582323
-0.148903 -0.315926 0.806545
-1.075887 0.053978 -0.672654
-0.161909 0.684259 0.315669
0.495112 0.437878 0.6033500000000001
0.276334 0.054831 0.584871
-0.965297 0.030176 -0.650722
-0.9077229999999999 0.139701 -0.523041
-0.442533 -0.205601 -0.011052
0.360365 0.650209 0.5895
0.592731 0.406437 -0.599679
-0.664927 0.494046 0.444466
0.8486629999999999 -0.189055 -0.18213
0.251696 0.695156 0.516778
0.183792 0.643566 0.631869
0.6590200000000001 -0.062185 0.015212
0.141124 -0.572852 0.957243
0.201059 -0.384494 0.926361
-0.247468 0.546758 0.5817639999999999
-0.239875 0.527134 0.529894
-0.304181 0.341914 0.632301
0.182154 -0.531079 0.9067499999999999
1.351008 0.112564 -0.436328
0.293333 0.594836 0.668976
0.809372 -0.034381 -0.25326
0.148321 -0.481976 0.915621
-0.123216 0.683836 0.501475
-0.021335 0.258409 0.7060110000000001
-0.263939 0.418853 0.637271
-0.302125 0.377296 0.652853
-0.43139 0.60663 0.557499
-0.48941 0.434721 0.612814
0.08137800000000001 0.923727 0.53654
0.038037 0.403849 0.646025
0.246204 -0.109048 -0.736202
0.411363 -0.674277 0.8081159999999999
0.79453 0.370995 0.050288
1.189488 0.371463 -0.335324
-0.337417 0.580676 0.543585
-0.181086 0.399097 0.553222
0.107473 0.672863 0.588705
0.903021 -0.116052 -0.273118
-0.266696 0.715855 0.542538
0.349674 -0.135136 0.650637
0.334281 -0.114958 0.608168
-0.983097 0.210173 -0.6891699999999999
0.449798 0.575991 0.57164
1.273924 0.09593599999999999 -0.356238
0.24072 -0.5598109999999999 0.912234
0.281513 -0.693143 0.845452
-0.809486 0.179853 -0.53444
0.439377 -0.629423 0.583744
1.079894 0.129223 -0.413603
-1.174909 -0.058925 -0.57935
0.060069 0.473072 0.634
0.475942 -0.682679 0.750262
-0.930736 -0.121847 -0.274442
0.145167 -0.545892 0.578808
0.351177 -0.310822 -0.235261
0.196164 0.070086 0.786338
-0.07517 -0.485174 0.933256
0.197829 0.63093 0.65938
0.390947 0.371171 0.645796
-0.370098 0.576572 0.58632
0.010842 -0.189843 0.8798240000000001
0.168932 0.385662 0.665637
-0.938022 0.146907 -0.721863
0.773026 0.301776 -0.452634
1.216782 0.21361 -0.370133
-0.897815 0.171247 -0.51577
-0.83003 0.500019 0.13303
0.447765 0.5399929999999999 0.569309
0.293061 -0.039411 0.629269
1.022589 0.143181 -0.326913
0.6170330000000001 0.01129 0.174792
0.139241 -0.629829 0.648013
-1.112221 -0.123048 -0.367262
0.481388 0.488281 0.585257
0.248225 -0.297434 0.878547
-0.495999 0.666008 -0.010962
-0.509634 0.362102 0.588726
-0.167956 0.664694 0.342207
-1.085194 0.089616 -0.792035
0.111671 0.146444 0.8183319999999999
1.208946 0.363466 -0.302232
-0.432334 0.603572 0.564706
-0.795704 0.518408 0.36597
-1.170588 0.069747 -0.79748
0.610059 0.688489 0.551164
0.207712 0.109817 0.727203
0.339595 -0.421831 0.880211
0.329577 -0.383463 0.872534
-0.07069499999999999 -0.387258 0.092739
-0.767571 0.649191 0.251907
0.044483 -0.333085 0.372687
1.297333 0.087362 -0.446965
0.930023 0.119449 -0.297276
1.058717 0.01226 -0.34877
-0.401249 0.426912 0.660906
0.180376 0.504924 0.684835
-0.493087 -0.200145 -0.098704
-0.51431 0.650389 0.452894
0.649327 -0.190466 -0.196491
0.831771 0.05277 -0.268129
-0.787416 0.102787 -0.311293
-0.050882 0.10786 0.787517
0.175222 0.04426 0.811724
-0.349961 0.604549 0.508575
1.374103 0.199631 -0.39426
0.21859 0.679075 0.5856440000000001
0.106429 0.636584 0.59176
-0.310188 -0.351706 -0.183037
0.618075 0.403777 0.55176
0.107534 -0.355997 0.938289
0.236554 -0.417759 0.925505
0.215323 0.84556 0.569956
1.042284 0.284462 -0.35954
1.074166 0.147469 -0.340443
0.232845 -0.073513 0.795458
-1.140414 0.148154 -0.753479
0.235404 0.047853 0.719157
-0.529272 0.386105 0.559808
0.55583 -0.016692 0.19904
-0.830115 0.539002 0.159294
0.012447 0.044722 0.822785
1.100528 -0.190245 -0.410633
1.11846 0.163376 -0.354024
1.206319 0.108576 -0.380453
0.422762 0.294206 0.591771
-0.129006 0.079029 0.695136
-0.919705 0.030848 -0.612615
0.177394 -0.366214 0.059435
-0.20763 -0.120473 -0.737505
0.534444 0.734872 0.535572
-0.512245 0.645103 0.461391
-0.189293 0.21251 0.714163
0.933419 -0.117948 -0.28894
0.857579 -0.119744 -0.268708
0.997004 0.352786 -0.249238
-0.8587590000000001 -0.088115 -0.329159
0.39563 0.508455 0.646421
0.550817 0.027386 0.268537
-0.403758 -0.284776 -0.273813
-1.135187 -0.109098 -0.437033
0.188681 0.108146 0.784004
-0.567034 0.507647 0.517366
0.286358 0.408481 0.677827
-0.028036 -0.358733 -0.560393
1.144914 0.11831 -0.354922
0.162684 0.018134 0.803339
-0.843117 -0.053014 -0.366564
0.053219 0.065233 0.843624
1.165431 -0.08769399999999999 -0.398817
1.320474 0.23071 -0.332698
-0.410357 0.639269 0.49494
-0.804351 -0.027122 -0.381399
0.354231 0.318322 0.649913
0.416591 0.844956 -0.281039
0.858132 -0.07870000000000001 -0.291377
0.259391 0.453031 0.703575
0.960471 -0.129503 -0.279904
-0.336666 0.211439 -0.825094
-0.368087 0.654285 0.504166
-0.115212 -0.413307 0.6483139999999999
0.28067 -0.482312 0.859326
-0.403163 0.484538 0.649904
0.058197 0.013787 0.818814
-0.849346 0.049067 -0.443503
0.07797 0.749377 0.562615
-0.841428 -0.099843 -0.29924
-0.358861 0.474852 0.659944
0.253267 -0.423936 0.51218
-0.696068 0.634336 0.17967
-0.929554 -0.07546799999999999 -0.368875
0.113411 0.631503 0.588938
0.751505 0.520465 0.06737
0.378472 0.519656 0.666334
1.335973 0.168049 -0.43269
-0.535361 0.611971 0.432518
-0.44439 0.394606 0.62539
0.03384 -0.59661 0.680907
0.245289 -0.579039 0.931523
0.638937 0.383876 -0.568703
0.778967 -0.022482 -0.229766
-0.285598 0.559844 0.569367
0.671072 0.653688 0.478945
0.25194 -0.562016 0.908222
0.223785 -0.666633 0.652414
0.183997 0.415239 0.669697
-0.337052 0.591494 0.527993
0.217882 0.6698460000000001 0.584748
0.554192 -0.1819 -0.358708
-0.750108 -0.007062 -0.264934
0.289221 0.667596 0.59316
-0.259766 -0.125579 0.372541
0.242623 -0.68685 0.863209
0.129166 0.765577 0.374722
-0.500673 0.461177 0.613429
0.349784 0.07731399999999999 0.560567
-0.120485 0.373806 0.648166
0.299221 -0.127646 0.776289
0.12194 -0.188617 0.87508
0.9259500000000001 0.286428 -0.302487
0.022825 0.165125 0.790721
0.6533369999999999 0.435626 0.532914
-0.396886 0.116042 0.566446
0.033643 0.155596 0.76449
-0.049312 0.676588 0.394216
0.238582 0.860789 -0.349756
-0.044287 -0.368307 0.5531740000000001
0.192051 0.421881 0.654009
-1.01539 -0.00544 -0.509939
-0.081818 -0.449661 0.923074
-0.377921 0.633426 0.509624
-0.112232 -0.269239 0.489571
-1.230737 0.047692 -0.658235
-0.861468 -0.09790500000000001 -0.317878
-0.718119 0.161527 -0.578743
0.304996 0.026425 0.499861
-0.049163 -0.365496 0.192938
-0.45019 0.26642 0.556656
0.208837 -0.543416 0.933609
-0.018187 0.129615 0.836589
0.019858 -0.665034 0.8787
-0.908247 -0.116701 -0.181739
-0.098664 -0.11677 0.804227
-0.816126 -0.035047 -0.37851
0.442915 -0.448891 0.792701
-0.692014 -0.111546 -0.08415300000000001
0.166225 -0.357882 0.926945
-1.270395 -0.011205 -0.653482
-0.296639 0.370921 0.652278
-0.333861 0.596353 0.532341
0.276898 0.649599 0.604032
-0.150141 -0.102159 0.729584
-0.472932 0.741953 0.433719
0.263895 -0.71558 0.808206
0.068152 0.56132 0.620048
0.110686 -0.02304 0.812781
-1.157673 -0.101521 -0.5060480000000001
-0.544339 0.5197000000000001 0.557913
0.060469 0.002592 0.815004
0.135986 0.664134 0.586614
0.246937 0.648656 0.634754
-0.119364 -0.120779 -0.764287
0.9504050000000001 0.171622 -0.281934
0.056868 0.776309 0.563235
0.001295 -0.140969 0.860557
-1.020945 0.144093 -0.65834
-0.555961 0.624187 0.45622
0.174948 0.369741 0.625383
0.314564 0.32644 0.656639
0.628819 0.484021 0.547505
0.230526 0.633975 0.657274
0.61938 -0.093322 -0.44879
1.146363 0.288961 -0.311527
-0.623049 0.528371 0.428817
-0.550817 0.6715680000000001 0.418066
0.131259 -0.02216 0.809344
0.408351 0.602073 0.569788
-0.092084 0.061282 0.751305
0.323403 -0.729276 0.74266
0.067262 -0.549995 0.967049
-0.471626 0.868749 0.396985
-0.059823 0.45355 0.627368
0.473867 0.5661580000000001 0.493072
1.204937 -0.048315 -0.361669
-0.109451 0.073006 0.7268
-0.776971 -0.13382 -0.08107399999999999
0.252289 0.062607 0.625894
-1.037108 -0.136501 -0.373775
-0.812349 -0.100693 -0.246415
0.019378 0.821501 0.379815
0.389964 0.629135 0.582041
0.120994 0.910375 0.542461
0.866138 0.051126 -0.295323
-1.164766 -0.034323 -0.606835
-0.560967 0.693796 0.411937
0.158643 0.41802 0.665965
-0.265218 0.376847 0.650759
0.71202 0.519047 0.363698
-0.391196 -0.097067 0.245724
1.063568 0.161926 -0.339325
0.341911 -0.691846 0.624881
0.513495 0.702691 0.106133
-0.520076 0.6185040000000001 0.463438
-1.146101 0.146183 -0.773241
-1.102707 -0.094111 -0.486349
0.16456 0.139652 0.750483
-0.431071 -0.17713 0.071577
0.914529 0.10339 -0.295995
-0.86234 -0.163197 -0.310053
0.913064 0.026069 -0.307505
-0.26573 0.8384740000000001 -0.267936
-0.136522 0.757943 -0.5857869999999999
0.191195 -0.432989 0.928326
0.082576 0.542585 0.62775
-0.314514 0.7611869999999999 0.322864
-0.581398 0.526942 0.482735
1.006807 0.054493 -0.32774
-0.552509 0.208518 -0.7406779999999999
-0.327702 -0.31889 -0.427993
0.1783 0.116048 0.756059
-0.808142 0.394961 0.018379
0.352297 0.428587 0.675336
-0.540533 0.374363 0.568594
0.962422 0.338007 -0.255898
0.057297 0.139722 0.771236
0.205343 0.399054 0.673053
0.11843 0.682701 0.586406
0.475543 0.567389 0.578124
0.340274 0.599187 0.635721
0.1843 -0.59045 0.943062
0.307629 -0.54117 0.874242
0.144908 -0.469125 0.914022
0.336643 -0.273566 0.821528
0.7972320000000001 0.29678 -0.41617
-0.110578 -0.261891 0.847757
-0.27051 0.115082 0.62266
0.980674 0.287121 -0.238367
0.810061 0.229035 -0.388127
-0.544471 -0.065898 -0.590345
0.8460220000000001 0.297785 -0.205299
-0.819476 0.219696 -0.154294
0.733823 -0.077559 -0.160978
-0.812607 0.344085 -0.22035
0.235601 -0.55855 0.9022289999999999
0.462344 0.7703179999999999 0.054155
-0.127829 0.012435 0.704022
0.07302 0.452286 0.639514
-0.372325 0.6467000000000001 0.50792
0.006952 -0.617582 0.722842
-1.109656 0.033744 -0.744717
1.068589 0.331346 -0.265193
0.255065 -0.252441 0.859676
0.127202 0.153671 0.810754
-0.742862 0.159135 0.147988
0.885178 0.156164 -0.241109
0.746517 -0.110791 -0.151434
-0.088186 -0.409471 0.909579
0.273493 0.824327 -0.426863
-0.265316 0.465399 0.596352
0.367935 0.603 0.597027
0.441777 -0.709356 0.749432
-0.003802 0.069857 0.834463
-0.793364 -0.052288 -0.296129
0.311229 -0.412275 0.893863
0.162438 0.368285 0.668929
-0.998898 0.055984 -0.585507
0.280681 -0.255535 0.215086
-0.340363 0.542524 0.610951
0.477794 0.759837 0.534251
0.163688 0.07570399999999999 0.829616
0.16505 0.123176 0.821174
-1.191294 -0.09270100000000001 -0.447344
0.322732 0.6601399999999999 0.593202
0.224093 0.651206 0.627636
-0.330256 0.601294 0.536134
-0.225536 0.701536 0.546462
-0.190202 0.51268 0.471063
0.386155 0.699085 0.236713
-0.801239 -0.001714 -0.389457
-0.769709 0.299511 0.386311
0.181229 0.258366 0.714995
0.292231 0.361559 0.658766
-0.57926 0.442523 0.514192
-0.608663 0.446683 0.480287
1.114225 0.086117 -0.348769
-1.068263 0.014053 -0.571244
0.228342 -0.619329 0.919075
-0.116033 0.517271 0.612219
0.034897 0.585164 0.606742
0.359542 0.51131 0.680149
0.509404 0.189502 -0.693883
0.46256 0.540788 0.57129
-0.025497 -0.120243 -0.781612
-0.261507 0.245004 0.685868
0.233923 0.698643 0.589566
-0.034104 0.079378 0.8085830000000001
-0.289598 0.397058 0.645086
0.303921 0.003185 0.488625
-0.836914 0.603739 0.271084
0.198486 0.491498 0.69536
0.47964 -0.17305 0.000722
-0.475361 0.54328 0.593975
0.87186 -0.07449500000000001 -0.296554
0.50499 0.432393 0.600393
-0.41699 0.310771 0.627045
-0.781757 -0.09664200000000001 -0.186475
0.284624 -0.516967 0.851728
0.16335 -0.487613 0.95491
0.338091 0.530284 0.681953
0.167056 -0.513594 0.894137
0.154069 -0.619444 0.9340810000000001
0.570303 0.213152 0.542552
-1.17223 -0.068254 -0.516925
0.402522 -0.653961 0.82801
-0.418505 0.87488 0.298737
-0.536529 0.553733 0.54736
-0.358383 0.630637 0.51893
0.369324 0.284519 0.643889
-0.123398 -0.164319 0.800015
0.5341360000000001 0.672141 0.579654
0.244327 0.525349 0.70043
1.189298 0.213673 -0.371757
1.063109 0.049533 -0.343493
-0.466388 0.435041 0.634735
0.444979 0.333309 0.62526
-0.813585 0.571792 0.346116
0.426081 0.608276 0.510369
0.024524 0.12062 0.841316
0.008002 0.168973 0.802756
0.926207 -0.078054 -0.300006
0.347178 -0.076404 0.367541
0.59541 0.686978 0.454603
-0.125211 0.670583 0.344092
0.34222 0.448757 0.693343
-0.424509 0.714175 0.456133
0.100745 0.572095 0.602535
0.418679 0.612484 0.577195
0.314037 -0.217837 0.812806
0.593778 0.625228 0.164571
0.151203 -0.433139 0.9492159999999999
-0.647684 0.506946 0.43948
-0.340779 0.076296 0.517693
-0.223291 0.392132 0.644943
0.540705 -0.156494 -0.44084
0.180525 -0.5044729999999999 0.887448
0.060394 0.144478 0.793152
-0.659204 0.540872 0.423035
0.148486 0.56276 0.657859
-0.169402 0.571129 0.594302
-0.6211100000000001 0.213699 0.501108
0.264463 -0.302359 0.461237
-1.051786 -0.111954 -0.428511
-0.4056 0.84742 0.43569
0.177803 0.405913 0.669224
1.011304 0.276286 -0.260511
0.248562 -0.672915 0.876995
-0.40238 0.709792 0.46785
0.350056 0.544373 0.6723789999999999
1.198599 0.152601 -0.43246
0.164449 0.705345 0.463576
1.236494 -0.08780300000000001 -0.446583
-0.878096 -0.116031 -0.264714
-0.765001 0.551824 0.373402
0.456283 0.580478 0.574919
-0.511383 0.150705 0.533404
-0.588703 -0.064072 -0.556684
-0.421542 0.699583 0.030461
0.368238 0.659236 0.58324
-0.780038 0.373025 0.395476
0.1459 0.671326 0.586095
-0.88337 -0.112058 -0.283311
-1.176675 0.118799 -0.732445
1.091052 0.337165 -0.342999
-0.409477 0.651724 0.492137
0.784222 0.052432 -0.204953
0.306634 0.750765 0.191947
-0.529265 0.568524 0.542585
0.315656 -0.083491 0.417766
-0.397105 0.360783 0.62587
-0.559657 0.851514 0.269758
0.292398 -0.08740100000000001 0.501834
0.832341 0.191062 -0.174983
-0.255493 0.178952 0.673108
0.020024 0.7190839999999999 0.303394
-0.4639 0.058183 0.387868
-0.875601 0.453088 0.204229
0.344849 0.44398 0.688671
-0.573931 0.402472 0.517914
0.850209 -0.050332 -0.292864
-0.642948 0.46021 0.471636
-0.051189 -0.643257 0.88602
-0.208316 0.662764 0.361121
-0.916378 -0.115935 -0.203756
0.467797 0.290666 0.55999
-0.72833 0.6802319999999999 0.257215
0.500381 0.521864 0.5009670000000001
-0.236363 0.43291 0.634014
1.196841 0.348003 -0.36195
-1.072224 -0.13079 -0.371466
1.363746 0.23061 -0.359639
0.09075800000000001 0.897581 0.553737
0.486183 0.442092 0.60366
0.299582 0.7614030000000001 0.385995
-0.786928 0.126212 -0.563965
-0.402894 0.804975 0.249437
0.83718 0.090349 -0.242692
-0.079625 0.663653 0.374761
0.0147 -0.51168 0.620412
0.660343 -0.027976 -0.47027
-0.481693 0.775841 0.429037
-0.647377 0.557027 0.423587
-0.311363 0.38506 0.645332
0.59138 0.09071799999999999 0.313064
-0.00612 0.050147 0.814581
0.625268 0.611601 0.350198
-0.418256 0.297154 0.624731
-0.585488 0.294046 0.54698
-0.044947 0.09028799999999999 0.794815
-1.274983 -0.051785 -0.604037
-0.779165 -0.045343 -0.293491
-0.964764 -0.127991 -0.302947
0.102023 0.524597 0.6274420000000001
-0.688184 0.451872 0.447697
0.166839 0.524038 0.678308
0.155385 -0.4679 0.9545979999999999
-0.947206 0.01612 -0.492113
-0.478915 0.650142 0.357827
-0.469556 0.521026 -0.716624
0.251684 0.282696 0.59562
0.903486 -0.086206 -0.295214
-0.749729 0.623169 0.19828
1.109769 0.267967 -0.312329
0.358818 -0.717076 0.648131
-0.004726 0.172034 0.801437
-0.051435 -0.037174 0.805072
-1.033894 -0.131583 -0.313824
0.160983 -0.490727 0.937005
0.725301 -0.030221 -0.088924
0.171705 0.566904 0.68
0.187241 -0.414374 0.9395289999999999
-0.368789 0.367039 0.632297
1.021587 0.181237 -0.322652
0.491706 0.593396 0.569261
-0.5213140000000001 0.644613 0.281446
0.878766 -0.039233 -0.301883
-0.493047 0.470188 0.616897
-0.03599 0.07388 0.800229
0.097789 0.55749 0.612226
-0.901351 0.074741 -0.515213
-0.059365 0.056566 0.779782
1.336935 0.236603 -0.336742
0.150817 -0.01787 0.804204
-0.009681 0.911201 0.530742
-0.771058 -0.036968 -0.327299
0.114399 0.856731 0.04062
0.294395 -0.556974 0.8915110000000001
-0.75331 -0.074007 -0.192371
-0.027067 0.682238 0.593494
0.177608 -0.310381 0.343675
-0.794698 0.129861 -0.296605
-0.004353 -0.326192 0.377889
-0.914175 0.11323 -0.538274
-0.338523 0.479425 0.657114
0.953406 0.009311 -0.315617
0.621469 -0.035227 0.102712
-0.293763 0.631671 0.53645
-0.66761 -0.173231 -0.20317
-1.04119 -0.040438 -0.616052
1.126033 -0.10632 -0.392696
-0.770996 0.270198 0.341787
0.218589 0.365955 0.645617
0.435362 -0.059895 0.263106
-0.896624 0.001801 -0.44375
-0.700717 0.373213 -0.576603
0.237811 -0.721233 0.758884
-0.9228229999999999 -0.116957 -0.224414
-1.259997 -0.037738 -0.571742
0.261507 -0.567997 0.9257919999999999
0.223136 0.09075999999999999 0.699408
-0.178576 0.016289 0.560401
-0.264708 0.048364 0.520572
-0.09341000000000001 0.719391 0.55237
0.449171 -0.694844 0.606664
-0.397506 0.671057 0.237329
-0.069663 0.81904 -0.475011
0.90224 -0.127866 -0.208468
0.283816 -0.02547 0.6628849999999999
-0.103655 -0.055126 0.770961
-0.148223 -0.403693 0.802528
0.573968 -0.161272 -0.083846
0.421873 0.519477 0.613652
-0.452047 -0.224416 -0.096831
-0.24439 0.570412 0.571426
-0.020222 0.076208 0.827726
0.848488 -0.121123 -0.247568
0.418204 0.6550240000000001 0.569079
0.877028 -0.118882 -0.205268
0.214909 0.124829 0.702399
0.677504 0.358707 -0.542011
0.291532 0.682237 0.595193
0.13826 0.423144 0.659367
-0.247796 0.310676 0.671712
-0.737975 0.478867 0.407295
0.16291 -0.410191 0.945408
0.017015 -0.646834 0.755643
0.150983 0.565042 0.664859
1.293839 0.011283 -0.450387
-1.167439 0.116432 -0.715303
1.092383 0.20813 -0.348005
1.371362 0.09951500000000001 -0.418322
0.487676 0.813044 -0.070797
-0.573012 0.719584 0.406315
0.43101 -0.364426 0.756787
-0.222614 0.5227540000000001 0.5111329999999999
1.179118 0.166253 -0.374246
0.154745 -0.495729 0.9157650000000001
-0.687473 -0.138807 -0.082637
0.415698 -0.692673 0.787829
0.584805 0.166526 0.498705
0.296685 0.631343 0.629727
0.170071 0.679007 0.583898
0.124898 0.159339 0.74694
-0.810092 0.522868 0.131456
0.49025 -0.683708 0.6442059999999999
0.8761100000000001 0.171179 -0.229135
1.372816 0.170751 -0.410808
0.717388 0.533092 0.397918
-0.860835 0.483704 0.16634
-0.028432 0.752366 0.582638
-0.199539 -0.366374 -0.461622
0.774537 -0.092751 -0.203713
0.174497 0.133571 0.802206
0.907875 0.260423 -0.213882
0.429762 0.308586 0.6271
-0.538336 0.570161 0.526136
-0.27748 0.359174 0.629383
0.286957 0.486912 0.704403
0.373145 0.354113 0.655232
0.3237 -0.598251 0.89598
0.356188 -0.464166 0.880049
0.973648 0.134232 -0.311094
-0.653462 0.551366 -0.188633
-0.039434 -0.566578 0.699278
-0.08351500000000001 0.519566 0.6162879999999999
0.285473 0.619469 0.656988
0.188622 0.102923 0.814949
0.402626 0.06798 0.501414
0.636114 0.666544 0.454034
0.666598 0.662906 0.504337
0.824053 0.392746 -0.230355
-0.102351 0.656859 0.372363
-0.527107 0.605448 0.46026
-0.008299000000000001 -0.395743 0.083768
-0.704608 0.511357 0.407799
0.257725 0.7057330000000001 0.464507
-0.471171 0.402271 0.612998
-0.754616 0.651628 0.342421
-0.806222 0.145696 -0.387865
0.297151 -0.051226 0.596182
-0.606065 0.592342 0.438595
0.364695 -0.19435 0.734415
1.12044 -0.095759 -0.392749
0.472732 0.507171 0.577273
0.5948909999999999 0.668436 0.422327
0.345694 0.668863 0.498646
-0.015339 -0.333039 0.336516
-0.306343 0.587404 0.507751
-0.649674 0.503111 0.342137
0.130414 0.383121 0.5989449999999999
0.759254 0.047756 -0.125008
0.320395 -0.440445 0.895541
-0.639771 0.382143 0.500323
0.13831 -0.5020559999999999 0.965703
-0.448184 0.861901 0.253927
0.380107 0.685128 0.569721
-0.493535 0.56787 0.568237
0.9190160000000001 -0.123355 -0.23973
0.292528 0.687228 0.589009
0.696353 0.237107 -0.53712
-0.423028 0.679096 0.467363
-0.251092 0.672035 0.314749
0.788001 -0.197552 -0.173019
0.568728 0.412939 0.573139
0.504715 0.460642 0.595356
0.131053 -0.64893 0.915826
0.44151 0.734379 0.419174
0.97057 0.321682 -0.227203
0.12208 0.171943 0.785025
-0.270501 -0.363606 -0.36707
-0.062326 0.552159 0.613653
0.518351 0.476258 0.509441
-0.592285 0.367608 0.533659
-0.906605 -0.11042 -0.292613
0.543858 0.065466 0.332471
0.82483 -0.004359 -0.296494
0.103183 0.520249 0.615945
0.643689 0.621966 0.547539
-0.326808 0.521262 0.61659
0.210018 0.406711 0.668195
0.186399 0.048853 0.801597
-0.299978 0.050966 0.503926
-0.216697 0.55245 0.445291
-0.553441 -0.005068 -0.641274
0.006154 -0.466312 0.59351
-0.542774 0.554588 0.539034
-0.463613 0.6536999999999999 0.178858
-0.799625 0.391508 -0.09503499999999999
-0.499318 0.376946 0.573036
0.200657 0.680108 0.583684
0.80528 -0.014176 -0.28674
0.198898 -0.488281 0.540916
-0.680014 0.543838 0.405828
0.738375 0.507567 0.110364
-0.366707 0.463206 0.663735
0.888481 -0.081049 -0.297665
-0.815662 0.599957 0.328933
-0.958572 0.024228 -0.509498
-0.501317 0.8660600000000001 0.382849
-0.253873 0.452673 0.618142
-0.111679 -0.352371 -0.549832
0.688843 0.569909 0.377565
-0.153711 -0.356409 0.782154
1.15441 0.158001 -0.363568
1.194196 -0.005441 -0.399805
-0.206197 0.517848 0.491353
0.543287 0.128758 0.486417
0.738413 0.34881 0.391395
0.903487 -0.217156 -0.325673
0.287908 0.42068 -0.796896
-0.516162 0.63688 0.377264
0.206382 -0.400763 0.930524
0.118787 0.398497 0.65812
-0.146992 -0.228674 0.539653
-0.718171 0.202861 0.273585
-0.215985 0.457909 0.568761
0.189543 0.667205 0.586086
-0.8164360000000001 0.282395 -0.270578
-0.011433 0.116224 0.842495
-0.388224 0.337171 0.63985
0.462841 -0.720464 0.707837
-0.047478 0.120527 0.812694
1.146032 0.234747 -0.407061
0.734993 0.076792 0.082998
1.376061 0.161784 -0.381136
0.635168 0.122056 0.296757
-0.140765 0.674654 0.552818
-0.520074 0.642765 0.313758
0.869999 0.135649 -0.241786
-0.308928 0.728526 0.525563
0.042152 -0.187838 0.881833
0.833533 -0.038172 -0.28608
0.105917 0.8642 0.5614130000000001
0.388771 -0.715797 0.629178
-0.807501 -0.187558 -0.169393
1.232042 0.166129 -0.392499
-0.492888 0.603716 0.5271670000000001
-0.447499 0.337894 -0.793937
0.450304 0.667088 0.272662
-0.671148 0.64393 0.389674
0.427518 0.35534 0.620204
-0.5849299999999999 -0.179824 -0.246587
0.352542 0.631582 0.573291
-0.011579 -0.318073 -0.623247
0.7789239999999999 -0.10127 -0.197556
-0.326122 0.416501 0.647066
-0.88195 -0.109948 -0.183882
0.891286 0.190861 -0.229294
-0.939616 0.157688 -0.572438
0.8148 0.304164 -0.375579
-0.336362 0.103093 0.581328
-0.07928399999999999 0.192403 0.755813
0.299667 0.504984 0.698852
0.180801 0.106231 0.821303
0.299854 0.632591 0.620046
1.163717 0.370387 -0.290231
-1.135671 -0.117615 -0.470449
0.167265 0.700863 0.490614
0.13923 0.449756 0.655657
0.25685 -0.2387 0.411731
0.112477 0.351473 0.560192
-0.617305 0.342514 0.430115
-0.93764 -0.056106 -0.400096
0.280972 -0.233953 0.452667
-0.783959 0.097908 -0.130453
-0.506678 -0.000665 -0.675942
0.360701 0.302164 0.6459279999999999
-0.922167 -0.180075 -0.157643
0.476121 0.526274 0.577716
-1.143182 -0.047388 -0.56931
-0.362221 0.598703 0.527397
0.178749 0.153042 0.745553
-0.792639 -0.048578 -0.321136
1.1075 0.313101 -0.287019
1.034979 0.127347 -0.331041
-0.776775 0.441289 -0.155751
-0.003546 0.103807 0.845114
0.331347 -0.512805 0.889137
0.5373599999999999 0.161829 0.532573
0.12386 -0.611062 0.943024
1.265584 0.08654199999999999 -0.364495
-0.423905 0.5777600000000001 0.591913
-1.154192 0.01052 -0.662784
-0.614416 0.530056 -0.545065
-0.274327 0.273299 0.676246
0.731578 0.630932 -0.07728
-0.407234 0.015533 -0.741758
1.188133 -0.04986 -0.407748
-0.840843 -0.079737 -0.329244
-0.328274 0.490752 0.647771
1.261764 0.356321 -0.318785
0.141247 0.677405 0.586238
0.299945 0.451976 0.704164
0.152219 -0.498119 0.901044
0.294996 0.336081 0.646069
1.152299 0.231548 -0.3511
0.6151799999999999 -0.189328 -0.262399
0.139079 0.721482 0.358048
0.71147 0.334534 -0.515697
0.08870500000000001 -0.019903 0.814748
0.763408 0.068907 -0.038572
1.042864 0.328263 -0.331185
1.120971 0.22059 -0.350842
-0.201335 0.045264 0.569932
0.044975 -0.386282 -0.489368
-0.520954 0.669077 0.431561
0.585664 0.760238 -0.192583
0.324079 0.617605 0.622887
0.278633 0.846801 0.54374
-0.525093 0.488319 0.5887
1.031964 -0.208467 -0.388304
-0.04339 0.095133 0.803179
-0.445601 0.329448 0.602458
0.157776 -0.423489 0.944883
-0.072627 0.743119 0.568971
-0.814476 0.339047 -0.045786
-0.209559 0.434563 0.6268860000000001
0.017289 0.784883 0.383703
0.207569 0.71025 0.5791190000000001
0.989791 -0.090519 -0.397385
0.518212 0.5054 0.582435
0.289194 -0.065515 0.507765
-0.410115 0.645311 0.494044
0.782336 -0.141977 -0.141556
-0.817455 -0.016665 -0.393897
0.011226 -0.585649 0.956593
0.322822 -0.556076 0.903955
0.622186 0.654419 0.5572589999999999
0.725954 -0.02124 -0.409405
-0.477749 0.653239 0.3268
0.09431100000000001 0.581334 0.595396
-1.094938 0.000681 -0.580532
0.211812 0.767695 0.193521
0.34364 0.561802 0.667786
0.380723 -0.484634 0.8647359999999999
-0.210005 0.469063 0.6142300000000001
-0.7974329999999999 0.276893 -0.369529
1.216467 0.268189 -0.333482
1.117939 -0.066023 -0.436921
0.43344 0.056747 0.436285
-1.072255 -0.134468 -0.40925
0.466135 0.534525 0.547589
-0.186278 0.296321 0.694852
-0.803312 0.16433 -0.387673
-0.550961 0.401816 0.534712
0.69485 0.586037 0.411327
-0.226526 -0.198958 0.338684
-1.120428 0.127158 -0.7033469999999999
0.046719 0.12365 0.8380379999999999
0.02938 0.080664 0.845318
1.025983 -0.161409 -0.279129
0.160428 0.602649 0.6644640000000001
0.393366 0.8033090000000001 0.061599
0.278932 -0.559997 0.885402
0.226326 -0.499402 0.874035
-0.491639 0.426788 0.606273
0.946111 0.13466 -0.299519
-1.091238 -0.160107 -0.461603
-0.506993 0.148762 -0.748619
-0.897255 -0.060129 -0.375483
0.51629 0.785973 -0.328599
0.867711 0.094623 -0.266745
0.173913 0.397784 0.66657
0.539241 0.264773 0.577771
0.187317 -0.392015 -0.321957
-0.403595 0.516588 -0.756842
1.229775 0.374625 -0.322944
1.361683 0.106476 -0.374633
-1.231794 -0.02936 -0.551992
0.4932 0.044895 0.356056
-1.155802 0.041202 -0.650457
0.013745 -0.636234 0.924489
-0.433537 0.775268 0.451915
