0.171348 -0.520917 0.910084
-0.214142 0.325496 0.674014
1.012484 0.084857 -0.327555
1.032725 -0.072764 -0.352505
-0.618851 0.235815 0.515355
-0.582725 0.375163 0.540268
0.119462 -0.393063 0.949081
-0.641749 0.477028 0.459069
0.505763 0.649038 0.21595
-0.703372 0.520716 -0.329508
0.050275 0.434457 0.532095
-0.763412 0.525543 0.100826
-0.506282 0.5929990000000001 0.539396
0.382658 0.702794 0.573762
-0.038597 0.044481 0.7917110000000001
-0.106611 -0.011254 0.746777
0.162538 0.880289 0.39667
0.516553 0.426397 0.595342
0.027541 0.353625 0.66165
1.355952 0.033634 -0.417078
0.858132 -0.07870000000000001 -0.291377
-0.725926 0.248653 0.405828
0.96319 -0.130168 -0.292457
0.146367 -0.458641 0.911917
0.380723 -0.484634 0.8647359999999999
0.6590200000000001 -0.062185 0.015212
0.8189959999999999 0.389056 -0.064745
-0.111679 -0.352371 -0.549832
-0.253873 0.452673 0.618142
1.216467 0.268189 -0.333482
1.063568 0.161926 -0.339325
0.124197 0.027603 0.830299
-0.694085 -0.105062 -0.409082
0.376443 -0.236913 0.020915
0.480394 0.507671 0.580924
-0.000419 0.075457 0.839008
0.303888 -0.077754 0.567779
0.255647 -0.451699 0.899003
1.361683 0.106476 -0.374633
0.4107 0.476909 0.641247
-0.424962 0.64189 0.488071
-0.9265 -0.044015 -0.408788
-0.279118 0.460106 0.618182
0.431213 -0.731688 0.700088
1.146871 0.266647 -0.324713
-0.882149 0.07806200000000001 -0.491091
-0.87496 -0.102259 -0.312644
-0.349961 0.604549 0.508575
0.289428 -0.189673 0.327518
0.246557 -0.373071 -0.234185
0.077434 0.048673 0.841309
0.131864 0.710724 0.574317
1.112159 0.354826 -0.275173
0.918625 -0.163133 -0.208377
-0.304855 0.596202 0.550715
0.924238 0.010254 -0.309578
0.282874 0.435428 0.692298
0.545673 0.503923 0.572308
0.068152 0.56132 0.620048
-0.260011 0.441636 0.6175310000000001
0.316268 0.790268 0.413467
0.9505940000000001 -0.129782 -0.25096
0.61938 -0.093322 -0.44879
0.194326 0.517954 0.696054
0.140854 0.150363 0.810083
1.117095 0.369949 -0.27727
-0.520305 -0.163436 -0.457459
-0.803686 0.031863 -0.374198
0.289194 -0.065515 0.507765
-0.205814 0.485655 0.532632
-0.086768 0.873404 -0.102859
0.031613 -0.138973 0.863227
0.258506 0.395888 0.669963
-0.127829 0.012435 0.704022
-0.617677 -0.109529 -0.466648
0.806779 0.216738 -0.026283
-0.30134 0.616777 0.416232
0.283218 -0.180129 -0.661478
0.469397 0.543882 0.575213
0.143386 0.646158 0.593143
0.59256 0.409605 0.563673
-0.543208 0.6178 0.402331
-0.017727 0.784071 0.574969
0.38607 -0.673235 0.822407
0.824002 0.022301 -0.288179
-0.8995109999999999 -0.020663 -0.421471
-0.035833 0.899392 0.42361
-0.095954 0.553234 0.6112880000000001
0.123761 0.6922509999999999 0.466751
-0.838179 0.599072 0.241027
0.170071 0.679007 0.583898
-1.174819 -0.122903 -0.395242
-0.451634 0.605533 0.556298
-1.182913 -0.00647 -0.587166
-0.14763 0.667296 0.34231
0.513648 0.394167 0.59724
-0.07521600000000001 0.787867 0.537758
1.038813 -0.099102 -0.358194
-0.836082 -0.114943 -0.282039
0.233923 0.698643 0.589566
0.671869 0.048644 0.156704
-0.84012 -0.106104 -0.155972
-0.859825 0.567371 0.21088
0.236731 0.385557 0.672629
-0.566211 0.305566 0.556289
0.1517 0.112843 0.8298489999999999
-0.766703 0.114769 -0.551384
-0.718171 0.202861 0.273585
0.180525 -0.5044729999999999 0.887448
-0.017971 -0.5485640000000001 0.958518
-0.087529 0.019449 0.76046
0.0488 0.626177 0.597511
0.114691 0.66662 0.589091
0.06593 -0.462377 0.964771
-0.801239 -0.001714 -0.389457
1.076196 0.37255 -0.273083
0.319382 0.652386 0.569257
-0.7211959999999999 0.495632 0.406912
0.547038 0.773356 -0.073132
0.035835 -0.058323 0.831381
-0.171902 -0.190465 0.438133
-0.536529 0.553733 0.54736
0.188681 0.108146 0.784004
-0.365713 -0.276487 -0.483448
0.221434 -0.433614 0.515813
0.206382 -0.400763 0.930524
-0.250315 0.588051 0.418404
-0.999885 -0.132326 -0.308081
-1.135484 -0.064972 -0.542324
0.830409 0.015863 -0.294702
0.049101 -0.679073 0.846564
-0.643977 -0.003676 -0.57297
-0.355232 0.84174 0.408792
-0.301754 0.744932 0.522481
0.261423 0.681229 0.595393
-0.79258 0.401616 -0.283586
-0.802547 0.226714 -0.361247
1.163529 -0.081201 -0.360093
-0.795025 -0.09257 -0.229789
0.538593 0.094379 0.387045
-0.448184 0.861901 0.253927
1.092635 0.293086 -0.37191
0.182154 -0.531079 0.9067499999999999
0.41712 -0.119377 0.192313
-0.038913 0.164955 0.801634
0.036305 -0.409911 -0.414583
0.776021 0.566016 -0.238469
-0.129416 -0.45795 0.865965
0.237334 0.458579 0.6977950000000001
1.161832 -0.08093400000000001 -0.369609
0.667099 0.622933 0.418856
1.356895 0.178314 -0.351801
0.197633 -0.290923 0.892451
0.492199 0.52904 0.582596
1.102144 0.101954 -0.34405
-0.665156 -0.128689 -0.076339
0.188119 0.099402 0.767268
0.59541 0.686978 0.454603
-1.109673 0.01035 -0.615608
-0.294028 0.758246 0.509302
-0.129006 0.079029 0.695136
0.130053 0.653773 0.572577
-1.245245 -0.126225 -0.502382
0.222849 0.580524 0.683138
0.124898 0.159339 0.74694
0.280681 -0.255535 0.215086
-0.121705 0.681254 0.555287
0.1114 0.9199889999999999 0.406837
-1.083792 0.119374 -0.689747
-0.855843 0.039667 -0.448547
0.180538 -0.343899 0.158914
-0.743659 0.501973 0.394956
-0.384921 0.651965 -0.649416
-1.019948 0.176153 -0.671565
0.253267 -0.423936 0.51218
0.752526 -0.08557099999999999 -0.182516
0.303156 0.60656 0.659524
0.131009 0.442525 0.6570319999999999
-0.6648309999999999 0.706407 0.375858
0.428512 -0.607917 0.828382
-0.399094 0.088369 0.497408
-0.173655 -0.176123 0.691746
-0.938766 -0.044516 -0.539353
-0.975707 -0.008125 -0.482275
0.296712 -0.273079 -0.55516
0.097647 -0.602847 0.950379
-0.634119 -0.166207 -0.298852
0.54566 0.721803 0.482906
0.07797 0.749377 0.562615
0.28631 0.242159 0.679056
-0.175004 0.657667 0.401918
0.406817 -0.58099 0.8503579999999999
0.70485 0.405063 0.490259
-0.081027 -0.607003 0.909787
1.260782 -0.07742499999999999 -0.379598
-0.140765 0.674654 0.552818
-0.498057 0.306063 -0.776079
1.355875 0.265835 -0.375038
-0.377759 0.542202 0.62339
0.006952 -0.617582 0.722842
-0.018272 0.79283 0.398616
0.178522 0.500816 0.678529
-1.048816 -0.01335 -0.523332
0.247045 0.64366 0.647575
0.58885 -0.12658 -0.023391
0.833221 0.16513 -0.195932
0.325251 -0.514491 0.880113
-0.067271 0.153046 0.765385
0.361693 0.476061 0.686539
-1.095919 -0.120364 -0.451652
-0.262794 0.5596989999999999 0.508765
-0.753749 -0.083396 -0.177308
0.864696 -0.118382 -0.231151
-0.16728 -0.2116 0.618532
0.715769 0.510121 -0.447182
0.172597 -0.288255 0.899156
1.078537 -0.123901 -0.324887
0.812899 0.459096 -0.223966
0.5341360000000001 0.672141 0.579654
0.775674 0.531304 -0.02323
1.196529 -0.049752 -0.377896
-0.838727 0.037393 -0.429803
-0.225536 0.701536 0.546462
0.65737 0.1978 0.383828
0.174085 0.494712 0.670763
0.237788 0.681662 0.590492
0.604515 0.059632 -0.582026
0.325646 -0.71666 0.669891
0.150706 0.415854 0.633007
0.09903000000000001 0.6417580000000001 0.593952
0.428645 -0.404499 0.7898500000000001
-0.259766 -0.125579 0.372541
0.092002 -0.332858 0.36193
-0.285417 0.539086 0.568167
-0.628327 0.738117 0.380275
-0.685995 0.603719 0.387345
-0.368789 0.367039 0.632297
-0.249364 0.439081 0.630101
-0.808916 -0.112603 -0.111813
1.114225 0.086117 -0.348769
0.532083 0.478242 0.582008
0.337454 0.455684 0.696723
0.162255 0.422938 0.667455
-0.833127 -0.114413 -0.231151
0.844973 0.08140500000000001 -0.255593
-0.135891 0.669768 0.470804
-0.163592 0.123568 0.683698
0.096036 -0.331694 0.391518
-1.071126 0.131208 -0.810992
-0.080932 0.126373 0.763841
-0.8593 -0.112648 -0.138999
0.668308 -0.177538 -0.29692
1.109066 0.175572 -0.354865
-0.08497 -0.556376 0.926475
-0.605367 0.399648 0.522001
0.146483 -0.07123599999999999 0.822974
-0.178576 0.016289 0.560401
-0.419232 0.334692 0.630945
-0.029804 -0.34604 0.276887
-0.576017 0.605783 0.452937
0.823684 0.387543 -0.104633
-0.06851699999999999 -0.299648 0.439414
0.883383 0.09693300000000001 -0.35698
-0.641774 0.378409 0.397915
0.168158 -0.500598 0.890915
0.369442 0.489438 0.681087
0.17855 0.692682 0.583044
0.388771 -0.715797 0.629178
0.225162 -0.709407 0.82631
0.182035 0.5083029999999999 0.689789
-0.757626 0.028069 -0.266771
-0.265224 -0.169502 0.318309
0.211645 -0.514338 0.878263
0.079307 0.038479 0.838718
-0.556853 0.349504 0.557302
0.258881 0.822841 0.40838
0.654346 0.482 0.53459
0.149935 -0.520674 0.96428
-0.841101 -0.109315 -0.203942
-0.121918 0.646414 0.390653
0.194079 0.085369 0.811187
0.451795 0.082188 0.486771
1.173199 -0.08822000000000001 -0.347938
-0.415921 -0.141214 0.153622
-0.727483 0.355177 0.44507
0.481913 0.384774 0.582116
-0.33033 0.125067 0.605827
-0.832294 0.086074 -0.408905
-0.272247 0.037642 -0.802289
-0.039434 -0.566578 0.699278
-0.551551 0.464783 0.548717
-0.661686 0.28207 0.494992
0.725301 -0.030221 -0.088924
-0.461476 0.892644 0.305802
-0.464511 0.441556 0.637505
0.341911 -0.691846 0.624881
-0.347166 0.443447 0.661569
-0.044947 0.09028799999999999 0.794815
1.293135 0.330425 -0.372721
0.375772 0.576979 0.617888
-0.146651 -0.035402 0.688806
-0.8663729999999999 0.158704 -0.468522
-1.265255 -0.08973 -0.581483
0.061779 0.146216 0.802144
-0.907473 0.09011 -0.53052
0.150692 0.160105 0.780879
0.215129 0.466579 0.689083
0.368238 0.659236 0.58324
0.44685 0.600994 0.576866
0.177698 0.121298 0.768359
-0.269829 0.652879 0.546049
0.593778 0.625228 0.164571
-0.61431 0.773277 0.23816
-0.060141 0.667834 0.5977440000000001
0.621469 -0.035227 0.102712
0.01727 0.160282 0.813462
0.821868 0.117278 -0.211201
0.36434 0.44712 0.677613
-0.854981 -0.113197 -0.292823
0.261656 -0.499801 0.861657
0.056868 0.776309 0.563235
-0.218856 0.7087869999999999 0.526984
0.003648 0.951802 0.4761
0.145241 0.139387 0.817681
0.370327 0.801437 0.473115
-0.003111 0.171196 0.766616
0.364695 -0.174653 0.186712
0.176546 -0.346255 0.448405
0.09352100000000001 0.170497 0.781334
-0.656223 0.558972 0.415535
-0.710075 0.293898 -0.589669
1.147496 0.08212700000000001 -0.359499
0.043391 -0.414578 -0.033354
-0.3611 0.543052 0.622898
-0.27051 0.115082 0.62266
0.408331 -0.269796 -0.317825
-0.552123 0.620346 0.460881
0.070705 0.92613 0.400573
0.726332 0.49506 0.152869
0.71147 0.334534 -0.515697
-1.242864 -0.122383 -0.5358619999999999
-0.612695 0.5198660000000001 0.430208
0.18432 -0.520234 0.942225
1.218788 0.202058 -0.379932
0.357552 0.457396 0.688252
-0.315782 0.587562 0.5458229999999999
0.378932 0.761072 0.416959
-0.167259 -0.053948 0.624771
0.845742 0.127165 -0.229001
0.411659 -0.537949 0.8456939999999999
-0.778921 -0.050632 -0.275434
0.273493 0.824327 -0.426863
-0.655626 0.523652 0.431059
0.834452 0.26619 -0.122305
-0.631162 0.44283 0.486659
-0.814624 0.224988 -0.045306
-0.476803 0.517214 0.607584
0.9484320000000001 0.056391 -0.313063
-0.598332 0.600901 0.271812
-0.6016550000000001 0.69642 0.401761
-0.877876 0.038161 -0.465137
-0.236133 -0.24355 -0.626767
0.178328 -0.25315 -0.649513
-0.6875599999999999 0.526986 0.410273
-0.230363 0.414627 0.638977
-0.784785 0.101862 -0.08948399999999999
-1.020945 0.144093 -0.65834
-0.795704 0.518408 0.36597
0.462716 0.450286 0.5953270000000001
0.064252 0.581437 0.6136160000000001
0.5499039999999999 0.686972 0.421293
-0.340999 0.090487 0.558513
0.128724 0.142922 0.8188879999999999
0.408324 -0.268182 0.637469
0.999868 -0.054387 -0.333293
1.146363 0.288961 -0.311527
-0.81268 0.154467 -0.408989
0.627221 0.442572 0.547721
-0.553749 0.39905 -0.729239
0.624093 0.5256960000000001 0.5502629999999999
-0.334488 0.494037 0.649953
-0.619299 0.598627 0.418491
-1.202774 -0.029338 -0.544565
0.243393 -0.253415 0.338479
0.221617 -0.635145 0.911695
0.151386 -0.468175 0.959402
0.055227 0.611401 0.517853
0.042152 -0.187838 0.881833
0.393792 -0.029488 0.360673
0.152219 -0.498119 0.901044
0.350056 0.544373 0.6723789999999999
-1.204974 -0.09768399999999999 -0.447704
-0.275118 0.612355 0.548797
0.09583700000000001 0.524898 0.631668
-0.905044 0.201623 -0.552948
-0.671071 0.311109 -0.6484799999999999
0.232845 -0.073513 0.795458
0.498029 0.119025 0.520024
-1.228297 0.064303 -0.74461
-0.224398 0.441354 0.627586
-0.689378 0.7207480000000001 0.292928
0.201217 0.535382 0.694157
-0.793593 0.182832 -0.465865
-0.469103 -0.227066 -0.283759
-0.315741 0.710603 0.5222059999999999
0.031378 -0.355453 0.476127
-0.99078 -0.129661 -0.252215
-0.973756 0.100605 -0.6219789999999999
0.622949 0.147932 0.354052
-0.858495 0.172422 -0.468301
1.086579 0.362071 -0.314164
0.442361 0.511981 0.596152
0.149709 0.740951 0.562435
0.898408 -0.231716 -0.292906
-0.162571 -0.297722 0.708122
-0.5480969999999999 0.590439 0.45975
1.277511 0.250316 -0.330596
-0.7192229999999999 0.533602 0.3903
0.877923 0.123801 -0.25383
0.052157 -0.238678 0.900385
0.323403 -0.729276 0.74266
-0.363322 0.359503 0.643471
0.159331 0.147485 0.802244
-0.814042 0.341365 -0.162412
0.16456 0.139652 0.750483
0.193926 -0.539457 0.903401
-0.375605 0.749869 -0.494883
-0.322177 -0.347034 -0.272218
0.215587 -0.149943 0.8361730000000001
-0.379599 0.425856 0.661228
0.150373 -0.443237 0.9335909999999999
-0.346738 0.732468 0.503451
0.325898 0.134258 0.62393
0.637094 0.573838 0.547919
0.307023 0.373773 0.662373
0.274242 0.643648 0.618073
-0.167937 0.485234 0.609751
0.602024 0.36805 0.558845
-0.51431 0.650389 0.452894
-0.165596 -0.260663 0.73627
-1.231794 -0.02936 -0.551992
0.103183 0.520249 0.615945
0.169319 0.097029 0.828886
0.078569 0.673998 0.585999
0.056658 -0.336339 0.424776
0.655797 0.6654910000000001 0.526203
0.200413 -0.715865 0.77617
0.050653 0.149548 0.8004599999999999
1.163717 0.370387 -0.290231
0.274649 -0.556444 0.8751640000000001
0.615797 0.7330100000000001 -0.12841
0.177384 0.838757 0.569682
-0.906384 -0.07076200000000001 -0.36521
-0.532068 0.870462 0.341941
0.068938 0.154808 0.762605
-1.096667 0.168473 -0.739435
0.795616 0.486404 -0.333996
0.182252 -0.402608 0.497878
1.284416 0.350439 -0.349967
-0.825144 -0.107685 -0.133252
-0.598397 0.623593 0.415526
-0.655084 0.493698 0.447709
-0.875443 0.097076 -0.47459
0.292098 -0.569028 0.562971
-0.911859 -0.081418 -0.351726
-0.954406 -0.122894 -0.23447
0.513495 0.702691 0.106133
0.212206 0.4091 0.662839
0.02866 0.161836 0.751494
-1.047578 -0.202866 -0.309535
1.341588 0.179218 -0.343362
-0.199539 -0.366374 -0.461622
0.437128 -0.250745 -0.234725
0.09801700000000001 0.487451 0.643366
-0.758755 0.135493 0.079125
0.147518 0.434548 0.662797
0.0566 0.045458 0.8389489999999999
0.708887 0.505397 0.324965
0.280924 -0.39313 0.901103
-0.5458499999999999 0.537505 0.5472
-0.262924 0.430764 0.624285
-1.205668 -0.150338 -0.426183
0.389889 -0.734537 0.696888
-0.223888 0.392132 0.599731
0.514796 0.216749 0.574402
-0.467771 0.633677 0.472527
0.304308 -0.598739 0.903898
-0.1994 0.695358 0.281648
-0.029719 -0.317235 0.433991
-0.884388 0.551397 0.237385
-0.896624 0.001801 -0.44375
0.283317 -0.309069 0.040894
-0.675625 0.493235 0.438049
0.977367 0.221085 -0.268546
-0.130413 0.723779 0.263061
0.336643 -0.273566 0.821528
0.298028 -0.518914 0.847534
-0.056725 0.869265 0.517126
-0.261521 0.261746 0.575316
-1.074219 -0.131779 -0.321973
-0.408645 0.797309 0.463627
0.106239 -0.361525 0.461591
0.344598 -0.495835 0.893184
0.576811 0.7494 -0.317303
-1.060765 0.189943 -0.747815
-0.148903 -0.315926 0.806545
-0.162064 -0.06424000000000001 0.666681
-1.111259 0.086636 -0.68468
0.293232 -0.341757 -0.146235
0.821576 -0.114954 -0.227061
-0.398843 0.526621 0.630104
0.635168 0.122056 0.296757
-0.375516 0.639805 0.509564
0.409778 -0.5125189999999999 0.84473
1.15227 -0.163192 -0.359201
-0.540533 0.374363 0.568594
0.164467 0.064175 0.826482
-0.33123 0.491742 -0.790708
-0.914597 0.079989 -0.535311
-1.157799 -0.09127 -0.47729
-0.298529 0.535139 0.575561
0.6383180000000001 0.626022 0.122324
-0.103965 0.653985 0.419321
0.195539 0.482663 0.684476
-0.598041 0.595129 -0.077441
-0.6570589999999999 0.508922 0.438154
-0.607414 0.428117 0.502595
0.40016 0.340486 0.628883
-0.239822 0.7343 0.456905
0.123136 0.72134 0.568495
0.45098 -0.5586100000000001 0.5965009999999999
0.207827 -0.188794 -0.694771
-0.021029 0.07054299999999999 0.820172
-1.218631 -0.104249 -0.452623
0.383893 0.451044 0.664343
0.965327 -0.12805 -0.303088
0.376557 0.312777 -0.779049
-0.266101 0.33261 0.658265
-0.481693 0.775841 0.429037
-0.466751 0.893795 0.337231
0.649327 -0.190466 -0.196491
0.884312 0.026191 -0.303364
0.077711 0.561319 0.621669
-0.451286 0.7444269999999999 0.442926
-1.269887 -0.045301 -0.586046
0.764384 0.529721 0.0231
-0.171232 0.794221 -0.50912
-0.098714 -0.29109 0.513883
-1.167439 0.116432 -0.715303
0.02462 -0.353483 0.27047
-0.927297 0.126603 -0.555241
0.869007 -0.060309 -0.297647
-0.759603 0.447368 -0.358695
0.288564 0.662771 0.589051
0.387074 -0.247812 0.74261
-0.435034 -0.17609 -0.552123
0.819311 -0.005234 -0.354141
0.102254 0.414797 0.651339
-0.637107 0.49068 0.447849
0.217436 0.476484 0.699744
0.324196 0.575248 0.669053
0.123769 0.478061 0.641705
0.146558 -0.447485 0.957014
-0.635539 0.670718 0.39598
0.353637 -0.565871 0.889938
-0.055061 0.081707 0.782031
1.124374 -0.11043 -0.337056
0.5948909999999999 0.668436 0.422327
-0.269717 0.56409 0.572087
0.584176 0.627785 0.567923
-0.553441 -0.005068 -0.641274
-0.190854 -0.219237 0.367542
1.221021 0.290412 -0.322968
0.237042 -0.336304 0.89624
0.143689 0.159798 0.746139
0.105662 0.17369 0.777654
-0.497753 0.3756 -0.769228
0.390947 0.371171 0.645796
-0.808142 0.394961 0.018379
-0.512599 0.120245 0.450705
0.804825 0.010217 -0.279042
0.333548 0.703461 0.570587
0.081522 0.165252 0.745999
-0.889026 0.047471 -0.481528
-0.94291 0.141116 -0.575789
-0.008299000000000001 -0.395743 0.083768
-0.721109 -0.034692 -0.066373
0.32563 0.439136 0.69302
0.311505 -0.563159 0.907682
-1.170588 0.069747 -0.79748
-0.958572 0.024228 -0.509498
0.7790280000000001 0.063385 -0.182226
-0.551589 0.258951 0.563833
0.548878 0.630216 0.305937
0.13036 0.412987 0.657578
-0.383972 0.671271 0.48806
-0.069663 0.81904 -0.475011
0.020694 0.847384 0.37895
-1.174909 -0.058925 -0.57935
-0.353656 0.560411 0.598718
-0.559601 0.84988 0.335365
0.458506 0.320972 0.61746
0.104521 0.490303 0.644056
0.377969 0.142247 0.602915
0.034707 -0.428318 -0.141387
-1.233015 0.030377 -0.746864
-0.715317 0.401198 -0.528571
0.549532 0.64615 0.347793
0.111701 -0.674169 0.884938
-0.328093 -0.335654 -0.354387
0.945762 0.182616 -0.269806
-0.057404 0.733213 0.584093
1.320631 -0.031428 -0.410791
-0.81455 -0.103312 -0.161077
-0.983044 -0.147281 -0.200731
-1.021004 0.202326 -0.722743
0.152048 -0.483805 0.89633
0.176397 -0.397289 -0.144103
0.166839 0.524038 0.678308
0.113676 0.155914 0.810351
-0.029773 0.888676 0.534459
0.181229 0.258366 0.714995
-0.444857 0.352479 0.612205
-0.403833 0.279733 0.589477
0.389318 -0.214074 0.66645
1.02748 -0.148954 -0.281578
0.358818 -0.717076 0.648131
0.430788 -0.230386 -0.460809
-0.581463 0.502449 0.497302
-0.496452 0.888833 0.288633
-0.410953 0.600046 0.568472
0.08001800000000001 -0.537723 0.598365
0.305836 0.432179 0.6903
-0.63306 0.300367 -0.692565
-0.488356 -0.124757 -0.5649420000000001
0.396224 0.436816 0.654411
0.822785 -0.034869 -0.269753
0.468857 0.524423 0.573919
-0.335529 0.329871 0.631202
1.249511 0.346803 -0.312511
0.9182090000000001 0.140973 -0.276923
0.451351 0.430819 0.604147
-0.610398 0.587082 -0.424736
0.193019 0.067287 0.806368
-0.598507 0.404973 0.524575
-0.805164 0.62688 0.277038
-0.931 -0.141938 -0.157634
0.286959 -0.612769 0.904218
0.134032 0.499649 0.641115
0.305767 -0.527602 0.854347
1.010742 0.158389 -0.321453
1.26058 0.07682 -0.37421
0.44893 0.673762 0.314743
-0.86072 0.098202 -0.44816
0.422762 0.294206 0.591771
0.230526 0.633975 0.657274
1.19605 -0.052743 -0.387808
-0.152286 0.66022 0.437653
-0.815823 0.211077 -0.260514
-0.351527 0.334608 0.6453140000000001
0.156311 0.049248 0.825749
-0.467798 0.425259 0.6252760000000001
0.282187 -0.438944 0.906044
0.785379 0.549973 -0.1724
0.287535 -0.033551 0.5943850000000001
-0.476289 0.655767 0.295481
-0.756798 0.221141 -0.501471
0.123309 -0.561955 0.962416
-1.014281 -0.069123 -0.444898
0.730411 0.595442 -0.332533
0.872317 0.08695600000000001 -0.277755
0.3284 0.467832 0.698839
-0.435541 0.56549 0.597518
-0.393512 0.352622 0.636777
0.134807 -0.331435 0.309186
-0.282253 -0.056027 0.416325
0.27867 -0.029515 0.518379
1.178643 0.106531 -0.368492
0.290498 -0.344838 0.878541
-0.72278 -0.143501 -0.08065
-0.563407 -0.152607 -0.428824
0.489245 -0.542164 0.6643559999999999
0.366749 -0.42082 0.860576
0.720678 0.513617 0.48532
1.040207 0.083567 -0.334148
0.239953 0.207341 0.701787
1.290924 0.266248 -0.326658
0.282393 -0.533106 0.855262
-0.058653 -0.598286 0.931606
-0.9289849999999999 0.083328 -0.557048
0.359992 -0.564005 0.551915
-0.824326 -0.114625 -0.242901
0.020851 -0.096343 0.845924
0.718025 0.285035 0.362343
-0.542578 0.499376 0.5640770000000001
-0.803312 0.16433 -0.387673
0.284655 0.018246 0.511327
-0.021748 -0.193198 0.87399
-0.619527 0.792137 0.297562
0.573968 -0.161272 -0.083846
-0.606065 0.592342 0.438595
0.724983 0.386881 0.465507
-0.521906 0.465804 0.591183
-0.478827 0.35875 0.603584
-0.052315 0.128731 0.786155
0.340274 0.599187 0.635721
0.205173 -0.477721 0.884925
0.593556 -0.174929 -0.337547
0.660343 -0.027976 -0.47027
-1.108153 -0.12144 -0.381342
0.219459 -0.584846 0.937157
0.877028 -0.118882 -0.205268
0.094384 -0.531768 0.9681959999999999
0.404612 0.2153 0.625268
-0.325673 0.266642 0.659563
-0.493956 0.735388 0.426395
-0.5253100000000001 0.522833 0.5744939999999999
0.602387 0.445189 0.558827
-0.745468 0.483527 -0.237687
-0.803881 0.028192 -0.521546
1.226692 0.136572 -0.389314
-0.810718 0.226593 -0.317153
-0.048147 0.062781 0.786643
1.157584 -0.175072 -0.380387
-0.689453 0.135243 -0.612667
0.08799700000000001 0.405055 0.567486
-0.420116 -0.218074 -0.512886
-0.326529 0.307862 0.620161
-0.713869 0.529902 0.06578299999999999
0.360701 0.302164 0.6459279999999999
-0.226392 0.283202 0.689209
-0.451492 0.25427 -0.792035
-0.141806 0.035983 0.665007
-0.059823 0.45355 0.627368
-0.169048 -0.071755 0.633053
-0.810099 -0.181972 -0.225942
-0.800028 0.146752 -0.2094
-1.26169 -0.085314 -0.53243
-0.044456 0.806567 0.41866
-0.7986760000000001 0.169898 -0.020976
-0.673426 0.430352 0.465971
0.265423 -0.158191 0.817217
-0.869414 0.210319 -0.548282
-0.475912 0.366117 0.594301
0.347757 0.487359 0.689886
-0.491051 0.64617 0.466567
-0.025894 -0.45061 0.604637
-0.33591 0.66351 0.510058
0.189167 -0.489881 0.885406
-0.6612440000000001 0.595526 0.125555
0.184888 -0.5207580000000001 0.949847
-1.085393 0.13453 -0.69615
0.168378 0.868095 0.564136
0.490277 0.418606 0.57269
0.799534 -0.081217 -0.231252
-0.002913 -0.422826 0.567727
0.141131 0.582187 0.641828
-0.831861 0.19497 -0.492549
0.260295 0.697391 0.587369
0.082645 0.611376 0.56514
0.154675 -0.442842 0.919396
0.36451 -0.490535 0.879339
0.27653 -0.030197 0.540716
1.02164 0.237866 -0.288875
0.156898 0.544242 0.671488
-0.124038 -0.541659 0.749514
-0.522076 0.288947 0.579826
-0.995112 -0.047928 -0.452073
-0.004726 0.172034 0.801437
0.38277 -0.270336 -0.451679
0.062321 0.14061 0.773916
1.074317 0.1076 -0.339004
-0.215038 -0.365084 0.004612
0.9752 0.305696 -0.230318
-0.224856 0.472874 0.615237
-0.7737039999999999 0.615698 0.357948
0.482706 0.6176739999999999 0.565808
1.163657 -0.085255 -0.40339
-0.390493 0.653849 0.498016
0.021821 0.432201 0.637506
0.826882 -0.118176 -0.268224
-0.885813 0.524981 0.269314
0.778299 0.08010100000000001 -0.155552
0.299667 0.504984 0.698852
0.162969 0.134861 0.755481
-0.081818 -0.449661 0.923074
-0.517467 0.35704 0.565009
-0.348817 0.5125960000000001 0.6416190000000001
0.693298 0.247103 0.404211
-0.051919 0.132932 0.794392
0.180127 0.723776 0.569172
-0.227726 0.576549 0.57353
1.140095 0.035123 -0.369759
-0.339618 0.460512 0.661508
0.220661 0.877127 0.536086
