-0.357209 -0.254298 -0.533613
0.59541 0.686978 0.454603
1.137059 0.134384 -0.353492
-0.108727 0.697125 0.501252
1.074067 -0.08916 -0.373941
-0.864143 0.087912 -0.457079
0.514999 0.349821 0.5381860000000001
-0.240927 -0.229936 0.276369
-1.250412 0.037444 -0.687046
0.655312 -0.178483 -0.155165
0.185904 0.055289 0.8088109999999999
1.219296 0.37309 -0.30936
-0.912706 -0.09224 -0.333968
-1.095125 -0.16452 -0.293623
-0.821313 0.072029 -0.394093
-0.296774 0.600684 0.550094
-0.146651 -0.035402 0.688806
-0.818504 0.218255 -0.20465
-0.266501 0.492912 0.59096
0.077594 0.941777 0.512669
-0.423028 0.679096 0.467363
-0.843939 0.006364 -0.420793
0.942647 0.024647 -0.312997
0.292061 -0.716328 0.691253
0.464108 -0.574434 0.795635
-0.051753 0.862822 0.432024
-0.093142 0.08791 0.750444
-0.84012 -0.106104 -0.155972
-0.139567 0.103212 0.6915289999999999
0.284399 -0.305581 -0.509473
0.0566 0.045458 0.8389489999999999
-0.718119 0.161527 -0.578743
0.619506 0.589375 0.267811
-0.206307 0.621767 0.577285
0.007467 0.172503 0.7861359999999999
-0.622932 -0.169525 -0.155731
0.132154 0.716265 0.333825
0.481913 0.384774 0.582116
0.389889 -0.734537 0.696888
-0.050005 0.164877 0.758297
0.410997 -0.314877 0.606482
1.212233 0.183804 -0.387753
-0.007463 0.041418 0.8079730000000001
0.484254 -0.492339 0.698622
-0.640748 0.535547 0.429251
-0.403595 0.516588 -0.756842
-0.448184 0.861901 0.253927
0.867711 0.094623 -0.266745
0.540705 -0.156494 -0.44084
0.291971 0.704416 0.574141
-0.153988 0.01963 0.633498
-0.258296 0.727029 0.530454
-0.767016 -0.014644 -0.328487
0.311505 -0.563159 0.907682
1.265252 0.086574 -0.403552
0.224721 0.7293190000000001 0.358043
-0.749339 0.021927 -0.186843
0.271857 -0.013607 0.522218
-0.816407 0.345097 0.011871
-0.784617 0.19844 -0.443132
-0.296639 0.370921 0.652278
0.357714 -0.654864 0.588542
-0.304938 0.659919 0.525375
0.173146 -0.505293 0.945522
0.307929 -0.455557 0.881255
0.945762 0.182616 -0.269806
0.565271 0.772406 -0.133088
0.498638 0.7093159999999999 0.420431
0.307269 0.775539 -0.50205
-0.552688 0.771517 0.204248
-1.112819 0.048474 -0.692773
1.306062 0.278761 -0.326685
0.329408 0.791631 0.579883
0.123769 0.478061 0.641705
0.389964 0.629135 0.582041
0.907538 0.209577 -0.230083
-0.144726 -0.001392 0.673393
0.01514 -0.407717 0.951485
-0.489515 -0.17963 -0.018791
0.2773 -0.520018 0.54566
-0.008015 -0.09864299999999999 0.842811
0.163688 0.07570399999999999 0.829616
-1.109673 0.01035 -0.615608
0.388771 -0.715797 0.629178
0.478049 -0.491723 0.662172
-0.160403 -0.045924 0.65657
0.282814 0.526762 -0.75113
-0.458377 0.778263 0.439304
0.027541 0.353625 0.66165
1.03925 0.282941 -0.272582
0.358452 -0.179753 0.584718
0.852102 -0.127028 -0.173425
0.128209 0.16013 0.753169
-0.003228 -0.667 0.824664
0.432755 0.272349 0.57085
0.050813 -0.408646 0.522814
1.196529 -0.049752 -0.377896
-0.163592 0.123568 0.683698
-0.264929 0.504919 0.579245
0.28088 0.578936 0.679338
0.773572 0.359108 0.131755
-1.139429 -0.027195 -0.680013
-0.356026 0.453624 0.666394
-0.201379 -0.043085 0.522188
-1.15934 0.051962 -0.650845
0.399207 -0.164578 -0.597011
-0.627463 0.58385 -0.350781
0.449798 0.575991 0.57164
-0.139651 0.331238 0.677509
-0.85122 0.581945 0.296097
-0.035418 0.171507 0.77888
0.269111 -0.334569 0.479231
0.104122 0.018097 0.828838
-0.257072 0.665787 0.554109
-0.165753 -0.037681 0.618445
-0.101714 -0.495481 0.911371
0.680091 0.422217 0.513244
-0.40311 0.600787 0.543907
0.102421 0.378648 0.662781
0.808399 -0.110762 -0.209108
-0.218856 0.7087869999999999 0.526984
0.118787 0.398497 0.65812
0.130294 0.116725 0.83199
-0.784487 0.422215 0.391464
-0.010805 0.166015 0.8111429999999999
1.140095 0.035123 -0.369759
-0.530138 0.631605 0.464715
-0.500571 0.890366 0.320688
-0.131934 -0.247396 0.51126
0.237934 0.463338 0.702477
-0.372746 -0.292222 -0.424442
0.888043 0.105857 -0.27689
0.293061 -0.039411 0.629269
1.230581 -0.125389 -0.432804
-0.551558 0.534216 0.532854
-0.818887 0.140606 -0.40979
0.311311 -0.422358 0.897002
1.196841 0.348003 -0.36195
0.759254 0.047756 -0.125008
-0.020222 0.076208 0.827726
-0.071589 -0.642915 0.83233
0.373436 0.464725 0.678075
0.383893 0.451044 0.664343
0.308956 -0.116259 0.393824
0.079223 0.950869 0.484971
-0.869414 0.210319 -0.548282
1.145912 -0.150553 -0.344253
0.995517 -0.029536 -0.329341
0.251696 0.695156 0.516778
-0.468634 0.807231 0.215565
0.6049870000000001 0.482326 0.556847
1.357771 0.047154 -0.429551
0.210205 -0.412315 0.932718
-0.047253 0.197429 0.745983
0.180523 -0.313996 0.30303
1.371482 0.217997 -0.376664
-0.347166 0.443447 0.661569
-0.096858 -0.5821 0.753244
0.424378 0.617324 0.578983
0.34364 0.561802 0.667786
-0.467771 0.633677 0.472527
-0.535851 0.640431 0.451007
-0.724054 0.266685 0.426133
0.270844 0.642083 0.635258
-0.736145 -0.064613 -0.172715
0.299593 -0.567484 0.911799
0.298588 -0.472339 0.861824
0.194863 0.095457 0.799312
0.158425 -0.429073 0.938859
-0.050051 0.271952 -0.876784
0.345748 0.598889 0.626458
0.236653 0.687082 0.592158
-0.543208 0.6178 0.402331
0.602463 0.649427 0.110923
0.382179 0.427978 -0.745449
-0.266696 0.715855 0.542538
-1.103396 -0.186633 -0.401988
0.877065 0.078877 -0.287416
0.706686 0.5764590000000001 -0.402385
-0.619408 0.786215 0.265848
1.079956 -0.121335 -0.336241
0.42537 -0.687656 0.596221
-0.119364 -0.120779 -0.764287
-0.485539 0.712634 0.21422
-1.058181 0.068591 -0.684386
-0.829068 0.603831 0.301292
0.272496 0.37864 0.669333
0.062321 0.14061 0.773916
-1.228297 0.064303 -0.74461
-0.450072 0.360687 0.607192
0.217436 0.476484 0.699744
-0.554462 0.623918 0.338928
1.163717 0.370387 -0.290231
0.8005640000000001 0.370694 -0.397228
-0.181274 -0.045193 0.556415
-0.936021 0.007301 -0.474329
-0.262382 0.145102 0.64989
0.8448369999999999 0.147607 -0.358838
-0.025055 0.697937 0.342721
0.294343 -0.54774 0.866865
-0.003546 0.103807 0.845114
0.272883 0.383114 0.666029
-0.793364 -0.052288 -0.296129
0.127554 0.887234 -0.038683
-0.8151659999999999 0.011873 -0.403208
1.02164 0.237866 -0.288875
0.464227 0.645983 0.566634
-0.461476 0.892644 0.305802
0.028021 0.15977 0.772833
1.268046 0.091862 -0.39879
-0.080526 -0.293428 0.415827
0.8177720000000001 0.002767 -0.293086
-0.308928 0.728526 0.525563
-0.8743030000000001 0.42356 0.270762
0.341617 -0.371972 0.521142
0.07435899999999999 0.06055 0.843062
0.721131 -0.088034 -0.368317
0.8553500000000001 0.067297 -0.278649
-1.081009 0.03928 -0.641551
-0.406788 0.599823 0.554267
-0.730534 0.063282 -0.551528
0.150393 0.075631 0.83327
-0.820807 -0.07112 -0.299242
-1.107653 0.043876 -0.6851739999999999
-0.573012 0.719584 0.406315
-0.497435 0.841764 0.406513
0.284104 0.425546 0.685347
-1.083664 0.057896 -0.689179
-0.046589 0.29474 0.690277
-1.032194 -0.130019 -0.385989
0.06383 0.707088 0.572699
1.206319 0.108576 -0.380453
0.170192 -0.507396 0.95846
0.334752 -0.6153149999999999 0.883534
-0.105603 0.48567 0.617803
0.072766 0.799441 -0.518448
-0.424962 0.64189 0.488071
-0.979722 -0.056048 -0.431272
0.07302 0.452286 0.639514
-0.559601 0.84988 0.335365
0.859154 -0.013666 -0.301482
-0.409338 -0.274844 -0.359125
-0.004353 -0.326192 0.377889
-0.234102 0.691132 0.558055
0.565709 -0.185044 -0.14609
0.786792 0.215575 -0.430664
1.287658 -0.01208 -0.366926
0.421905 0.367243 0.64086
-0.968072 0.123434 -0.608522
-0.71167 0.400031 0.450719
0.114399 0.856731 0.04062
-0.9300119999999999 0.114347 -0.563093
-0.235896 0.467353 0.583216
-1.020623 0.200082 -0.745305
-0.634633 0.119719 0.291162
-0.026716 0.837757 0.559669
0.156831 -0.450175 0.524681
-0.849338 -0.100307 -0.308882
-1.159893 -0.172754 -0.374837
-0.785896 -0.029228 -0.369683
-0.176881 -0.301862 -0.593957
-1.116539 0.118719 -0.819275
0.529106 0.801408 -0.195487
0.195291 0.048397 0.781767
0.062643 -0.34595 0.447255
0.180801 0.106231 0.821303
-0.444857 0.352479 0.612205
-1.26169 -0.085314 -0.53243
-1.009527 -0.096898 -0.410281
0.164467 0.064175 0.826482
0.573732 0.543553 0.562155
-0.519533 0.5081059999999999 0.585555
-0.487549 0.65695 -0.54132
-0.034385 0.172922 0.787615
0.248615 -0.469872 0.879408
0.367318 -0.536655 0.882872
0.021426 0.092473 0.846153
0.305115 -0.099537 0.746037
0.848488 -0.121123 -0.247568
-0.384951 0.437569 0.666308
0.6828959999999999 -0.127292 -0.121849
1.079894 0.129223 -0.413603
-0.188734 0.029421 0.558656
0.239902 -0.346202 0.473095
-0.410953 0.600046 0.568472
0.069757 -0.491709 0.571666
0.436807 0.386814 0.632447
0.619433 0.163829 0.39882
-0.8700290000000001 0.528269 0.29693
0.164637 0.520546 0.671763
0.059827 0.144213 0.763329
0.105615 0.776608 0.189973
0.194326 0.517954 0.696054
-0.9321430000000001 0.189792 -0.576204
0.82657 0.3604 -0.281014
-0.131149 -0.370325 0.101013
0.006803 -0.36734 0.507232
-0.278923 -0.046416 -0.758294
1.26536 0.109098 -0.379618
-0.04913 -0.428144 -0.329331
-0.012851 0.323005 0.669244
-0.080945 -0.020701 0.7790280000000001
0.63146 0.6904670000000001 0.509363
0.905539 0.303327 -0.242641
-0.213551 -0.292837 0.207495
0.289768 -0.122741 0.447863
1.092519 -0.20331 -0.360519
0.203562 0.523335 0.6969959999999999
0.280288 -0.584705 0.9179580000000001
0.178522 0.500816 0.678529
-0.948572 0.113534 -0.588932
-0.269013 -0.344423 -0.442364
0.292327 -0.164899 0.803267
0.059045 0.140445 0.76885
-0.616333 0.161831 0.394037
-0.115647 -0.533442 0.891117
0.732843 0.470309 0.382473
0.12575 0.360938 0.672084
-0.57926 0.442523 0.514192
0.388098 -0.690693 0.804565
0.13826 0.423144 0.659367
0.212815 0.634082 0.657979
-0.103245 -0.544885 0.725955
0.438269 -0.161921 -0.566045
0.554894 0.645528 0.158773
-0.72268 0.515106 0.39694
0.08001800000000001 -0.537723 0.598365
-0.985692 -0.204732 -0.262576
0.387422 0.375126 0.64176
0.438279 -0.543117 0.821638
-0.761999 -0.011991 -0.310576
-0.623049 0.528371 0.428817
-0.073279 -0.074304 0.806444
-0.645018 -0.144302 -0.370519
0.097111 0.168882 0.761077
0.118635 -0.515285 0.967522
0.880013 -0.143657 -0.183147
0.017289 0.784883 0.383703
-0.565007 0.213443 0.543249
-0.7968150000000001 0.083189 -0.359439
-0.011025 -0.540249 0.659599
-1.154192 0.01052 -0.662784
0.762749 0.563816 -0.309898
-1.136419 0.044176 -0.6776180000000001
-0.987008 0.00036 -0.499043
0.908574 -0.057812 -0.303883
-0.23709 0.402468 0.644126
-0.004726 0.172034 0.801437
0.904918 -0.195264 -0.216749
0.175308 -0.528146 0.958843
0.271734 0.836652 0.56304
-0.282253 -0.056027 0.416325
0.836911 -0.115691 -0.219205
0.303156 0.60656 0.659524
0.332835 -0.302864 -0.44992
-0.631015 -0.061076 -0.524593
-0.57058 0.122791 0.379594
0.9484320000000001 0.056391 -0.313063
0.812208 -0.021785 -0.287051
-0.135585 -0.413594 0.849214
0.272156 0.353478 0.664505
-0.51431 0.650389 0.452894
0.396614 0.487022 0.652353
0.27867 -0.029515 0.518379
0.303084 0.568292 0.678545
0.307782 0.368696 0.66548
-0.774157 -0.021779 -0.355641
-0.047478 0.120527 0.812694
1.24616 0.142933 -0.396318
-0.171701 -0.152319 0.588163
0.49737 -0.587525 0.665996
0.783018 0.216872 0.091479
0.492199 0.52904 0.582596
-0.529272 0.386105 0.559808
0.467926 0.56408 0.576261
-0.383972 0.671271 0.48806
0.370679 0.5227039999999999 0.671017
0.802891 0.086022 -0.207922
0.33071 -0.327337 0.511371
1.162057 -0.082537 -0.380058
0.439019 -0.722557 0.725173
-0.553436 0.630491 -0.047535
-0.146992 -0.228674 0.539653
0.666558 0.664658 0.015092
0.865192 -0.1004 -0.291112
-0.789587 0.49034 0.376013
0.017105 0.66134 0.587207
-0.56096 0.41788 0.536116
0.526191 0.731371 0.557347
-0.493059 0.80552 0.210599
-0.058653 -0.598286 0.931606
-0.796445 -0.085035 -0.240392
-0.814487 -0.093529 -0.255462
0.345873 -0.156146 0.257068
0.238472 -0.426629 0.926164
-0.167937 0.485234 0.609751
-0.762995 0.484802 0.392841
-0.125719 0.632347 0.597878
0.261575 -0.418825 0.917133
-0.112232 -0.269239 0.489571
0.5341360000000001 0.672141 0.579654
-0.562485 0.626007 0.273323
0.320771 -0.501551 0.868282
0.07724399999999999 0.155747 0.793885
0.255045 0.325388 0.631911
0.329577 -0.383463 0.872534
-0.914175 0.11323 -0.538274
-1.183887 -0.036523 -0.549355
0.15156 -0.452247 0.945879
0.770325 -0.121287 -0.149788
-1.112781 0.063342 -0.689457
1.204937 -0.048315 -0.361669
0.826882 -0.118176 -0.268224
-0.833994 -0.118773 -0.273401
-0.25279 0.4137 0.645338
-0.180369 0.438154 0.534929
0.725301 -0.030221 -0.088924
0.219459 -0.584846 0.937157
-0.91516 0.042677 -0.498453
1.301232 -0.018754 -0.377797
0.8447 -0.121457 -0.271899
1.179441 0.088325 -0.37071
0.422802 -0.250762 -0.394784
1.226512 0.053729 -0.397186
-0.336666 0.211439 -0.825094
0.119163 -0.5875359999999999 0.954966
-0.830126 -0.112255 -0.272637
-0.355708 0.258739 0.584587
-0.9562929999999999 0.09379700000000001 -0.601687
-0.123962 0.278929 0.712168
0.012372 0.025974 0.810998
-0.880406 -0.134577 -0.122891
0.388332 0.764611 0.124558
0.204615 0.304977 0.594251
-0.336362 0.103093 0.581328
0.290332 -0.064223 0.537469
-0.780094 0.170191 -0.496763
0.054231 0.143423 0.761213
-0.08262799999999999 0.159928 0.7620400000000001
0.276428 0.76934 0.576332
0.346588 -0.715011 0.787161
-0.011433 0.116224 0.842495
0.196923 0.022674 0.7785530000000001
-0.899915 -0.041181 -0.398828
1.002525 0.316542 -0.240458
0.206132 -0.245071 0.873797
0.716711 0.486976 0.195669
-0.090152 0.039139 0.754669
0.359276 -0.395899 0.857212
-0.496309 0.280595 0.53588
0.601519 0.519292 0.557205
-0.548094 0.616377 0.462027
0.264499 -0.482548 0.865244
0.700344 0.614636 0.470014
0.036024 0.061981 0.8414469999999999
-0.459266 0.677227 0.452299
-0.422935 0.693599 0.460952
0.269222 0.017246 0.540937
1.008307 0.204271 -0.303535
0.897723 -0.226905 -0.260511
-1.168587 0.005975 -0.626495
0.123761 0.6922509999999999 0.466751
-0.202152 0.669907 0.570868
1.157072 0.052937 -0.370325
1.172016 0.379694 -0.298121
0.327207 0.08640200000000001 -0.790664
0.033448 0.106012 0.844449
0.165571 0.890216 0.549329
-0.067383 -0.591566 0.740079
-0.141806 0.035983 0.665007
0.215129 0.466579 0.689083
0.037979 -0.480512 0.58234
1.272887 -0.007264 -0.360444
0.399932 0.643032 0.479088
0.96744 -0.180749 -0.246175
0.403065 0.8345089999999999 -0.003574
-0.314514 0.7611869999999999 0.322864
-0.394381 0.647209 0.394687
0.973808 -0.041068 -0.320557
-0.42266 0.426165 0.654287
0.406133 0.455323 0.647844
-0.910448 -0.102238 -0.313682
0.506585 -0.649355 0.703882
-0.543939 0.612322 0.460832
-0.088422 0.752081 0.520078
0.364695 -0.174653 0.186712
-0.103143 0.302143 0.6950769999999999
-0.3844 0.569092 0.603949
1.19946 -0.048186 -0.368872
0.11887 -0.656034 0.693435
-0.072106 0.830906 0.470197
-0.626323 0.514947 0.401628
0.579898 0.187402 0.521406
-0.359472 0.502562 0.647267
0.239908 0.799725 0.389391
0.260726 0.691781 0.593575
0.471425 -0.677003 0.615877
-0.727245 -0.034962 -0.145073
-1.077646 -0.136508 -0.307878
-0.591318 0.616675 0.427329
-0.560694 0.39697 0.543386
0.185888 0.512224 0.693493
0.336283 -0.405738 0.87677
-0.8282659999999999 -0.116646 -0.26456
0.364505 0.636574 0.5516720000000001
1.260414 0.059354 -0.394805
-0.017933 0.519133 0.619746
0.004698 0.146852 0.828295
1.330386 -0.002614 -0.439475
0.388304 -0.218921 0.629194
0.09002599999999999 0.542509 0.626125
0.476599 0.309722 0.609648
0.389802 0.531226 0.6407389999999999
-0.527107 0.605448 0.46026
-0.193892 -0.04061 -0.788712
0.490277 0.418606 0.57269
-0.377416 0.75168 0.484599
0.022243 0.524149 0.49852
0.918621 0.245358 -0.329599
-0.63944 0.613533 0.398323
0.982421 0.207418 -0.281828
0.216664 0.751623 0.374316
-0.267789 0.431683 0.616665
-0.655084 0.493698 0.447709
1.213054 -0.050409 -0.357222
1.042482 0.153297 -0.332712
-0.878096 -0.116031 -0.264714
0.331565 0.0343 0.486902
0.117693 0.794726 0.560057
-0.485624 0.706887 0.431323
-0.485634 0.321964 0.5981
0.236634 -0.444534 0.915127
-0.046345 -0.524647 0.669218
-0.15664 0.671805 0.465784
-0.049677 0.112033 0.795308
1.237971 0.331424 -0.311561
0.177858 -0.642813 0.915428
0.110711 0.088202 0.839421
0.041323 0.091407 0.84555
1.033405 0.325104 -0.252266
-0.195074 0.020286 0.544527
-0.942513 -0.127081 -0.192296
0.543753 0.418943 0.494955
0.261656 -0.499801 0.861657
0.31834 -0.35208 0.866884
0.060486 -0.060886 0.831624
-1.174569 -0.035255 -0.610532
0.171983 -0.422591 0.9399459999999999
0.274242 0.643648 0.618073
-1.111279 0.07387100000000001 -0.685509
0.7861669999999999 -0.011318 -0.365387
-0.849216 0.371382 0.295068
0.284532 0.031202 0.536266
0.443115 0.410212 0.617522
0.305688 -0.574061 0.910502
0.690905 -0.196239 -0.192892
0.981105 0.16138 -0.3078
0.13125 0.163617 0.760587
0.05417 0.140549 0.7691
0.036726 -0.334312 0.93262
0.35138 0.818256 0.526363
0.356888 -0.591114 0.882347
0.06229 0.622055 0.601256
0.310769 0.58345 0.669723
1.371362 0.09951500000000001 -0.418322
-0.257105 0.479298 0.60522
-1.231794 -0.02936 -0.551992
0.144128 0.602669 0.635507
0.282393 -0.533106 0.855262
0.358818 -0.717076 0.648131
-0.297546 0.5761849999999999 0.559356
-0.194126 0.561353 0.587902
0.15465 -0.66377 0.681171
-0.371216 0.626453 0.467583
0.247443 -0.368078 0.9044180000000001
0.246557 0.647905 0.641031
0.283042 -0.565679 0.913724
-0.438165 0.523872 0.62358
-0.470342 0.77751 0.213325
1.052251 -0.081858 -0.420593
-0.080932 0.126373 0.763841
-0.185288 0.6361250000000001 0.583604
-0.814506 0.174747 -0.434786
0.11917 0.45633 0.652552
0.214369 0.6808689999999999 0.563811
0.299945 0.451976 0.704164
-0.5213140000000001 0.644613 0.281446
0.731053 0.259119 0.267996
-0.354223 0.63728 0.518286
0.338068 -0.28334 -0.499853
0.473474 0.489051 0.581715
0.044975 -0.386282 -0.489368
-0.08476 0.325319 0.675851
-0.446817 0.30763 0.589399
-0.493956 0.735388 0.426395
-0.938022 0.146907 -0.721863
0.117301 -0.043965 0.817634
-1.217393 0.082417 -0.715564
0.09436600000000001 0.160798 0.802725
0.177166 0.630514 0.655585
0.324538 -0.667869 0.855444
0.143689 0.159798 0.746139
0.8203510000000001 -0.11389 -0.256502
0.120994 0.910375 0.542461
0.387823 -0.60483 0.859772
-0.456833 0.167418 -0.776878
0.106911 -0.008029 0.813086
-0.355078 0.7090610000000001 0.277072
0.193886 -0.361595 0.919939
1.025259 -0.044068 -0.34497
0.149548 0.603233 0.645407
0.421873 0.519477 0.613652
0.232413 0.429145 0.677335
0.308749 0.361831 0.666266
-0.077351 -0.045225 0.791658
0.067554 0.147442 0.790509
-0.980899 0.207749 -0.711641
-1.264876 -0.047224 -0.655494
-0.728951 0.68654 0.288391
-0.8604619999999999 0.207864 -0.56746
0.17855 0.692682 0.583044
0.248439 -0.565378 0.930775
-0.75331 -0.074007 -0.192371
0.440326 0.5964390000000001 0.575026
0.775674 0.531304 -0.02323
-0.607414 0.428117 0.502595
0.943309 -0.133537 -0.23639
0.077141 0.54718 0.586514
1.267267 0.232438 -0.337924
-0.822554 0.52504 0.34687
0.147042 -0.286185 0.9054759999999999
-0.835708 0.145521 -0.614333
-0.212851 0.487945 0.607216
-0.808321 0.281864 -0.321362
0.921302 0.291797 -0.213871
-0.610385 0.02015 0.196002
0.320395 -0.440445 0.895541
0.385958 0.689441 0.282351
-1.191294 -0.09270100000000001 -0.447344
0.664161 0.254983 -0.567246
-0.406706 0.76652 0.466977
0.568728 0.412939 0.573139
0.931876 0.32184 -0.247886
0.347257 -0.256741 -0.539461
-0.86236 0.402591 0.222611
-0.8424 0.493177 0.332448
-0.006077 0.090183 0.843126
0.146558 -0.447485 0.957014
-1.163097 -0.116151 -0.396989
1.229775 0.374625 -0.322944
-0.778151 -0.057721 -0.256586
-0.731342 -0.108598 -0.102196
0.365651 -0.337677 0.54014
-0.554028 0.83908 0.241614
-1.217744 0.020275 -0.752605
0.388496 -0.09955899999999999 -0.657666
0.86543 -0.114054 -0.27803
-0.155988 0.002523 0.637536
-0.0322 0.111218 0.834808
0.048684 -0.029174 0.820132
0.102254 0.414797 0.651339
-0.757964 -0.116233 -0.095803
0.209155 0.324615 0.612957
0.286957 0.486912 0.704403
0.8234860000000001 -0.106926 -0.259644
0.685245 0.57869 0.520361
-0.840827 -0.118918 -0.278569
0.08770699999999999 0.270262 0.70896
0.981344 0.008278000000000001 -0.322861
-0.257877 0.429534 0.6311560000000001
0.213796 0.344842 0.630305
0.1258 0.492474 0.6241139999999999
1.317641 0.114865 -0.347877
-0.716078 0.216491 0.319567
-0.519346 0.58205 0.539563
1.063568 0.161926 -0.339325
-0.258326 0.5665519999999999 0.571439
0.09063400000000001 0.165573 0.753379
0.833184 -0.122725 -0.270659
-1.165238 0.062436 -0.654332
0.236417 0.091886 0.664413
0.229139 0.004208 0.7594109999999999
-1.032582 -0.140345 -0.260968
-0.8637550000000001 -0.195066 -0.187872
0.81881 0.421546 -0.179856
0.368238 0.659236 0.58324
0.189703 0.032412 0.786413
1.082133 -0.110435 -0.378834
1.010742 0.158389 -0.321453
0.929114 -0.046812 -0.307873
0.058724 0.138164 0.776255
1.336935 0.236603 -0.336742
0.325898 0.134258 0.62393
0.313337 -0.492611 0.857796
0.334281 -0.114958 0.608168
0.206173 -0.6942469999999999 0.699342
0.101041 0.622438 0.59479
0.357032 0.645363 0.587923
0.8170190000000001 -0.028029 -0.278289
-0.76085 0.045509 -0.09458800000000001
-0.641749 0.477028 0.459069
0.7978460000000001 0.289176 0.061565
0.255762 -0.36553 -0.316498
-0.298529 0.535139 0.575561
0.259655 0.483354 0.7070380000000001
0.715769 0.510121 -0.447182
-0.983671 0.037184 -0.541981
-0.549026 0.358498 0.563215
-0.987521 -0.132788 -0.232542
0.116736 -0.414949 0.507724
0.38505 0.723373 0.579861
-0.405417 0.301168 0.6041339999999999
0.168173 -0.442985 0.914837
-0.92349 -0.166208 -0.147189
-0.806002 -0.057901 -0.301536
-1.022501 -0.11586 -0.398314
-0.728217 0.182666 0.2146
-0.399094 0.088369 0.497408
0.228342 -0.619329 0.919075
1.331066 0.046235 -0.370709
-0.060514 0.68427 0.418094
-0.864399 -0.189211 -0.242282
-1.095919 -0.120364 -0.451652
0.191629 -0.427108 0.934378
0.096397 0.54172 0.6222839999999999
-0.650303 0.124791 -0.648002
0.038721 0.9565709999999999 0.479182
0.316268 0.790268 0.413467
-0.765561 0.260687 0.315158
-0.052857 0.141416 0.76674
1.21808 0.19248 -0.386263
-0.797658 -0.067231 -0.266494
-0.022812 0.935963 0.446713
0.353637 -0.565871 0.889938
0.14972 -0.456675 0.93612
0.05389 0.221452 0.718064
0.127202 0.153671 0.810754
0.274353 -0.620866 0.596115
-0.638486 0.509279 0.372174
-0.9444129999999999 0.211816 -0.6738150000000001
-1.179625 -0.019576 -0.702974
-0.848001 -0.113164 -0.221192
0.614262 0.565168 0.55515
0.43101 -0.364426 0.756787
1.04807 0.243107 -0.3011
-0.128314 -0.500579 0.724898
0.391473 -0.436612 0.554756
-0.599779 0.5891189999999999 0.44325
-0.82042 0.355148 0.066826
0.111907 0.169078 0.794361
-0.237703 -0.035698 0.48445
0.481732 -0.545528 0.765826
-0.99078 -0.129661 -0.252215
-0.460463 0.082931 -0.749132
-0.8244899999999999 -0.068352 -0.328482
0.186246 0.643518 0.64581
0.380107 0.685128 0.569721
0.30495 0.483717 0.701956
0.184894 0.533255 0.691079
0.25685 -0.2387 0.411731
0.031443 0.479117 0.515495
0.643689 0.621966 0.547539
0.272367 0.895916 -0.164484
-0.957358 0.188036 -0.608279
0.580865 0.5120980000000001 0.562266
0.186163 0.755151 0.563177
-0.377759 0.542202 0.62339
-0.523529 0.622862 0.46532
0.798119 -0.106879 -0.217705
-0.313006 0.615487 0.441015
0.474263 -0.720747 0.665036
-1.146101 0.146183 -0.773241
-0.163833 0.6663829999999999 0.569263
-0.249579 -0.286705 -0.5700229999999999
0.154565 0.6046280000000001 0.6588310000000001
0.06829 -0.679133 0.780298
0.212564 0.458423 0.6820079999999999
0.412437 0.418484 0.642242
-1.135774 0.06539499999999999 -0.671794
0.145127 -0.477885 0.904731
1.300206 0.052636 -0.355692
0.7262729999999999 -0.150067 -0.32091
0.298965 0.014802 0.49635
0.435362 -0.059895 0.263106
0.162538 0.880289 0.39667
0.729278 0.445972 0.304969
0.034261 0.703766 0.576028
-0.506678 -0.000665 -0.675942
0.5009169999999999 0.688089 0.386439
-0.395921 0.282493 -0.811414
0.342336 -0.147777 0.578887
-0.258623 0.416775 0.642477
0.719925 -0.034982 -0.067067
-0.27748 0.359174 0.629383
-1.043401 0.03681 -0.587085
-0.7974329999999999 0.276893 -0.369529
0.50222 0.667334 0.34938
-0.648968 0.437075 0.481434
-0.861468 -0.09790500000000001 -0.317878
-0.358491 -0.269226 0.00486
-0.475361 0.54328 0.593975
0.49582 -0.653158 0.738712
-0.138823 -0.518112 0.806796
-0.570894 0.60205 0.454134
-0.760622 0.251172 0.281274
-0.279118 0.460106 0.618182
-0.096918 0.688931 0.576834
0.576811 0.7494 -0.317303
0.425468 0.575228 0.562746
0.593556 -0.174929 -0.337547
1.042284 0.284462 -0.35954
0.159806 0.7609590000000001 0.560772
0.216849 0.6847490000000001 0.587192
0.592943 0.6485069999999999 0.387166
-1.062567 0.178584 -0.792743
-0.29853 0.551677 0.553653
0.5082680000000001 0.403539 0.5508729999999999
-0.5707449999999999 0.388817 0.546714
1.270488 -0.086978 -0.396865
0.26026 0.020172 0.627156
-1.039998 0.007197 -0.537704
-0.001227 -0.025817 0.816767
-0.184971 -0.265312 0.307271
1.032426 0.343024 -0.248953
0.137539 0.46024 0.637524
0.164937 0.141572 0.769568
0.173847 0.650803 0.606915
0.7872130000000001 0.138963 -0.032168
-0.770434 0.388154 -0.399267
1.202627 0.242542 -0.413973
-0.667291 0.187071 0.358142
0.667099 0.622933 0.418856
-0.5921920000000001 0.601506 0.304929
-0.819476 0.219696 -0.154294
-0.306981 0.381858 0.650275
-0.243256 0.436598 0.6335
-0.381579 0.668423 0.219292
0.313085 -0.472601 0.868639
-0.328093 -0.335654 -0.354387
0.220971 0.819069 0.574311
0.34215 -0.728934 0.69512
0.193008 0.698727 0.583402
-0.690356 0.520327 -0.400361
-0.770582 -0.044214 -0.447458
0.177384 0.838757 0.569682
0.495176 -0.540677 0.700121
0.364491 0.542002 0.666371
-0.330247 0.632274 0.527045
-0.247525 0.493865 0.607947
0.425963 0.394786 0.626672
0.516958 0.606347 0.564452
0.112985 0.52262 0.615208
-0.372983 0.593462 0.543632
-0.107084 -0.56287 0.8998429999999999
-0.674704 -0.166496 -0.270484
-0.383138 -0.240772 -0.525509
0.051469 0.691639 0.5774010000000001
-0.172511 0.651961 0.377366
-0.826533 0.182931 -0.456781
-0.723927 -0.147414 -0.314559
0.929579 0.310618 -0.273486
-0.034104 0.079378 0.8085830000000001
0.144036 0.151437 0.746868
-0.148028 -0.234109 0.424923
0.212405 -0.549852 0.909689
-0.576053 -0.113759 -0.497718
0.370922 -0.440319 0.863146
-0.127829 0.012435 0.704022
-0.946713 0.09760000000000001 -0.702495
1.329455 0.303807 -0.374312
0.180127 0.723776 0.569172
-0.831314 -0.005061 -0.407169
-0.746277 0.00923 -0.213158
0.828528 -0.09736599999999999 -0.261362
1.356895 0.178314 -0.351801
-0.354412 0.805233 -0.306876
0.08565200000000001 0.631571 0.5990760000000001
0.721606 0.315601 0.444188
0.794335 0.016062 -0.254978
0.079745 -0.688254 0.810837
-0.914597 0.079989 -0.535311
-1.1985 0.077663 -0.786398
0.285017 -0.469234 0.866605
0.296343 0.09227399999999999 0.607606
1.014159 0.192964 -0.314136
0.913064 0.026069 -0.307505
-0.767571 0.649191 0.251907
-0.445534 0.203299 0.6017439999999999
0.395472 0.778108 -0.454018
-0.509634 0.362102 0.588726
-0.985105 -0.19792 -0.225998
0.008002 0.168973 0.802756
-0.865389 0.576924 0.23754
0.626138 -0.029578 -0.503394
0.311213 -0.710704 0.80838
1.042131 -0.13156 -0.337522
0.263988 0.00872 0.565119
-0.05482 -0.198016 0.863247
0.34304 0.28277 0.60811
-1.238507 -0.070576 -0.506966
0.09607599999999999 -0.261935 -0.6710970000000001
0.208641 -0.547183 0.945929
0.55583 -0.016692 0.19904
0.168158 -0.500598 0.890915
0.056112 0.49657 0.558763
-0.392679 0.136638 0.58816
-0.479463 0.663233 0.199832
-0.482754 0.340743 0.5852579999999999
0.618075 0.403777 0.55176
-0.183126 0.536155 0.59573
1.133353 0.181016 -0.363727
0.38784 -0.535627 0.86625
0.034848 0.921678 0.397034
0.87186 -0.07449500000000001 -0.296554
-0.846706 -0.041674 -0.472574
-0.933088 -0.088389 -0.351749
0.108261 -0.49345 0.9672230000000001
-0.770814 0.00468 -0.326367
-0.763866 0.655554 0.314191
0.891356 -0.11972 -0.236413
-0.598332 0.600901 0.271812
1.1724 0.124686 -0.365851
0.841973 -0.20559 -0.198755
0.621469 -0.035227 0.102712
-0.180996 -0.027685 0.558507
0.869999 0.135649 -0.241786
0.28091 -0.284174 0.133093
-0.689882 0.510062 0.418298
-0.334608 0.525849 0.627504
-0.879768 0.541928 0.211389
0.246845 -0.5607569999999999 0.898271
-0.449582 0.176527 0.587829
0.402845 -0.464505 0.843049
0.261507 -0.567997 0.9257919999999999
-0.631162 0.44283 0.486659
0.129166 0.765577 0.374722
-0.795805 -0.09864199999999999 -0.219365
0.024309 0.884467 0.381652
0.191907 0.781187 0.378337
0.367935 0.603 0.597027
0.205043 0.886764 -0.272559
0.157543 -0.493477 0.925729
0.378472 0.519656 0.666334
0.989646 0.039215 -0.323976
-0.647524 0.756701 0.32804
-0.155848 0.036919 0.62939
-0.6273879999999999 0.570252 0.277613
0.625437 0.2994 0.53648
-1.107546 -0.193852 -0.35672
0.152219 -0.498119 0.901044
-0.123478 -0.56058 0.863836
-0.424355 0.636074 0.489032
0.344904 0.04522 0.490418
-0.270501 -0.363606 -0.36707
0.25639 -0.029109 0.751378
-0.041074 0.104343 0.820585
-0.813774 -0.062198 -0.309404
-0.26165 0.620719 0.551441
0.11843 0.682701 0.586406
-0.253873 0.452673 0.618142
0.59256 0.409605 0.563673
-1.011555 0.07412299999999999 -0.6449859999999999
0.310043 0.170723 0.653406
0.146241 0.154993 0.802105
0.973265 -0.085352 -0.319635
-0.370098 0.576572 0.58632
0.375123 -0.7306319999999999 0.67233
-0.803453 0.188468 -0.358734
0.080814 0.021753 0.830388
-0.504298 0.432626 -0.746721
-0.179415 0.03171 0.575564
-0.661686 0.28207 0.494992
0.8148 0.304164 -0.375579
-1.032625 -0.132177 -0.295095
0.782336 -0.141977 -0.141556
0.428741 -0.585522 0.575462
-0.772936 0.077163 -0.195057
0.85578 -0.064292 -0.292267
-0.113304 -0.6059870000000001 0.81939
0.162985 0.135041 0.751479
-0.029719 -0.317235 0.433991
0.307722 0.720365 0.246168
-0.364287 0.6185850000000001 0.515889
0.926779 -0.149891 -0.213758
0.07834099999999999 0.719818 0.5686909999999999
0.30984 -0.519354 0.855522
-1.101094 -0.17631 -0.303877
0.428512 -0.607917 0.828382
-1.082724 -0.143972 -0.297323
0.311229 -0.412275 0.893863
0.261856 0.553053 0.693439
0.812696 -0.11277 -0.235768
0.004362 0.907409 0.397304
-0.816454 0.113544 -0.395795
-0.821727 0.5501470000000001 0.34409
-0.889026 0.047471 -0.481528
-1.053093 0.117778 -0.676952
-0.489583 0.600057 0.543188
1.320631 -0.031428 -0.410791
-0.022124 0.175205 0.77571
1.285641 0.10426 -0.350245
0.313426 -0.540735 0.884842
0.771187 -0.031318 -0.215008
1.025804 -0.220934 -0.332955
-0.456715 0.120617 0.529299
0.780868 -0.002003 -0.240901
0.25781 -0.080285 0.783423
0.682169 0.671009 -0.039628
0.294395 -0.556974 0.8915110000000001
0.370069 -0.727896 0.743487
0.547324 -0.108071 0.057714
0.049041 0.144448 0.763892
-0.45049 0.346253 0.619559
-0.257577 0.233673 -0.845739
1.113525 0.126207 -0.346345
-0.452647 0.635875 0.477155
-0.344419 0.404315 0.648634
-0.893257 0.135673 -0.499192
-0.779142 0.435364 -0.088936
-1.083792 0.119374 -0.689747
-0.157891 0.413579 0.631124
-0.402655 0.258952 0.573062
0.123049 0.215697 0.733714
-0.146741 0.513978 0.6074040000000001
-0.223291 0.392132 0.644943
-0.263187 0.033299 0.511758
-0.520305 -0.163436 -0.457459
-0.123216 0.683836 0.501475
-0.340779 0.076296 0.517693
-0.517467 0.35704 0.565009
-0.5149280000000001 0.473522 0.60084
0.403263 0.075223 0.52197
0.323403 -0.729276 0.74266
-0.478827 0.35875 0.603584
0.077711 0.561319 0.621669
-0.962995 0.08494 -0.603651
-0.559546 0.627858 0.446876
0.9086920000000001 -0.072049 -0.300832
0.971581 -0.16547 -0.244275
0.347491 0.43828 0.682678
-0.106611 -0.011254 0.746777
-0.661397 -0.050558 0.043048
0.182532 -0.242499 0.879557
1.236282 -0.060934 -0.359725
-0.120401 0.399888 0.636541
-0.366162 0.395704 0.647238
1.09288 0.1174 -0.341855
0.140628 0.466324 0.633722
1.144914 0.11831 -0.354922
-0.807231 0.444634 0.068144
0.300495 0.68875 0.494138
0.599363 0.7080340000000001 -0.375694
-1.023998 0.11264 -0.659897
0.304382 0.438223 0.696338
-0.911859 -0.081418 -0.351726
-0.195163 0.05338 0.59082
0.812937 0.384455 -0.026244
0.136297 0.683663 0.585858
1.092659 -0.046577 -0.374061
-0.305043 0.514298 0.600709
-0.5458499999999999 0.537505 0.5472
-0.268985 0.405852 0.647226
-0.836914 0.603739 0.271084
0.089147 0.14011 0.823525
0.111382 0.736384 0.563379
0.822657 -0.029214 -0.286725
-0.703372 0.520716 -0.329508
0.633868 0.648745 0.422018
0.388355 -0.294164 0.778447
0.160843 -0.114185 -0.767108
-0.080932 0.790905 0.510449
0.622949 0.147932 0.354052
-0.343718 0.557798 0.583441
0.021097 0.162663 0.80719
0.2626 -0.573827 0.926423
0.315546 -0.126149 0.539231
-0.514213 0.595596 0.503036
-0.327013 0.80281 -0.387381
0.493637 0.090684 0.445406
1.335973 0.168049 -0.43269
-0.015204 -0.600918 0.945999
0.265858 -0.350702 -0.390414
0.334381 0.806832 0.568452
0.357835 0.578881 0.639781
0.622186 0.654419 0.5572589999999999
-0.165838 0.053467 0.624281
-0.765752 0.060001 -0.220925
0.172164 0.633871 0.64945
0.23939 -0.153178 0.827932
0.397472 0.302121 0.636622
-0.367537 0.496264 0.6501130000000001
0.283508 -0.046781 0.539039
0.668308 -0.177538 -0.29692
0.2894 -0.459183 0.876059
-0.585768 0.387287 0.497714
-0.380824 0.652987 0.337914
0.303921 0.003185 0.488625
-0.875443 0.097076 -0.47459
0.111671 0.146444 0.8183319999999999
-0.260997 0.49388 0.598294
0.621206 0.591092 0.222239
-0.38043 0.219693 0.635785
0.442361 0.511981 0.596152
0.259418 0.471571 0.70779
-0.530423 0.609514 -0.553416
-0.480306 0.343758 0.605064
-0.819783 0.329669 0.179173
0.274471 -0.5694939999999999 0.920922
-0.094137 -0.156826 0.824246
0.946111 0.13466 -0.299519
0.08131099999999999 0.107297 0.839191
0.9600919999999999 0.303587 -0.309378
0.762498 -0.010777 -0.20584
0.050653 0.149548 0.8004599999999999
0.044128 0.166076 0.741709
0.028522 -0.43674 0.556844
0.84817 0.084069 -0.358599
0.242292 0.481148 0.706687
-0.007121 0.175356 0.7929349999999999
-0.005827 0.057293 0.821802
0.997004 0.352786 -0.249238
-0.97067 0.110955 -0.615256
0.469762 0.75693 0.556886
-0.09406399999999999 -0.5286 0.920285
0.739779 0.428205 0.210831
0.743293 0.31757 0.271822
0.248664 0.494343 0.706057
0.421486 -0.651441 0.818021
0.978476 0.054872 -0.320401
-0.457391 0.11261 0.5042990000000001
0.298833 0.845122 0.493274
0.964113 0.339447 -0.239148
0.456874 -0.61918 0.7996760000000001
-0.506993 0.148762 -0.748619
0.883383 0.09693300000000001 -0.35698
1.10531 0.141489 -0.346143
0.272197 0.372567 0.670233
-0.8553539999999999 -0.118175 -0.25013
0.666598 0.662906 0.504337
0.368169 0.332073 0.636473
0.432997 -0.491154 0.820303
0.859809 0.206865 -0.205162
-0.236363 0.43291 0.634014
0.653463 -0.147889 -0.122304
-0.7756960000000001 -0.090868 -0.199207
0.304965 0.637444 0.606326
-0.936025 0.174354 -0.572308
0.078569 0.673998 0.585999
-0.400896 0.642979 0.42219
-0.458426 0.667319 0.46019
0.106239 -0.361525 0.461591
-0.491731 0.300035 0.554114
0.206624 0.620483 0.66544
0.011922 0.173972 0.741511
-0.624495 0.446773 -0.631479
-0.402894 0.804975 0.249437
0.89835 -0.120234 -0.26195
-0.20572 0.685015 0.416247
-0.821565 0.281538 -0.163872
0.449062 0.376258 0.611018
-0.984237 -0.09945900000000001 -0.382445
-0.5319970000000001 0.319158 0.530752
-0.043971 0.017866 0.792108
1.097478 0.197933 -0.35377
0.277661 0.608544 0.665612
0.284786 -0.553049 0.870861
0.154007 0.705692 0.578373
-0.469103 -0.227066 -0.283759
-0.804961 0.182632 -0.446075
0.297369 -0.08321199999999999 0.536319
0.363599 -0.283348 0.802055
0.499181 0.7093120000000001 -0.477763
-0.110543 -0.302461 0.556098
-0.485729 -0.149577 0.056916
0.242452 0.399844 0.656991
0.294996 0.336081 0.646069
-0.226392 0.283202 0.689209
-0.074043 -0.351993 0.564737
-0.305755 0.7938499999999999 0.378882
-0.160931 0.00856 0.606007
0.354876 0.671724 0.473033
-0.393784 0.869922 0.38188
0.036881 0.517717 0.622592
-1.152584 -0.111266 -0.40311
0.105232 0.121534 0.832972
-0.324282 0.466785 0.646464
0.825149 -0.113257 -0.201622
-0.428533 0.742599 0.454109
-0.360006 0.353486 0.6462869999999999
1.13293 -0.126601 -0.331113
0.999628 0.101397 -0.323171
-0.319697 0.184294 0.648409
0.315656 -0.083491 0.417766
-0.35107 0.486271 0.6554
0.055709 0.054672 0.8416439999999999
0.620965 0.174218 0.433884
0.131139 -0.343748 0.249773
0.248947 0.032763 0.692373
0.799971 0.462668 -0.040659
0.100745 0.572095 0.602535
0.166737 -0.192421 0.865716
0.156398 0.902482 0.414744
-0.8989200000000001 0.210457 -0.564711
0.857782 -0.172377 -0.175202
-0.208914 0.451224 0.620711
0.9056959999999999 -0.003244 -0.306581
0.169283 0.146412 0.749503
-1.145925 -0.146429 -0.5023840000000001
0.252928 -0.558268 0.884099
0.345035 -0.633995 0.869079
0.161398 -0.58207 0.950743
0.208396 0.051963 0.760744
-0.328089 0.40685 -0.815873
-0.834048 0.09747400000000001 -0.595747
-0.645882 0.492479 0.448573
1.188133 -0.04986 -0.407748
0.294595 0.466514 0.705357
-0.683996 0.14868 0.253249
0.661646 0.578256 0.536126
0.480394 0.507671 0.580924
-0.592285 0.367608 0.533659
0.259324 0.459842 0.706676
0.424905 0.665757 0.568249
1.12492 0.21025 -0.359424
0.90422 -0.043587 -0.305022
-0.4003 0.862574 0.410687
0.373188 -0.204641 0.106448
0.5939 0.702111 0.4841
-0.111573 -0.458287 0.672938
0.353215 -0.292242 0.532245
-0.684895 0.721734 0.324565
0.224482 0.024629 0.754419
0.187657 0.621929 0.662878
0.208235 0.571058 0.685167
1.331906 0.042571 -0.444959
-0.127639 -0.265769 0.400408
-0.833449 -0.127186 -0.100168
-1.229491 0.009188999999999999 -0.600867
-0.436299 0.87907 0.387945
0.0133 0.167246 0.768482
-0.745978 0.338651 0.426883
0.416755 0.37433 0.640883
-0.329507 0.538365 0.596568
0.357037 -0.687806 0.822757
0.214122 -0.392562 0.495108
-0.718171 0.202861 0.273585
-0.48941 0.434721 0.612814
0.210147 0.714302 0.435614
-0.991267 0.075457 -0.622659
0.861199 0.150092 -0.22918
0.407631 -0.617259 0.568526
-0.346626 0.498505 0.649494
-0.038325 0.125824 0.827871
-0.797715 0.5927249999999999 0.351288
1.021587 0.181237 -0.322652
-0.435541 0.56549 0.597518
0.696353 0.237107 -0.53712
0.110825 -0.384304 0.484732
0.35128 0.238344 0.568065
-1.177727 -0.053223 -0.569581
0.302762 -0.54026 0.863775
-0.268926 -0.335635 0.010149
1.324596 0.175523 -0.339409
-0.773477 0.020853 -0.509938
-0.188225 0.068351 0.617237
0.192051 0.421881 0.654009
-0.952144 -0.048232 -0.419587
1.182702 0.260195 -0.336004
0.067233 -0.372737 0.175603
0.057732 0.377399 0.656769
-0.050882 0.10786 0.787517
-0.445626 0.633273 0.458575
-0.682184 0.373083 0.476238
-0.172087 0.470598 0.4951
0.149692 -0.410486 0.502108
-0.825241 -0.109715 -0.21452
-0.021748 -0.193198 0.87399
0.289076 0.676807 0.5435950000000001
0.004358 0.762525 0.575407
-0.384921 0.651965 -0.649416
0.412022 0.316796 0.611341
-0.788945 0.623267 0.335886
0.412064 0.379353 0.638578
0.160806 0.443306 0.644491
0.183063 -0.405958 0.939199
0.043666 -0.507506 0.967499
-0.780389 -0.004765 -0.35642
0.206382 -0.400763 0.930524
0.424529 -0.216801 -0.509838
-0.088882 -0.421652 0.628586
0.101663 -0.498404 0.562032
-0.215024 0.657088 0.572018
-1.144953 -0.028799 -0.594758
0.465228 0.425308 0.611227
-0.41699 0.310771 0.627045
0.152604 0.056909 0.829302
-0.377921 0.633426 0.509624
1.223905 -0.05474 -0.356465
-0.874892 -0.116777 -0.24837
-0.07517 -0.485174 0.933256
0.248889 0.040186 0.662381
0.05158 0.820926 0.5612200000000001
-0.650702 0.69004 0.388931
-0.52424 0.550535 0.559523
0.184726 -0.701758 0.841296
-1.112755 0.100518 -0.687215
-0.490176 0.877148 0.260223
1.042864 0.328263 -0.331185
0.151704 -0.493587 0.963412
-0.838858 0.07481599999999999 -0.41721
0.448513 -0.635111 0.8038380000000001
0.128922 0.877282 0.382397
0.313854 -0.518611 0.860986
0.699657 0.52199 0.5066040000000001
0.337626 0.372185 0.653168
0.073687 0.541707 0.626422
-0.556853 0.349504 0.557302
0.180795 0.645052 0.621434
-0.189926 0.689839 0.538955
-0.776249 0.582746 0.36564
0.402178 -0.730817 0.7212150000000001
-0.012595 0.167652 0.751983
-0.897815 0.171247 -0.51577
-0.948402 0.21434 -0.6518389999999999
0.620355 -0.14086 -0.38623
0.9818 -0.142775 -0.256451
-0.797044 0.004226 -0.381513
0.4932 0.044895 0.356056
0.721903 -0.051823 -0.122069
-0.168959 -0.144138 0.5345529999999999
0.124229 0.827615 0.562913
-0.715317 0.401198 -0.528571
0.868718 -0.120128 -0.244555
0.695564 0.269352 0.455381
0.187235 0.115431 0.801446
0.366749 -0.42082 0.860576
0.210926 -0.536017 0.562149
0.350035 -0.479157 0.888278
0.09148000000000001 -0.582321 0.6274650000000001
0.791255 0.062515 -0.386956
0.002605 -0.504403 0.96329
0.101065 0.588102 0.598415
0.27942 -0.444593 0.900545
0.380558 -0.520836 0.548215
0.06973799999999999 0.074459 0.8441340000000001
-0.421542 0.699583 0.030461
-0.034918 -0.004202 0.801216
0.08704000000000001 0.432794 0.645215
1.301949 0.242338 -0.418459
-0.5712390000000001 0.7939349999999999 0.386597
0.154477 0.440191 0.6566689999999999
0.153376 -0.496922 0.909224
-1.078919 -0.1046 -0.457779
-0.419666 0.406576 0.6399319999999999
0.407713 0.085868 -0.743131
0.32956 0.674284 0.587158
-0.032935 0.7808310000000001 -0.5553979999999999
-0.284718 0.394387 0.6500629999999999
0.422762 0.294206 0.591771
1.224557 -0.138882 -0.413562
-0.704608 0.511357 0.407799
-0.544455 0.568611 0.505595
-0.31934 0.389197 0.631502
0.869007 -0.060309 -0.297647
-0.763731 -0.040458 -0.272801
-0.821416 0.004298 -0.407429
0.9557369999999999 0.160762 -0.293107
-0.814176 0.338744 -0.104052
-1.026244 0.100464 -0.664916
0.245007 -0.381593 0.493873
-0.806304 -0.041503 -0.452824
-0.784785 0.101862 -0.08948399999999999
0.273737 -0.724814 0.739127
0.069421 -0.118251 -0.784284
-0.105216 0.84665 -0.394027
-0.7511330000000001 0.158115 -0.529376
0.808518 0.208937 -0.060528
0.177613 0.131938 0.79415
-0.428876 0.658515 0.314727
-0.5898949999999999 0.825803 0.298982
0.490796 0.07441399999999999 0.408178
0.03498 0.054627 0.838626
0.326869 -0.527969 0.891235
0.117067 0.606566 0.605564
0.129691 0.740124 0.562317
0.478973 -0.577231 0.63015
-0.776883 -0.066014 -0.2389
-0.289795 0.617625 0.391024
0.065108 -0.013349 0.8150269999999999
-1.144439 -0.108652 -0.412609
-0.703642 0.674276 0.370492
0.134032 0.499649 0.641115
0.124956 -0.589747 0.616497
-0.019209 0.882904 0.4013
-0.5098510000000001 0.64005 0.466068
0.6828109999999999 0.5355259999999999 0.218351
0.004565 -0.325199 0.407067
-0.808229 0.344795 -0.276878
0.148216 0.7137790000000001 0.573218
-0.315806 -0.303042 0.009672
-0.388141 0.162929 0.608019
0.637094 0.573838 0.547919
0.08264199999999999 0.61472 0.603887
0.095065 0.793206 0.559704
0.785379 0.549973 -0.1724
0.020024 0.7190839999999999 0.303394
0.312008 -0.250547 0.492117
-0.526908 0.627226 0.466109
0.021859 -0.339574 0.453096
-0.159253 -0.200772 0.457479
-0.005518 -0.344135 0.482512
0.104649 -0.622197 0.6596340000000001
-0.455791 0.647273 0.474335
-1.1158 0.114398 -0.693356
0.307824 -0.06748999999999999 0.672221
-0.821 0.280649 -0.108808
-0.102115 0.687958 0.473396
-0.502495 0.39644 0.589468
0.084733 0.238751 0.71901
0.067899 0.49876 -0.818167
0.198898 -0.488281 0.540916
-0.710721 -0.175941 -0.18288
-0.359944 0.279582 0.600478
0.113151 0.6494220000000001 0.589712
0.31962 -0.54048 0.893755
-0.44121 0.6547460000000001 0.477101
0.023706 0.492204 0.6264380000000001
-0.62842 0.543245 0.354686
-0.493344 0.310619 0.592675
0.987328 0.19557 -0.294119
0.25958 0.442531 0.692854
0.22819 -0.388975 0.918781
0.353832 -0.420119 0.530265
-0.613787 0.393654 0.5169550000000001
-0.618725 0.461115 0.467015
0.205547 -0.543428 0.923941
0.992607 0.248096 -0.263542
0.351189 0.209803 0.647995
-0.821708 -0.138892 -0.088673
-0.005437 0.06361 0.828732
0.784428 0.139605 0.0008720000000000001
-0.356109 0.34522 0.646332
-0.683612 0.701609 0.234124
-0.421898 0.421319 0.650367
0.509015 0.443582 0.541548
0.519115 0.632132 -0.537235
0.123309 -0.561955 0.962416
1.023823 0.120776 -0.397325
-0.532068 0.870462 0.341941
0.842819 0.240292 -0.166233
0.280681 -0.255535 0.215086
0.462614 0.608241 0.573312
-1.174819 -0.122903 -0.395242
0.495783 0.005284 0.293957
0.824771 0.26101 -0.340581
0.071103 0.895829 -0.231991
-0.255493 0.178952 0.673108
0.155303 -0.498664 0.896011
-0.052341 -0.480022 0.64141
-0.426145 0.445544 0.6544410000000001
-0.771058 -0.036968 -0.327299
-1.036615 -0.021469 -0.5077739999999999
0.776021 0.566016 -0.238469
0.891478 -0.134143 -0.194378
0.796586 -0.18122 -0.156248
1.289772 -0.048147 -0.445887
0.131864 0.710724 0.574317
0.394355 0.004788 0.405726
0.283218 -0.180129 -0.661478
0.331401 0.423234 0.679813
0.54204 0.448419 0.581554
1.296125 0.326852 -0.325675
-0.343108 0.828943 0.350918
0.411659 -0.537949 0.8456939999999999
-0.162834 -0.187686 0.55959
-0.612865 0.699585 0.19637
-0.65957 0.377867 0.489177
0.152331 0.147723 0.807518
1.156495 0.354735 -0.288456
0.08667 0.901733 0.384347
-0.389435 0.612028 0.511436
0.384684 0.028281 0.443502
0.876033 0.270744 -0.204968
-0.163009 -0.248395 0.637216
-0.881464 -0.067359 -0.361931
-0.275715 0.399175 0.63124
-0.198015 0.411556 0.570064
-0.026264 0.153169 0.820558
-1.088171 0.148556 -0.7065940000000001
-0.246518 0.424884 0.639662
-1.190627 -8.6e-05 -0.586116
-0.173965 0.356579 0.661649
-1.038522 0.09401900000000001 -0.769539
-0.481768 0.33329 0.602393
0.476121 0.526274 0.577716
0.309779 -0.511281 0.852167
0.32356 0.444306 0.697716
-0.10895 0.02646 0.731916
0.194332 -0.691568 0.8617320000000001
-0.27098 0.741936 0.376057
-0.686733 0.525454 -0.18587
0.8099499999999999 0.074033 -0.22627
0.53549 -0.148277 -0.011162
-0.322903 0.579159 0.536469
0.836533 0.046983 -0.279152
0.550739 0.626138 0.211524
0.224171 0.726814 0.569783
0.376557 0.312777 -0.779049
-0.607931 0.634637 0.405822
-0.976619 0.177096 -0.7546
0.003303 -0.341018 0.929967
0.973662 0.173454 -0.298133
1.197928 -0.056888 -0.397674
0.161508 -0.671084 0.891334
0.207569 0.71025 0.5791190000000001
0.485383 -0.705668 0.652996
0.238964 0.066232 0.6645
0.281636 -0.0314 0.698546
0.168764 0.10948 0.826352
-0.106155 -0.604872 0.794408
-0.447143 0.624197 0.483125
-0.975707 -0.008125 -0.482275
-0.94291 0.141116 -0.575789
-0.313053 0.478407 0.63173
0.309477 0.832624 0.46658
-0.37272 0.576817 0.5922500000000001
0.495285 0.729059 0.451781
-0.783511 0.022501 -0.344392
-0.020273 0.175477 0.793485
0.011682 0.51812 0.620823
-0.852118 -0.07774399999999999 -0.339386
-0.254958 -0.381242 -0.194008
-0.470094 0.844217 0.419244
-0.527976 0.537133 0.5649960000000001
-0.18852 -0.346081 0.107634
1.026517 0.22322 -0.30245
0.306634 0.750765 0.191947
-0.340937 0.376312 0.6366810000000001
-0.36608 0.513272 0.641226
0.559151 0.445978 0.574582
0.308357 0.422137 0.683242
0.39952 -0.353277 0.575122
0.313479 -0.584076 0.905331
0.154747 -0.46556 0.899887
-0.565275 0.139693 0.424291
0.16442 0.659185 0.588909
-0.538396 0.586266 0.483806
0.857579 -0.119744 -0.268708
0.286553 -0.210449 0.827702
-0.798347 0.182415 -0.421574
-1.223794 -0.065744 -0.5004459999999999
-1.076835 -0.030961 -0.527964
-0.621009 0.583914 -0.178221
0.295883 -0.110632 0.498744
0.833221 0.16513 -0.195932
0.308956 -0.157711 0.5072179999999999
0.547038 0.773356 -0.073132
-0.850077 0.515046 0.160572
-0.997887 0.041839 -0.558182
1.077203 0.182007 -0.345961
-0.443742 0.446403 0.647539
0.101024 0.4789 0.610859
-0.479367 -0.112191 0.131417
-0.954406 -0.122894 -0.23447
0.137497 -0.04355 0.814195
0.403685 -0.211869 -0.545301
0.07134500000000001 -0.6651 0.893624
-0.079319 0.096563 0.764827
0.621329 0.597176 0.310409
-0.322177 -0.347034 -0.272218
-0.746275 0.438209 -0.419499
-0.559657 0.851514 0.269758
0.210674 -0.567558 0.944875
-0.9428879999999999 0.036988 -0.513751
0.216557 0.517203 0.700242
0.660343 -0.027976 -0.47027
0.394562 0.634033 0.583751
-0.972696 0.075727 -0.600398
0.174126 0.44941 0.658571
0.114691 0.66662 0.589091
-0.463319 0.634601 -0.603989
0.33153 0.6209750000000001 0.609498
-0.797003 0.399986 -0.221057
-0.754619 0.06973699999999999 -0.545259
0.168292 0.633767 0.635529
-0.02863 0.051054 0.797405
1.233088 0.111348 -0.391947
0.35394 0.640382 0.584462
-0.420116 -0.218074 -0.512886
0.002078 0.730861 -0.632549
-0.01568 0.101459 0.84258
-0.243307 0.599027 0.562972
-0.483714 0.591383 0.555756
-0.628257 0.5146269999999999 0.432018
1.267111 0.120744 -0.368779
0.451351 0.430819 0.604147
0.999868 -0.054387 -0.333293
-0.807582 -0.008494 -0.393851
0.229261 0.7137250000000001 0.576334
-0.511365 0.139159 0.511316
0.418348 0.184341 0.606835
0.17797 -0.542465 0.570287
0.5169899999999999 0.552275 0.572415
-0.865824 0.148629 -0.6479279999999999
-0.115212 -0.413307 0.6483139999999999
-0.556593 0.134429 -0.717137
0.9259500000000001 0.286428 -0.302487
-0.843117 -0.053014 -0.366564
-0.045092 0.156529 0.759058
-0.379648 0.801422 0.268915
-1.062697 0.032735 -0.7194199999999999
-0.159106 0.436288 0.623355
-0.647684 0.506946 0.43948
-0.110578 -0.261891 0.847757
0.27199 -0.458929 0.8821290000000001
-0.758755 0.135493 0.079125
-0.466751 0.893795 0.337231
-0.849346 0.049067 -0.443503
-1.015174 0.057961 -0.606388
-0.188035 0.425432 0.627591
0.364383 0.176114 0.628825
1.35889 0.155711 -0.428371
0.419424 -0.7348479999999999 0.675206
0.010933 0.7442569999999999 0.388494
-0.410617 0.34731 0.624654
0.082037 -0.56545 0.964531
-0.509332 0.712394 -0.295918
0.513495 0.702691 0.106133
0.141247 0.677405 0.586238
0.289111 0.027977 0.5210050000000001
-0.871922 -0.03836 -0.390647
-0.560275 0.2372 0.5544790000000001
0.718025 0.285035 0.362343
0.831067 -0.028237 -0.293808
-1.140414 0.148154 -0.753479
0.315228 -0.505618 0.859021
-1.169542 -0.001738 -0.63239
-0.119322 -0.369292 0.624709
-0.457984 0.660019 0.466983
-0.634605 0.7195279999999999 0.214173
-0.215327 0.553739 0.583135
-0.375658 0.741832 0.26378
-0.647046 0.736809 0.237198
0.407678 0.383001 0.634721
-0.354643 0.527719 0.632509
-0.361858 0.631396 0.442995
-0.503804 0.823384 0.213857
1.091052 0.337165 -0.342999
0.159742 -0.489049 0.960023
-0.101259 -0.337653 0.579974
-0.259679 0.527347 0.59127
0.8149110000000001 0.29793 -0.013907
0.235676 -0.277764 0.407245
0.252123 0.042094 0.627676
0.262369 -0.5946090000000001 0.920693
-0.776775 0.441289 -0.155751
0.6793090000000001 0.535256 0.261054
-0.19371 0.1735 0.6979340000000001
-0.301754 0.744932 0.522481
0.581217 -0.099479 -0.480434
-0.429756 0.7661 -0.343276
-0.128015 -0.005521 0.710645
-0.045227 0.163719 0.784722
-0.241757 0.449444 0.627514
0.287207 -0.569459 0.916235
-0.5090440000000001 0.575869 0.552608
-0.190202 0.51268 0.471063
0.131259 -0.02216 0.809344
-1.010969 0.01425 -0.5281
-0.628926 0.574558 0.42957
0.055938 0.823948 0.372004
0.14908 0.12648 0.824572
-1.207539 0.08501 -0.699658
-0.834885 0.045169 -0.422178
0.139079 0.721482 0.358048
0.734993 0.076792 0.082998
-1.064551 0.160278 -0.808818
1.25887 0.06751 -0.384582
-0.516921 0.657761 0.442357
-0.026023 -0.030773 0.812882
-0.38703 0.8685580000000001 0.351932
0.309375 0.707724 0.290966
-0.753749 -0.083396 -0.177308
-0.472099 -0.183102 -0.488008
-0.748456 -0.029152 -0.24983
-1.119709 -0.020248 -0.5790419999999999
0.28921 0.386422 0.6691589999999999
-0.628054 0.60434 0.40734
-0.08497 -0.556376 0.926475
1.167956 0.013552 -0.385473
-0.720011 0.08903999999999999 0.118012
0.754239 -0.088683 -0.349146
0.339667 0.102076 0.591524
-0.26573 0.8384740000000001 -0.267936
-0.85215 -0.116394 -0.236247
0.907969 0.114457 -0.286958
1.255441 0.149776 -0.396314
0.050341 0.865148 0.557725
-0.489626 0.532298 0.592376
1.226692 0.136572 -0.389314
-0.59414 0.431833 0.496042
-0.792639 -0.048578 -0.321136
-0.109507 0.047692 0.728113
0.998291 0.230595 -0.277807
0.320872 0.655288 0.589821
-0.292057 0.320926 0.621228
-0.958815 -0.100399 -0.355657
0.151812 0.087197 0.833524
0.212903 0.696657 0.587434
0.065974 0.751241 0.378052
0.961513 -0.232108 -0.328114
-0.007257 0.735649 0.582167
-1.047578 -0.202866 -0.309535
-0.588574 0.6737919999999999 0.406922
0.369877 0.36172 0.654797
-0.179839 -0.065426 0.554442
-0.558675 0.625214 0.306263
-0.826963 0.367451 0.116989
0.220661 0.877127 0.536086
-0.646269 0.521083 0.432727
0.610059 0.688489 0.551164
0.439635 0.85048 -0.134857
0.60055 0.600007 0.561319
0.09903000000000001 0.6417580000000001 0.593952
0.11362 -0.377329 0.944782
-0.958572 0.024228 -0.509498
0.289452 -0.62958 0.894533
-0.63933 0.750665 0.357188
-0.723969 0.631423 0.377027
-0.267898 0.47808 0.589657
0.265461 0.079929 0.619856
0.159635 0.068421 0.82931
0.158851 0.69836 0.581515
-0.130413 0.723779 0.263061
0.218049 0.84833 0.056948
-0.114223 0.670077 0.578107
-1.043707 -0.195643 -0.357602
0.144908 -0.469125 0.914022
-0.15691 0.542721 0.601097
-1.197263 -0.1404 -0.408844
0.394255 -0.570348 0.5578689999999999
1.017006 -0.016866 -0.33747
0.315759 0.039828 0.512947
-0.472847 0.560183 0.584811
-0.247468 0.546758 0.5817639999999999
-0.24724 0.716213 0.195602
0.275893 -0.372584 0.496349
0.319328 0.382079 0.666421
0.43344 0.056747 0.436285
-0.526552 0.584198 0.523446
0.260367 0.009863 0.692182
0.361039 0.452645 0.683589
0.818211 0.065312 -0.241903
0.184916 0.643876 0.639551
0.262542 -0.43412 0.916899
0.130507 0.5575 0.6367159999999999
1.282146 0.318014 -0.320309
-1.174909 -0.058925 -0.57935
-1.032098 -0.134981 -0.276985
-0.482447 0.85809 0.237684
0.7083700000000001 0.494159 0.283116
-1.178861 -0.041774 -0.554998
-0.877876 0.038161 -0.465137
-0.994192 -0.128788 -0.272375
-0.813729 0.08464099999999999 -0.385872
0.887883 0.224258 -0.32924
-0.400826 0.579342 0.594364
1.300778 0.110774 -0.347319
0.242758 0.700434 -0.626096
0.175222 0.04426 0.811724
0.209608 0.710081 0.46288
0.033866 0.032622 0.823866
-0.044947 0.09028799999999999 0.794815
0.111016 -0.403811 -0.038873
0.143012 0.033153 0.825908
0.913724 0.150814 -0.265201
0.636114 0.666544 0.454034
0.128195 -0.373878 -0.479586
0.191947 0.475467 0.677107
0.514796 0.216749 0.574402
0.261423 0.681229 0.595393
-0.7737039999999999 0.615698 0.357948
-0.455062 0.881264 0.277382
-0.289025 -0.192792 0.255676
0.953406 0.009311 -0.315617
0.157231 0.676166 0.585014
-0.073495 0.04893 0.7698739999999999
0.145084 0.92116 0.438116
-0.782005 0.09809900000000001 -0.258824
0.159511 0.546481 0.676897
0.099359 0.045537 0.839899
-0.50986 0.595552 0.530979
0.183623 0.061793 0.815159
-0.605367 0.399648 0.522001
0.889661 0.242629 -0.211389
0.11964 0.046817 0.836867
0.194043 -0.559198 0.951013
1.127994 0.200785 -0.364427
-0.998898 0.055984 -0.585507
0.276103 -0.040625 0.731331
0.740846 0.358308 0.416896
0.516553 0.426397 0.595342
0.238455 -0.439041 0.921231
0.088807 0.524376 0.633624
0.247494 -0.006113 0.745147
-0.7883869999999999 -0.01449 -0.376257
-0.730382 0.560816 0.380915
1.03661 0.216866 -0.383044
-0.414562 -0.25301 -0.09256200000000001
-0.9986350000000001 0.007941 -0.514435
0.126484 -0.071085 0.826501
-0.554656 0.836677 0.366028
0.059804 0.326606 0.678934
0.584176 0.627785 0.567923
-0.88337 -0.112058 -0.283311
-1.135397 -0.141488 -0.343271
-0.455965 0.301446 0.610006
0.491608 0.140544 0.544066
0.277225 0.512781 0.701063
0.045185 0.7093930000000001 0.337299
0.374946 -0.287569 -0.389589
-0.138253 0.862468 -0.31186
0.214333 -0.427896 0.931798
0.716612 0.635269 -0.023904
0.481116 0.264122 0.603571
0.950043 -0.070572 -0.309094
1.257799 0.157809 -0.390935
0.329637 -0.214408 0.517827
0.432045 -0.322438 0.683076
1.115028 0.056605 -0.35586
0.997753 0.346119 -0.239935
0.148486 0.56276 0.657859
-0.681767 0.5535600000000001 0.075201
0.727804 0.448748 0.472167
-0.109396 -0.421112 -0.124136
-1.027546 0.001446 -0.523858
0.06612800000000001 0.49822 0.631815
0.151649 0.586421 0.664307
-0.33033 0.125067 0.605827
0.468857 0.524423 0.573919
0.68988 0.001251 0.074221
1.146874 0.301333 -0.381859
-0.083049 0.665361 0.420337
-0.120485 0.373806 0.648166
0.351177 -0.310822 -0.235261
-0.310188 -0.351706 -0.183037
-0.5476569999999999 0.517734 0.551604
0.249996 0.734463 0.568639
-0.983414 0.053028 -0.566536
0.293333 0.594836 0.668976
0.930023 0.119449 -0.297276
-0.377115 0.840094 0.298813
-0.234486 0.446187 0.628269
-1.194066 0.096132 -0.781309
0.868506 -0.156823 -0.176148
0.271352 -0.565813 0.918134
-0.933979 -0.100923 -0.332032
0.107534 -0.355997 0.938289
-0.230363 0.414627 0.638977
0.469397 0.543882 0.575213
-0.24942 0.037085 0.521164
-0.313855 0.497876 0.621095
-0.4639 0.058183 0.387868
0.182848 0.388767 0.6409629999999999
-0.8011819999999999 0.135703 -0.365133
-0.381017 0.857578 0.323509
-0.7433110000000001 0.270719 -0.522488
-0.423905 0.5777600000000001 0.591913
1.253621 0.162754 -0.435864
-0.131425 -0.290404 0.579836
0.043391 -0.414578 -0.033354
-0.047795 0.767572 0.576682
0.188681 0.108146 0.784004
-0.24914 0.320877 0.604008
0.548878 0.630216 0.305937
0.059684 -0.438304 0.961318
-0.263318 0.402442 0.649869
0.159326 0.5674129999999999 0.6752280000000001
-0.262924 0.430764 0.624285
0.965327 -0.12805 -0.303088
-0.031851 0.16417 0.762841
-0.464808 0.289261 0.605994
-0.323995 0.8023709999999999 0.463111
0.933419 -0.117948 -0.28894
-0.944967 0.084924 -0.579977
0.88554 -0.053188 -0.301646
0.605359 0.166405 -0.614773
0.489245 -0.542164 0.6643559999999999
0.298843 -0.549844 0.877485
-0.678279 0.564947 0.395793
0.233275 -0.405814 0.923105
-0.711102 0.428366 0.442532
-0.725159 -0.03283 -0.095169
0.285458 -0.416589 0.511618
0.288685 -0.500082 0.851305
0.246204 -0.109048 -0.736202
0.376718 0.536849 -0.697765
-0.223888 0.392132 0.599731
-0.58034 0.81206 0.362223
0.082755 0.397974 0.653069
0.685848 0.616391 0.08039
-0.129416 -0.45795 0.865965
0.009833 0.009015 0.808579
0.393366 0.8033090000000001 0.061599
-0.617305 0.342514 0.430115
0.290671 0.6773130000000001 0.59726
0.09697600000000001 0.149864 0.815476
-0.843926 0.428466 0.146848
-0.410115 0.645311 0.494044
-0.491051 0.64617 0.466567
0.082645 0.611376 0.56514
0.644163 0.393325 0.536395
0.47663 0.546725 0.578438
0.426081 0.608276 0.510369
-0.504583 0.455667 0.609581
-0.535361 0.611971 0.432518
-0.79604 0.541675 0.361775
0.602024 0.36805 0.558845
-0.410357 0.639269 0.49494
0.799789 0.013433 -0.268081
0.208611 0.505122 0.700529
-0.155699 -0.265869 0.781944
0.267354 0.62921 0.655261
-0.772492 0.04192 -0.313502
0.152048 -0.483805 0.89633
-0.311357 0.26633 0.590723
-0.289598 0.397058 0.645086
0.405777 -0.628064 0.83975
-0.16564 -0.164525 0.54667
-0.341297 0.021289 0.445229
0.807063 -0.056213 -0.240119
-0.398303 0.416183 0.6520049999999999
1.15227 -0.163192 -0.359201
-0.793416 0.171087 -0.513145
-0.233595 -0.062892 0.46708
1.039797 -0.163952 -0.409645
-0.044287 -0.368307 0.5531740000000001
-0.45579 0.473094 -0.7553029999999999
-0.6612440000000001 0.595526 0.125555
0.874393 -0.105283 -0.286246
0.7480019999999999 0.6026280000000001 -0.25836
0.759902 0.06887699999999999 -0.006296
0.389122 -0.632279 0.8478520000000001
0.103123 0.164851 0.745276
-0.393512 0.352622 0.636777
-0.433865 0.671166 0.09703100000000001
0.5048280000000001 0.329429 0.599383
0.833112 -0.013208 -0.298108
-0.051435 -0.037174 0.805072
-0.102351 0.656859 0.372363
1.040371 0.352966 -0.30235
0.508653 0.671309 0.162773
-1.205668 -0.150338 -0.426183
0.157116 0.585892 0.669412
0.034897 0.585164 0.606742
-0.8099460000000001 0.129179 -0.391144
-0.095968 -0.58716 0.906064
1.002655 -0.133464 -0.321038
-0.547044 0.315022 0.5648919999999999
-0.293162 -0.182011 -0.652048
-0.311032 0.591838 0.549105
0.178328 -0.25315 -0.649513
0.153985 0.6685680000000001 0.568011
-0.238522 0.057962 0.5616910000000001
-0.32033 0.242515 0.663323
0.202589 0.649447 0.629203
-0.621364 0.571558 0.434186
0.733192 0.007257 -0.018679
-1.1955 -0.061543 -0.498484
-0.371232 0.369683 0.625325
-0.983097 0.210173 -0.6891699999999999
-0.423898 0.433257 0.655985
0.16456 0.139652 0.750483
0.337761 -0.493864 0.892439
-0.341459 0.527145 0.6308049999999999
0.12034 0.926875 0.519691
-0.474214 0.36853 0.588359
0.376899 0.7833909999999999 0.445455
0.184888 -0.5207580000000001 0.949847
-0.165355 -0.169422 0.494542
0.087532 0.153093 0.8097839999999999
0.080649 0.522755 0.6325539999999999
0.654376 -0.191774 -0.247562
-0.831861 0.19497 -0.492549
0.096287 0.638592 0.556501
0.420871 0.397499 0.622241
0.018375 -0.397976 0.532058
0.6238899999999999 0.183567 0.462067
1.012484 0.084857 -0.327555
0.044483 -0.333085 0.372687
-0.751077 0.052407 -0.00611
-0.75692 -0.18095 -0.169675
0.428637 0.586396 0.567729
-0.340999 0.090487 0.558513
0.198081 -0.537766 0.892245
-0.400678 0.501367 0.643016
-0.508561 0.193522 0.566823
-0.302125 0.377296 0.652853
-0.641256 -0.091501 0.002191
0.483772 0.527891 0.580835
0.474838 -0.509424 0.765481
1.063109 0.049533 -0.343493
0.5083029999999999 0.483891 0.589512
0.116694 0.70529 0.5763509999999999
0.627221 0.442572 0.547721
0.342174 -0.574783 0.894483
-0.764498 -0.147508 -0.0795
-0.529265 0.568524 0.542585
0.845583 -0.21205 -0.296959
0.296685 0.631343 0.629727
0.210604 0.08598 0.739489
0.06593 -0.462377 0.964771
0.222747 -0.293825 0.8858200000000001
1.183554 0.28225 -0.323327
0.069884 0.504939 0.579294
0.139603 -0.32956 0.404485
-0.325577 -0.09132800000000001 0.327523
-0.12293 -0.498184 0.879879
-0.466388 0.435041 0.634735
0.255795 0.716854 0.5726020000000001
-0.555961 0.624187 0.45622
0.648496 0.529164 0.540049
-0.153711 -0.356409 0.782154
0.198323 0.68609 0.584385
-0.448317 0.616081 0.504354
-0.065555 -0.318155 0.340977
-0.169048 -0.071755 0.633053
-0.776971 -0.13382 -0.08107399999999999
0.208837 -0.543416 0.933609
0.166313 -0.49524 0.547081
-0.06526800000000001 -0.391495 0.589845
0.072922 0.599596 0.609583
0.028109 0.855364 0.558589
-1.104565 -0.12772 -0.443926
0.850209 -0.050332 -0.292864
0.36187 0.879653 -0.143341
-0.337535 0.373534 0.643095
0.379919 -0.718554 0.7656539999999999
-1.120428 0.127158 -0.7033469999999999
0.39909 0.776966 0.57229
-0.335529 0.329871 0.631202
1.102556 0.187086 -0.355419
-0.077295 0.65988 0.396324
0.332256 -0.1053 0.643719
0.112636 0.5815439999999999 0.613453
-0.162789 -0.007095 0.609582
-0.5921 0.623626 -0.343109
0.075863 -0.360415 0.942161
-0.315741 0.710603 0.5222059999999999
-0.606065 0.592342 0.438595
1.03579 0.304538 -0.260645
-0.125211 0.670583 0.344092
0.794418 -0.012276 -0.268186
-0.14763 0.667296 0.34231
-0.067271 0.153046 0.765385
0.369003 -0.177776 0.621438
-1.000749 -0.133608 -0.3372
0.227534 -0.468969 0.886399
0.359992 -0.564005 0.551915
-0.708779 0.501771 -0.040012
0.379485 -0.572222 0.872387
-0.753169 0.571586 0.374633
-0.43132 0.461658 0.649149
0.581943 0.145324 0.447552
0.63281 0.580359 -0.482696
-0.377617 0.794184 -0.222836
-0.840356 -0.119861 -0.270293
0.5948909999999999 0.668436 0.422327
0.085372 -0.13926 0.861747
-1.106863 -0.126946 -0.423527
1.031611 0.210905 -0.314584
0.373407 0.390135 0.6561900000000001
0.07342600000000001 0.618416 0.603895
0.655017 -0.089852 -0.419541
0.659063 0.20771 0.418438
0.433013 -0.014439 -0.68174
0.903487 -0.217156 -0.325673
-0.421078 0.415772 0.645242
-0.838701 0.138369 -0.43011
0.82483 -0.004359 -0.296494
-0.766633 -0.029149 -0.333442
-0.332628 0.287721 0.652939
0.120788 -0.431467 0.958331
0.256298 -0.562653 0.916832
-0.328287 0.471174 0.651752
0.253085 -0.657728 0.888509
-0.362205 -0.179028 0.167767
0.168932 0.385662 0.665637
-0.619299 0.598627 0.418491
-0.815662 0.599957 0.328933
0.188119 0.099402 0.767268
0.288564 0.662771 0.589051
0.03562 0.653314 0.588262
-1.121959 -0.08079799999999999 -0.514453
-0.417129 0.390782 0.635456
-0.833356 -0.07882400000000001 -0.319091
0.153508 0.566693 0.670415
0.286724 -0.678997 0.8598789999999999
0.065398 0.160992 0.749471
0.170431 -0.435006 0.925111
0.43999 0.607196 0.485773
-0.665504 0.53326 -0.109998
-0.134784 -0.304922 0.29052
0.731331 0.63261 -0.204229
0.741354 0.010578 -0.075363
0.064845 0.641231 0.595598
-0.9228229999999999 -0.116957 -0.224414
0.325943 -0.564296 0.554611
0.94051 0.195048 -0.257096
0.273329 0.386521 0.661123
0.285831 -0.427085 0.909098
-0.643977 -0.003676 -0.57297
0.272833 0.339374 0.662049
-0.785733 -0.039864 -0.359755
1.068589 0.331346 -0.265193
0.8101969999999999 -0.028415 -0.261033
0.283317 -0.309069 0.040894
-0.574387 0.416599 0.514678
0.225918 -0.482271 0.878507
-0.23375 0.005289 0.515396
0.779603 0.455993 -0.397093
-0.446325 -0.123719 -0.604657
0.246896 0.591927 0.678345
0.506965 0.507035 0.585331
-0.6570589999999999 0.508922 0.438154
-0.44439 0.394606 0.62539
-0.8008420000000001 -0.102837 -0.208028
0.790906 -0.114667 -0.165293
-0.28703 0.070352 0.550826
0.19457 0.832008 0.386311
0.173052 0.07277 0.825468
-0.424008 0.66889 0.474166
1.032725 -0.072764 -0.352505
0.199909 0.384047 0.667997
-0.147728 -0.054314 0.699825
-0.348099 -0.05208 -0.727336
-0.285496 0.6878030000000001 0.539535
0.142749 0.560146 0.648712
-0.816126 -0.035047 -0.37851
0.248818 -0.550356 0.875566
1.004039 -0.103918 -0.338013
-0.333861 0.596353 0.532341
-0.26891 0.420265 0.630502
-0.845458 0.555679 0.320875
0.274253 0.321504 0.662647
0.671444 0.312189 0.503227
-0.629845 0.501568 0.438125
0.272295 0.641951 0.628004
0.156311 0.049248 0.825749
0.259221 0.84609 0.432215
-0.227662 0.490182 0.608156
0.119875 0.643917 0.58762
0.347757 0.487359 0.689886
0.651832 0.568488 0.225172
-0.397506 0.671057 0.237329
0.307867 -0.500653 0.850225
-0.789562 0.015783 -0.358181
-1.052971 0.149755 -0.68472
-0.838631 0.031324 -0.544728
0.032686 0.608413 0.46715
-0.8083939999999999 -0.056844 -0.326658
0.384039 0.378378 0.636956
0.214992 0.690563 0.588026
-1.170264 0.014678 -0.622703
0.308279 -0.080237 0.7108449999999999
-0.599309 -0.006257 -0.606578
0.155821 -0.469948 0.947477
0.785512 -0.216746 -0.239268
0.593567 0.26783 0.549303
0.019764 0.163395 0.759956
1.148928 0.246948 -0.338361
0.9644 0.256254 -0.24142
0.399655 0.638611 0.582913
0.359842 -0.160979 0.6937179999999999
-0.725926 0.248653 0.405828
0.214351 0.411077 0.656647
-0.17533 -0.146089 0.630907
-0.376698 0.819217 0.280048
-0.153753 0.360828 -0.854078
0.83718 0.090349 -0.242692
0.289043 -0.556118 0.881278
-0.81268 0.154467 -0.408989
-0.350213 0.558906 0.591963
1.12569 -0.107945 -0.378039
0.137526 -0.449201 0.959992
0.699589 -0.141006 -0.130876
-0.983522 0.08354200000000001 -0.627623
0.690701 -0.144158 -0.33902
-0.365713 -0.276487 -0.483448
0.259486 -0.536096 0.8647319999999999
-0.265279 0.131312 -0.83319
0.2005 -0.542717 0.913361
-0.870715 0.069595 -0.473851
0.84479 0.284474 -0.251514
-0.114896 0.8088880000000001 0.074229
-0.9627559999999999 0.155488 -0.601588
-0.086768 0.873404 -0.102859
-0.804759 0.156157 -0.171315
0.407833 0.576318 0.583388
0.327682 0.433215 0.6870000000000001
0.146965 -0.462257 0.924951
0.430671 0.397735 0.627793
0.223521 -0.546616 0.8845190000000001
0.758308 0.21539 -0.469147
0.008904 0.166956 0.750078
-0.04405 0.156145 0.768737
0.069323 -0.329228 0.931905
0.808725 0.418796 -0.350796
-0.653446 0.665641 0.188495
0.033154 0.137594 0.832157
0.764729 -0.157267 -0.310901
0.171481 0.784776 0.5641080000000001
1.022589 0.143181 -0.326913
0.546843 0.634548 0.571445
0.345307 -0.5139049999999999 0.539788
0.662104 0.217168 0.446348
-0.4254 0.6478930000000001 0.486607
-0.813177 -0.059195 -0.336409
-0.613488 0.543403 0.429332
-0.83003 0.500019 0.13303
-0.420497 0.550704 0.61175
-0.143959 -0.478176 0.789062
-0.794068 0.281132 0.204424
0.392716 0.467645 0.65838
0.024524 0.12062 0.841316
0.127355 0.654896 0.586983
0.8481109999999999 -0.115564 -0.199068
0.885684 -0.10992 -0.278192
-0.759588 0.239078 0.236881
0.751505 0.520465 0.06737
-0.131819 -0.457019 0.700994
-0.6307700000000001 0.391334 0.42284
-0.725542 0.32363 -0.548274
-0.912779 0.06289400000000001 -0.517211
-0.925885 0.06851699999999999 -0.5366069999999999
0.260266 0.507061 0.703824
-0.148903 -0.315926 0.806545
-0.6016550000000001 0.69642 0.401761
-0.490204 0.577718 0.563061
-0.038068 0.80358 0.568051
0.166646 0.685207 0.583775
0.181643 0.579294 0.678739
-0.540434 0.569151 0.5177349999999999
-0.428536 0.606375 0.542835
-0.114936 -0.41476 0.884346
-0.550646 0.5152139999999999 0.544034
-0.776475 0.202499 0.112535
-0.06378 0.779748 0.560778
-0.058341 -0.434905 0.615177
0.273803 0.389396 0.655415
0.050309 0.151885 0.753324
-0.528954 0.855189 0.372461
0.146777 0.172417 0.7459519999999999
-0.452719 0.151707 0.57079
0.094725 -0.640368 0.925042
0.329551 0.747014 0.578633
-0.793381 0.217508 -0.4013
-0.130623 0.456406 0.619935
0.74171 0.435254 0.447978
-0.872315 -0.146077 -0.112239
0.314697 -0.530091 0.87177
-1.177582 -0.03262 -0.608302
-0.231562 0.040409 0.533339
-0.637107 0.49068 0.447849
0.679917 0.542345 0.302066
0.9659489999999999 -0.2167 -0.358053
0.817905 0.163251 -0.166541
0.050975 -0.331933 0.401951
0.062552 0.192221 0.729169
-1.266844 -0.090922 -0.553221
-1.019948 0.176153 -0.671565
0.291532 0.682237 0.595193
0.182423 0.67776 0.565075
0.273965 0.015117 0.524414
0.924238 0.010254 -0.309578
1.109066 0.175572 -0.354865
0.878848 0.274268 -0.266128
0.349527 -0.540556 0.894356
-0.563738 0.633005 0.435061
0.319729 0.617021 0.632335
-0.713905 -0.09776700000000001 -0.103522
0.25898 -0.254609 0.426514
-0.649834 0.538557 0.42739
-0.923401 0.21174 -0.598145
0.1749 -0.52507 0.898571
0.659592 0.580318 0.178988
-0.948678 -0.123856 -0.213213
-0.843543 0.162799 -0.447594
-0.08351500000000001 0.519566 0.6162879999999999
-1.118235 -0.126868 -0.355346
-0.304855 0.596202 0.550715
0.318307 -0.632536 0.881599
-0.512245 0.645103 0.461391
-1.037023 -0.159101 -0.241657
0.296098 -0.193634 0.476982
0.842166 -0.07650999999999999 -0.274734
0.394754 0.36581 0.648297
-0.165397 -0.175306 0.733609
0.177394 -0.366214 0.059435
-0.08275 0.67184 0.359316
-0.045073 0.159971 0.776284
0.867334 0.24145 -0.200751
0.261243 -0.439783 0.913594
1.221021 0.290412 -0.322968
0.111059 0.689674 0.58378
0.151203 -0.433139 0.9492159999999999
0.821729 0.137619 -0.373565
-0.405493 0.003794 0.365286
-0.791441 0.124669 -0.237195
-0.771501 0.244503 -0.457655
0.217528 -0.550915 0.919992
1.016964 0.115007 -0.326972
0.894979 0.011655 -0.305275
-0.408008 -0.262432 -0.432758
-0.651933 0.086961 0.226828
-0.567357 0.529575 0.504403
-0.719916 0.00219 0.014694
-0.16418 -0.085201 0.679405
-0.424509 0.714175 0.456133
0.08638700000000001 -0.339885 0.320127
-0.444471 0.409917 0.630642
-1.135587 0.03073 -0.681311
0.1212 0.660682 0.588325
-0.189729 0.464796 0.614188
-0.964348 -0.017145 -0.464485
0.188666 0.56738 0.683667
0.579033 0.6665759999999999 0.57303
-0.123218 0.767745 0.164046
0.149696 -0.391566 0.9434399999999999
-0.208152 0.585843 0.5792310000000001
0.300132 -0.557407 0.900115
0.794336 0.214379 0.046715
0.147518 0.434548 0.662797
0.111432 -0.412578 -0.328197
0.232157 0.03555 0.737843
0.07365099999999999 0.148396 0.808189
-0.415428 0.465538 0.653233
-0.124624 0.68588 0.52925
1.24209 0.244986 -0.341357
0.08799700000000001 0.405055 0.567486
0.008167000000000001 0.266107 0.696868
-0.269829 0.652879 0.546049
0.184356 0.907794 0.474566
-0.750108 -0.007062 -0.264934
0.225387 0.49333 0.7041809999999999
0.29008 -0.171026 0.470182
-0.7658700000000001 0.221829 0.178722
0.516881 0.5151019999999999 0.476861
0.054527 -0.530261 0.968012
0.200657 0.680108 0.583684
-0.598507 0.404973 0.524575
0.733548 0.587182 0.033622
0.862071 0.103135 -0.254837
-0.318666 0.6741470000000001 0.277945
0.181024 0.41131 0.6711009999999999
0.39563 0.508455 0.646421
-0.113356 -0.587759 0.873909
-0.89511 -0.113989 -0.222692
0.314851 -0.194272 0.25901
0.8881019999999999 0.291052 -0.219296
1.044568 0.188354 -0.332364
0.83378 0.33012 -0.240573
-0.141967 -0.227447 0.49154
-0.776491 -6.999999999999999e-05 -0.342431
0.107645 0.523746 0.621703
-0.899097 -0.11974 -0.159897
0.980674 0.287121 -0.238367
1.123488 -0.105373 -0.366941
-0.330816 0.523874 0.622727
0.196407 -0.5330240000000001 0.93808
-0.520074 0.642765 0.313758
0.823697 -0.051132 -0.255946
0.287535 -0.033551 0.5943850000000001
0.083886 0.165642 0.764644
0.402626 0.06798 0.501414
0.031488 -0.42527 -0.331795
-0.354006 0.41905 0.652505
-0.93956 0.201448 -0.698696
0.22277 0.152848 0.697776
0.312445 0.051641 0.547701
0.961768 -0.213161 -0.271748
0.276898 0.649599 0.604032
1.280582 0.146172 -0.34967
-0.264984 0.763508 -0.53903
0.156898 0.544242 0.671488
0.662342 0.230112 0.470565
0.080319 0.029621 0.83513
-0.551589 0.258951 0.563833
-0.285747 -0.119941 -0.706461
0.149935 -0.520674 0.96428
0.148912 0.537601 0.6560009999999999
-0.473678 0.614885 0.494759
0.527618 0.452181 0.587728
-0.024928 -0.416138 -0.025924
-0.078666 0.060749 -0.852079
0.258506 0.395888 0.669963
-0.502277 0.882518 0.353166
-0.95388 0.060837 -0.554063
0.634667 -0.107914 -0.037102
0.7419289999999999 -0.044711 -0.173882
-1.032122 0.059088 -0.629911
0.010842 -0.189843 0.8798240000000001
-1.001638 0.06705700000000001 -0.61465
-0.607511 0.606529 -0.261275
-0.358383 0.630637 0.51893
0.452115 -0.381299 0.690185
-0.641774 0.378409 0.397915
-1.253356 0.018735 -0.711157
-0.577391 0.654325 0.412871
0.450293 0.101503 0.531639
-0.812607 0.344085 -0.22035
0.171705 0.566904 0.68
-0.190764 0.362498 0.568535
0.387074 -0.247812 0.74261
-0.320147 0.611753 0.539834
-0.331896 0.385372 0.644787
0.113915 0.07262200000000001 0.839735
0.08910899999999999 0.169234 0.772807
0.118971 0.476845 0.646299
-0.471777 0.644622 0.470493
-0.069896 0.271282 0.7114
-0.716646 0.006101 -0.522012
-1.265878 -0.003563 -0.638066
0.894012 0.285553 -0.211104
0.09798900000000001 0.938735 0.429478
0.674192 0.668577 -0.298679
0.186399 0.048853 0.801597
0.014641 0.081923 0.844505
-0.060987 -0.62309 0.911021
0.145347 0.149186 0.750503
-0.669966 0.339363 0.490168
0.671421 0.597973 0.130597
0.027506 -0.667397 0.787828
0.009218 0.171058 0.777174
0.227827 -0.574113 0.938317
0.134926 -0.23847 0.890875
-0.399799 0.421835 0.6571050000000001
0.583224 0.725217 -0.012348
0.239324 -0.371728 -0.14437
-0.60949 -0.067081 0.075533
-0.59209 0.409008 0.524456
0.833389 -0.057219 -0.265965
0.26874 0.001254 0.524407
-1.17823 -0.05751 -0.576005
-0.177441 -0.086754 0.555909
0.191633 -0.588635 0.595276
0.551779 0.307446 0.57906
-0.013474 0.08643000000000001 0.839314
0.93587 0.073307 -0.30867
0.247045 0.64366 0.647575
0.618633 0.652636 -0.431142
1.187343 0.195027 -0.381696
0.06067 0.578366 0.5534520000000001
0.882984 0.288291 -0.236833
0.951538 0.225091 -0.248308
0.255757 0.003031 0.721155
-0.216512 0.362804 0.655807
0.282187 -0.438944 0.906044
0.232845 -0.073513 0.795458
-0.176478 -0.402857 -0.110491
0.343967 -0.149355 0.726217
-0.222614 0.5227540000000001 0.5111329999999999
0.189543 0.667205 0.586086
-0.301608 -0.231706 -0.600312
0.274649 -0.556444 0.8751640000000001
-0.032971 0.162805 0.808947
-0.884224 -0.007893000000000001 -0.427351
0.130414 0.383121 0.5989449999999999
0.800427 0.040401 -0.240851
-0.9122710000000001 -0.052316 -0.391319
0.364352 0.371431 0.647878
0.09075800000000001 0.897581 0.553737
-0.906384 -0.07076200000000001 -0.36521
0.651583 0.647748 0.06929399999999999
-0.012233 0.8666239999999999 0.5530040000000001
-0.37406 0.802979 0.47641
0.114904 0.762335 0.559294
0.723712 -0.067402 -0.140074
-0.314141 0.6489549999999999 0.523512
0.105923 0.873904 0.375183
1.151502 0.183763 -0.370007
0.532083 0.478242 0.582008
0.149282 0.585419 0.658585
-0.252761 0.510331 0.6
-0.897255 -0.060129 -0.375483
0.132742 0.464466 0.646375
-1.104536 0.17023 -0.780914
0.943893 0.197403 -0.356518
-0.015805 0.167988 0.759324
1.233314 0.083408 -0.394505
1.223796 -0.016046 -0.390158
-0.38242 0.47427 0.658002
0.161472 -0.559667 0.95763
-0.711495 -0.037814 -0.033422
-0.825836 -0.100472 -0.268798
-0.034183 0.882543 -0.271975
-0.306471 0.569337 0.550643
-0.483483 0.450713 0.625854
0.5527879999999999 0.779576 -0.256917
0.175688 -0.385149 -0.043423
0.12386 -0.611062 0.943024
0.017015 -0.646834 0.755643
-1.260092 -0.014494 -0.691261
-1.176117 -0.020746 -0.595869
-0.577591 0.574146 0.435789
-0.872243 0.107861 -0.465823
-0.771066 0.056395 -0.296464
0.331347 -0.512805 0.889137
0.013134 0.10511 0.845621
1.15441 0.158001 -0.363568
0.439659 -0.692697 0.77294
-0.070525 0.777631 0.454286
-0.297996 0.560161 0.54471
-0.165596 -0.260663 0.73627
0.248825 0.677418 0.564258
-0.440479 0.648455 0.479872
0.525078 -0.18029 -0.079689
0.267654 0.002972 0.59362
-0.029804 -0.34604 0.276887
-0.410896 0.682162 -0.587297
0.151812 0.620537 0.629905
0.09379800000000001 0.626961 0.59758
0.209914 0.699173 0.515786
1.369397 0.098688 -0.390398
0.7374270000000001 0.393492 0.331964
0.151942 0.473564 0.6504
0.8986499999999999 0.13308 -0.265018
-0.773963 -0.039135 -0.339788
-0.391721 0.774258 0.253045
-0.664857 -0.167928 -0.142536
-0.43139 0.60663 0.557499
-1.060765 0.189943 -0.747815
-0.242683 0.05389 0.54661
0.778967 -0.022482 -0.229766
-0.839475 -0.108455 -0.290441
0.442567 0.123779 0.557375
0.167265 0.700863 0.490614
0.13265 0.08772199999999999 0.836728
0.244693 -0.51895 0.867219
-0.576017 0.605783 0.452937
-0.355232 0.84174 0.408792
-0.349961 0.604549 0.508575
0.347331 -0.362417 0.852452
-0.094045 -0.292089 0.387466
-0.171397 -0.043049 0.588159
0.150871 -0.448842 0.952577
-0.745154 0.012444 -0.510046
-0.10607 0.696572 0.555073
-0.436505 -0.254204 -0.280497
-0.388854 0.59015 0.5739919999999999
0.389318 -0.214074 0.66645
-0.774485 0.464906 0.02304
1.057791 0.215692 -0.326596
-0.601943 0.755788 0.21603
-0.20001 -0.401095 -0.300705
0.259873 -0.518474 0.861585
0.299582 0.7614030000000001 0.385995
0.09715799999999999 0.669131 0.499288
1.265584 0.08654199999999999 -0.364495
0.269678 0.6416190000000001 0.6412639999999999
0.298028 -0.518914 0.847534
0.914529 0.10339 -0.295995
0.178749 0.153042 0.745553
-0.273709 0.421344 0.622951
-0.095954 0.553234 0.6112880000000001
0.200775 0.651274 0.618772
1.039303 -0.129944 -0.324745
0.671435 0.141139 -0.548458
0.489669 0.409562 0.609572
-0.53756 0.395812 0.5578689999999999
-0.666981 0.510043 0.434424
0.808176 0.036343 -0.255256
0.350443 0.581199 0.651803
0.766257 0.227241 0.147182
0.710597 0.334089 0.469091
0.278932 -0.559997 0.885402
-0.048147 0.062781 0.786643
-0.670221 -0.154987 -0.098914
0.375566 -0.21803 0.591422
0.382328 0.605769 0.578003
0.14785 -0.700318 0.760182
-0.637193 0.517987 0.432777
0.5373599999999999 0.161829 0.532573
0.235222 0.378467 0.670343
-0.794872 -0.020178 -0.380984
-0.028295 0.212584 0.732474
-0.050982 0.677381 0.372252
-1.173529 0.071754 -0.661162
0.275898 -0.450993 0.892002
-0.802083 0.390327 -0.03571
0.7926339999999999 -0.034743 -0.237397
-0.209559 0.434563 0.6268860000000001
-0.618851 0.235815 0.515355
-1.137321 0.036449 -0.681472
0.009024000000000001 -0.373436 0.18533
-1.094938 0.000681 -0.580532
-1.052902 0.011774 -0.553218
0.251729 -0.721496 0.784938
-0.524415 0.5842850000000001 0.53074
0.307916 -0.397257 0.890066
0.442026 0.332949 0.601834
-0.74114 0.6434609999999999 0.364435
-0.498806 -0.208919 -0.18582
0.6746220000000001 0.160887 0.282472
-0.351805 0.602762 0.52013
-0.35252 0.634858 0.417237
0.092263 0.072364 0.842364
-0.430419 0.775038 0.229682
0.17622 -0.328703 0.42259
0.48357 0.52841 0.524675
1.244895 0.011631 -0.410441
0.878126 -0.093638 -0.350773
0.509101 0.36116 0.59823
0.261097 0.686414 0.595928
0.428308 -0.7252960000000001 0.635108
0.159331 0.147485 0.802244
-0.554368 0.6674369999999999 -0.323992
0.576326 0.376324 0.570848
0.173351 -0.632157 0.635791
0.043652 0.6100950000000001 0.492715
-0.822536 0.164333 -0.429392
-0.025394 0.936602 0.476271
-1.037108 -0.136501 -0.373775
0.731578 0.630932 -0.07728
-0.779276 -0.025138 -0.364607
-0.963594 -0.06312 -0.409743
0.273039 -0.005703 0.660598
0.418204 0.6550240000000001 0.569079
-0.689491 0.00483 0.082788
-0.038131 -0.301312 0.905149
-0.82964 -0.105676 -0.183471
0.5519770000000001 0.382025 0.5806829999999999
-0.985926 0.196842 -0.653388
0.107339 0.538949 0.610911
-0.112302 -0.295108 0.348249
-0.794902 -0.100474 -0.172505
-1.256659 0.003592 -0.623827
-0.442958 0.457647 0.645496
-0.647374 0.348067 0.503202
-0.003422 0.817627 0.100485
0.388065 0.744302 0.584197
-0.356511 0.561311 0.604191
-0.089057 0.709082 0.470384
-0.755588 0.372725 -0.452277
0.358064 -0.327511 0.829048
0.808828 -0.043967 -0.246274
0.161964 0.026673 0.809623
0.945202 -0.08927300000000001 -0.304141
-0.121114 -0.272388 0.532987
-0.27154 0.586504 0.560445
0.005228 0.092372 0.845449
0.924865 0.106256 -0.365342
0.117126 0.171895 0.767786
0.284534 -0.046518 0.513421
0.4403 -0.097209 -0.622269
0.019378 0.821501 0.379815
0.9297339999999999 -0.123689 -0.278853
-0.733221 0.5446 0.104683
0.012832 -0.32976 0.430115
-1.191863 -0.032219 -0.545663
0.384703 0.052604 0.470773
1.063048 -0.061368 -0.36489
0.627628 0.694577 -0.000804
-0.279753 0.7254930000000001 0.345863
-1.043625 -0.183841 -0.252824
-0.098714 -0.29109 0.513883
0.381592 0.618805 0.574373
0.929323 0.167431 -0.266709
-0.8995109999999999 -0.020663 -0.421471
0.974986 -0.172544 -0.382747
0.434675 -0.589981 0.825043
-0.052385 0.037449 0.785112
0.129574 0.130452 0.826236
1.214337 0.246929 -0.345632
0.228422 -0.517906 0.872888
0.012653 0.03664 0.816322
-0.546054 -0.088599 0.104329
-0.814624 0.224988 -0.045306
-0.651946 0.059379 -0.613525
-0.499318 0.376946 0.573036
0.411648 0.647796 0.57331
-1.054479 0.063887 -0.67171
-1.102707 -0.094111 -0.486349
0.018608 0.9407219999999999 0.419724
-0.724832 -0.047946 -0.139649
0.278709 -0.563784 0.908156
-0.262794 0.5596989999999999 0.508765
-0.898106 -0.11637 -0.238982
-0.816953 -0.049507 -0.362543
-0.833246 -0.105552 -0.280444
0.044489 0.147109 0.769956
-1.106007 -0.188249 -0.324463
0.444979 0.333309 0.62526
0.248872 0.633198 0.6558619999999999
-0.078781 -0.6286929999999999 0.885415
-0.290989 0.579492 0.561453
0.289408 -0.06751500000000001 0.738294
0.132998 0.932995 0.464826
0.179828 0.017952 0.791791
-0.408806 0.832618 0.257526
1.213275 0.023663 -0.399212
-0.279724 0.560586 0.527693
-0.159311 -0.185696 0.508258
-0.036427 0.179644 0.748678
-0.842379 -0.067427 -0.348438
0.5794820000000001 0.445613 0.567393
0.083789 -0.06490600000000001 0.830929
0.138785 0.853232 -0.393156
-0.43976 0.862715 0.414667
0.183997 0.415239 0.669697
-0.8350379999999999 -0.096869 -0.288854
-0.142416 -0.324956 0.633699
1.316372 0.050795 -0.36106
0.107257 -0.416725 -0.14369
0.489619 0.487303 0.588162
-1.130314 0.008385999999999999 -0.638439
0.146695 -0.42969 0.953278
-0.128073 -0.043041 0.730752
0.274042 -0.178541 0.420145
0.771943 0.293766 0.158065
1.000531 0.172311 -0.314291
0.151115 0.437844 0.660868
-0.404096 0.676445 0.47711
0.332033 0.858822 -0.310848
1.052769 0.228098 -0.314664
0.13923 0.449756 0.655657
-1.020272 0.189085 -0.685022
0.764778 -0.157759 -0.138384
-0.250012 0.437898 -0.82254
0.38182 0.331239 0.648017
0.492801 0.370057 0.606506
-0.062352 -0.149786 0.842288
-0.759221 0.048626 -0.054777
0.178094 0.549936 0.685696
0.105607 0.162949 0.8024790000000001
0.903137 0.123897 -0.276473
-0.539123 0.646654 0.439639
-0.325823 0.6064000000000001 0.538817
-0.614416 0.530056 -0.545065
-0.815773 0.31628 0.129304
0.030512 0.898328 0.548787
0.3284 0.467832 0.698839
-1.032978 -0.168272 -0.419986
-0.804252 0.091684 -0.569327
-0.719353 0.5015540000000001 -0.175653
-0.540543 0.659682 -0.126643
0.50984 0.297556 0.526128
-0.737398 -0.004935 -0.132743
1.239987 0.174152 -0.391897
-0.042248 0.154047 0.809724
-0.551083 0.543858 -0.6128749999999999
0.259391 0.453031 0.703575
0.07765 0.391474 0.547325
-0.159754 -0.308094 0.7596580000000001
-0.596753 0.37227 0.476014
0.6649890000000001 0.627226 0.533834
0.169572 -0.657478 0.9048349999999999
-0.09341000000000001 0.719391 0.55237
-0.038526 0.721241 0.589438
-0.161475 -0.218195 0.757139
-0.269933 0.757177 0.405318
0.105662 0.17369 0.777654
-0.336596 0.540477 0.604513
0.566304 0.611943 0.567051
0.051349 0.582757 0.610235
0.162438 0.368285 0.668929
0.118622 0.695342 0.439313
-0.853291 0.077325 -0.441134
0.36225 -0.553352 0.88605
-0.293763 0.631671 0.53645
0.68115 -0.107171 -0.09988900000000001
0.619296 0.217029 0.509078
0.68348 0.554621 0.341024
0.046963 0.575359 0.53037
-0.076469 0.696434 0.443584
0.236731 0.385557 0.672629
0.962577 -0.006027 -0.317844
0.67448 -0.160696 -0.13504
1.21793 -0.136276 -0.392517
0.635648 0.681126 0.48321
0.369442 0.489438 0.681087
1.008557 0.004987 -0.331887
-0.745468 0.483527 -0.237687
-0.634002 0.562019 -0.098867
-0.552941 0.551107 0.512066
-1.135671 -0.117615 -0.470449
1.297333 0.087362 -0.446965
-0.534245 0.674845 -0.401645
-0.615337 0.7189489999999999 0.394005
-0.045369 0.240639 0.7235279999999999
0.506463 0.709709 0.58301
0.038209 -0.677463 0.818343
0.154069 -0.619444 0.9340810000000001
-0.7187789999999999 0.226622 0.355178
0.103697 -0.024282 -0.826862
-0.553059 0.569808 0.487003
0.225162 -0.709407 0.82631
0.259215 -0.625166 0.90724
-0.069108 0.126695 0.76975
0.215587 -0.149943 0.8361730000000001
0.318885 -0.570049 0.905817
0.667892 -0.09223099999999999 -0.05343
0.355354 0.600433 0.6133690000000001
0.756216 -0.096862 -0.17602
0.993046 0.184286 -0.30506
-1.091238 -0.160107 -0.461603
1.246499 0.018242 -0.398493
0.389017 -0.411751 0.838937
0.294904 0.02732 0.511938
-0.978851 -0.031059 -0.458601
-0.583828 0.8082780000000001 0.238976
1.131681 0.06980600000000001 -0.357148
-0.402725 -0.0405 0.309537
0.72797 -0.15045 -0.134033
1.157584 -0.175072 -0.380387
0.336049 0.375715 0.647998
0.056904 0.029383 0.8305900000000001
0.041863 0.6736529999999999 0.58264
0.181229 0.258366 0.714995
-0.493535 0.56787 0.568237
-0.488874 0.640778 0.468841
-0.49891 0.554906 0.573383
-0.939922 0.056228 -0.5350780000000001
1.263926 0.147043 -0.375178
0.453259 0.089449 0.50876
0.192874 0.353022 0.670592
0.54566 0.721803 0.482906
-0.804142 -0.04209 -0.367252
0.172235 -0.146457 0.847486
-0.299158 0.49192 0.613683
0.760518 0.585215 -0.067565
-0.173793 -0.098386 0.605696
-0.617673 -0.023257 0.131366
0.172705 0.59701 0.670786
0.872905 0.247289 -0.300631
-0.276258 0.506267 0.576059
0.894985 -0.120881 -0.249782
0.512296 -0.195427 -0.380126
0.341283 0.626008 0.592766
0.501359 -0.683357 0.675768
-0.451286 0.7444269999999999 0.442926
-0.488356 -0.124757 -0.5649420000000001
0.447765 0.5399929999999999 0.569309
-0.5381629999999999 -0.157902 -0.026091
0.094384 -0.531768 0.9681959999999999
0.308192 -0.429164 0.899986
-0.671645 0.171837 0.311578
0.2066 0.644621 0.649876
0.834452 0.26619 -0.122305
-0.444486 0.374829 0.619547
-0.451634 0.605533 0.556298
0.583964 0.29187 -0.632543
0.082385 0.354374 0.670179
-0.263939 0.418853 0.637271
0.83955 -0.122991 -0.264178
0.292098 -0.569028 0.562971
0.052814 0.140815 0.774406
0.25969 -0.204517 0.83933
-1.122429 -0.109412 -0.483509
0.455723 -0.728876 0.681048
0.143606 0.42999 0.661702
-0.311983 0.431866 0.64256
-0.918277 0.21568 -0.615496
0.135787 0.078828 -0.857214
-0.578952 0.479462 -0.652568
-0.122142 -0.382298 -0.479832
-0.552123 0.620346 0.460881
0.481544 -0.713939 0.693528
-1.162526 -0.17792 -0.404407
-0.451288 0.313972 0.614004
-0.640556 0.473906 0.394192
0.493483 -0.04126 0.226798
0.284624 -0.516967 0.851728
0.201256 0.09121 0.749577
0.03405 0.19368 0.72844
-0.191286 -0.406462 -0.209195
0.44593 -0.375208 0.725014
0.191437 0.408677 0.653989
-0.847276 -0.108867 -0.298833
-0.370386 0.323582 0.6258860000000001
-0.418256 0.297154 0.624731
0.723394 -0.123317 -0.137434
-0.015494 0.155078 0.82137
-0.772979 0.317897 -0.431316
-0.638673 0.504399 0.439203
0.237201 -0.258566 0.366374
-0.177244 0.668941 0.429169
0.598395 0.735046 -0.070509
0.437121 0.412838 0.613356
0.223585 0.388249 0.658212
0.109673 0.742412 0.252134
1.121917 0.110716 -0.348041
-0.300553 0.677495 0.260936
-0.59762 0.496398 0.474048
0.076151 0.636313 0.598631
0.719936 0.274384 0.321404
-0.207738 0.671378 0.38723
0.961845 0.327539 -0.280957
0.299667 0.504984 0.698852
0.485149 -0.60448 0.766895
0.375772 0.576979 0.617888
1.078527 0.027541 -0.352279
-0.043997 0.379948 -0.8604309999999999
0.925031 0.22696 -0.232021
0.4598 -0.689716 0.760288
-1.02436 0.019287 -0.541955
-0.430218 0.606802 0.550795
-0.002467 -0.58145 0.690476
0.786684 0.287787 0.105034
-0.900245 0.110015 -0.515012
-0.597751 0.767668 0.383483
0.122773 0.897243 0.390676
-0.8691680000000001 0.005077 -0.432182
0.184885 -0.458071 0.899247
-0.701174 0.12021 0.187333
-0.451492 0.25427 -0.792035
-0.442533 -0.205601 -0.011052
-0.396051 0.628472 0.501238
-0.890202 0.094596 -0.50244
-0.722191 0.668463 0.229594
0.458506 0.320972 0.61746
-0.026932 0.160004 0.814102
-0.480451 0.686706 0.438749
-0.842328 -0.119695 -0.256287
-0.633308 0.476198 0.457835
0.468604 0.198016 0.589097
-0.640201 0.413313 0.494678
-0.610688 0.574481 0.342845
0.009965 -0.265771 -0.680756
-0.078168 -0.632055 0.805341
-0.381251 0.590014 0.556835
-0.854785 0.110613 -0.440422
-0.5849299999999999 -0.179824 -0.246587
1.214984 0.158101 -0.386407
0.148699 0.508475 0.653317
0.593778 0.625228 0.164571
0.352542 0.631582 0.573291
0.418352 0.322359 0.634082
-0.538007 0.275716 0.572258
0.162985 0.691595 0.583148
0.047477 -0.526169 0.609298
0.798864 -0.013571 -0.278589
0.444375 0.71213 0.38706
-0.392681 0.646868 0.500622
0.695584 -0.184204 -0.15795
-1.133637 0.144999 -0.734509
-0.372978 -0.306109 -0.352303
0.457743 -0.478303 0.62391
0.8418330000000001 -0.037941 -0.293326
0.18617 0.078206 0.819623
0.44151 0.734379 0.419174
0.792362 -0.00182 -0.268016
0.150095 0.159773 0.789227
0.324042 -0.320928 -0.387779
0.338474 0.405888 0.67162
-0.441514 0.836799 0.237395
0.743046 -0.006397 -0.152703
-0.654361 0.627534 0.393586
-0.403833 0.763655 -0.421044
0.117492 0.489625 0.626956
-0.264708 0.048364 0.520572
-0.711211 0.652681 0.204191
0.307615 -0.069961 0.5990259999999999
-0.52933 0.874989 0.276373
0.48037 0.37961 0.613757
0.87738 -0.117296 -0.267744
0.354682 0.063106 0.53544
-0.743348 0.511535 0.062718
-0.03404 0.16775 0.770482
-0.806787 0.183007 -0.321446
-0.910581 0.189047 -0.545683
0.7067 0.462368 0.495568
0.105917 0.8642 0.5614130000000001
-0.109451 0.073006 0.7268
0.88351 0.11432 -0.265689
0.482706 0.6176739999999999 0.565808
0.332068 0.018412 0.476117
0.229251 -0.556244 0.916123
-0.580017 0.736213 0.200991
-0.718086 0.586939 0.144284
1.372816 0.170751 -0.410808
-0.27051 0.115082 0.62266
-0.286368 0.767296 0.488511
-0.33591 0.66351 0.510058
0.090419 0.610984 0.601894
0.470222 0.447979 0.598987
0.901946 0.041781 -0.304787
0.174365 0.900798 -0.195098
-0.202733 -0.387488 -0.384892
-0.538336 0.570161 0.526136
-0.761914 0.462168 -0.02936
-0.449912 0.596299 0.567526
0.429146 0.464003 0.627513
-0.232342 0.751807 0.124353
-0.735042 0.6056280000000001 0.172201
-0.680014 0.543838 0.405828
0.269102 -0.008302 0.56564
1.216782 0.21361 -0.370133
-0.053101 0.764014 0.428913
-0.600691 0.430103 0.499661
-0.177058 0.002531 0.560853
-0.496222 0.413515 0.598626
-0.137243 -0.490779 0.837116
-0.294028 0.758246 0.509302
0.144722 0.025304 0.820827
-0.123398 -0.164319 0.800015
-0.519655 0.59955 0.484214
-0.062893 0.725498 0.43784
-0.872269 -0.115271 -0.232928
0.178492 -0.395066 0.937217
0.852982 0.167359 -0.215635
-0.333881 0.639313 0.36377
1.167961 -0.162422 -0.42536
-0.8809630000000001 0.015221 -0.447728
-0.809867 0.485525 0.10225
-0.268326 0.544692 0.581865
0.474763 -0.203304 -0.07546600000000001
-0.764772 0.010313 -0.308277
-0.739594 -0.033226 -0.21483
0.326998 0.669663 0.592883
-0.88894 -0.105548 -0.302722
-0.93764 -0.056106 -0.400096
0.119929 0.173123 0.776317
-0.441256 0.679323 0.459024
0.196649 0.371127 0.667024
0.811328 -0.004992 -0.290982
-0.167125 0.002839 0.581977
0.262425 0.039442 0.590705
0.032744 -0.656288 0.900825
-1.270395 -0.011205 -0.653482
0.222092 0.07620200000000001 0.7224159999999999
-0.774288 -0.09790600000000001 -0.14881
-0.8164360000000001 0.282395 -0.270578
-0.059823 0.45355 0.627368
0.147441 0.399359 0.6622440000000001
-0.158395 0.312626 0.6895790000000001
0.862907 -0.046404 -0.298108
-0.09882100000000001 0.656176 0.594428
0.188469 0.328552 0.681331
0.168862 0.582987 0.67477
1.050882 0.067675 -0.337889
0.872335 -0.120233 -0.256642
-0.395232 0.634362 0.501719
0.22274 -0.552477 0.936204
-1.064301 -0.041292 -0.508991
-0.135691 -0.241614 0.446758
-0.469429 0.7305739999999999 -0.175119
-0.445141 0.582568 0.581414
-1.170588 0.069747 -0.79748
-1.068758 -0.107787 -0.536904
0.121626 0.163752 0.742303
-0.779552 -0.042555 -0.309868
-0.197651 0.44814 0.55246
-0.075921 0.649429 -0.724688
-0.617677 -0.109529 -0.466648
-0.552436 0.623835 -0.488769
0.384508 0.497384 0.666784
0.404439 -0.487649 0.5613939999999999
-0.017971 -0.5485640000000001 0.958518
-0.366906 -0.316141 -0.269927
0.211812 0.767695 0.193521
0.51629 0.785973 -0.328599
-0.424336 0.488398 0.642688
0.105125 0.002725 0.816939
0.354783 -0.215245 0.554007
0.489613 -0.177641 -0.474933
-0.6654060000000001 0.525431 0.426964
-0.723115 0.236321 0.383054
-0.163611 0.428061 0.516782
-0.265218 0.376847 0.650759
-0.346738 0.732468 0.503451
0.123115 0.446228 0.6226660000000001
0.361421 0.411827 0.666617
0.173373 -0.505283 0.953145
0.320332 0.59307 0.6613520000000001
-0.611685 0.576963 -0.007608
-0.301197 0.317946 0.654127
0.806798 0.293901 0.023353
1.300681 0.1687 -0.435803
-0.217937 0.041257 0.545305
0.265304 -0.017843 0.725459
-0.5272829999999999 0.686192 0.422287
0.339411 0.476094 0.694587
-0.029206 0.09424100000000001 0.832426
-0.885009 0.198075 -0.523119
1.20163 0.306353 -0.389318
0.385671 -0.556509 0.868832
-0.171857 -0.212753 0.665772
0.928229 0.277296 -0.217233
-0.5694129999999999 0.598855 0.401515
0.977367 0.221085 -0.268546
0.649327 -0.190466 -0.196491
0.139241 -0.629829 0.648013
0.217254 -0.532293 0.879775
-0.456462 0.495001 0.627777
1.200904 -0.114745 -0.359658
-0.787676 -0.046537 -0.346306
-0.899894 0.148746 -0.6844440000000001
1.040207 0.083567 -0.334148
0.8241579999999999 0.237791 -0.103645
0.865984 0.010999 -0.302232
-0.6215850000000001 0.448971 0.445305
-0.858495 0.172422 -0.468301
-0.012805 0.621907 0.599853
0.113411 0.631503 0.588938
-0.221831 0.791175 0.03716
-0.106205 -0.348984 0.199634
0.224277 0.650223 0.641804
0.322194 0.490483 0.696817
-0.505862 0.6980229999999999 0.426413
0.445516 0.718204 0.584781
-0.808142 0.394961 0.018379
0.688733 -0.088334 -0.392709
-0.05024 0.5199009999999999 0.618516
-1.026305 0.034339 -0.5662779999999999
-0.128275 -0.065806 0.744405
0.799315 -0.020971 -0.258197
-0.768473 -0.104901 -0.373621
0.166225 -0.357882 0.926945
-0.339618 0.460512 0.661508
0.383129 -0.255224 -0.499171
0.020694 0.847384 0.37895
-0.825144 -0.107685 -0.133252
0.297246 -0.504038 0.847892
0.454189 0.6049909999999999 0.576536
-0.719218 -0.073446 -0.115106
0.073882 -0.314324 -0.616587
0.37692 0.343754 0.6526420000000001
0.050543 0.177306 -0.880839
-0.209304 0.329808 0.580377
0.193376 0.061511 0.798548
1.272171 0.133417 -0.358523
-0.079759 0.787835 0.481682
-0.575883 0.477938 0.514208
0.431534 0.77213 0.477774
-0.321571 0.502229 0.6279130000000001
-0.473698 -0.06956 0.202674
0.325251 -0.514491 0.880113
1.23825 0.207681 -0.365166
1.326662 -0.025251 -0.42712
0.274908 -0.694726 0.663911
0.30769 0.790357 0.130562
-0.8421380000000001 0.385041 0.319652
-0.343229 -0.011312 0.404187
0.649614 0.567545 0.268759
0.020858 0.884737 -0.067928
-0.478407 0.362533 0.596648
-0.351527 0.334608 0.6453140000000001
0.036885 0.156404 0.80484
-0.031636 -0.6037979999999999 0.730722
-0.09675499999999999 0.718679 0.498071
-0.341684 0.619467 0.528691
0.484641 0.338692 0.607803
0.7414770000000001 0.00839 -0.100844
-0.167956 0.664694 0.342207
0.148345 -0.488385 0.90698
-0.275864 0.702391 0.544311
0.182035 0.5083029999999999 0.689789
-1.156145 -0.094556 -0.48791
-0.848136 0.528308 0.32332
0.29456 0.6315539999999999 0.636817
-0.846967 -0.090322 -0.319202
-0.702925 0.492848 0.418556
-0.923785 -0.201461 -0.220477
0.280258 0.658186 0.586517
-0.972676 0.012465 -0.504367
0.088962 0.594151 0.606703
-0.256981 0.397582 0.6492790000000001
0.436767 -0.6455109999999999 0.809958
-0.169402 0.571129 0.594302
1.044494 -0.129289 -0.35651
-0.117774 -0.210897 0.8234629999999999
0.08149199999999999 0.673412 0.445404
-0.338523 0.479425 0.657114
0.232196 0.704992 0.583614
-0.011579 -0.318073 -0.623247
0.019306 0.565168 0.610496
-0.5762699999999999 0.326874 0.483251
0.308436 -0.7271879999999999 0.717629
0.9182090000000001 0.140973 -0.276923
-0.263738 0.588857 0.44187
-0.889368 0.508885 0.216846
0.926207 -0.078054 -0.300006
