0.6848828578749564 -0.4766400929276013 0.65813
-0.1358552583266893 -0.1541922098972206 0.7520289999999999
0.3148952716050856 0.9545186094832093 -0.36026
0.4515100380995108 0.919490326115712 -0.384964
-0.3235879756303492 -0.5225528145101245 0.574955
-0.390870812147218 -0.4011321058346917 0.679276
0.5727742387077711 -0.4649299172915562 0.724398
-0.511322501012774 -0.3591785508073132 0.678185
-0.1503521956138684 0.7708943581672453 0.325256
-0.8814936744687973 -0.3118178307305373 0.085426
-0.1158576400863968 0.190930680925332 0.65332
-0.7313592819931435 -0.3746014349992183 0.438782
-0.4897707329705806 -0.169749793565295 0.793917
-0.1061946261802608 0.6707555119650039 0.715965
0.1659566033681042 -0.2407727311148871 0.738218
0.1603028638657877 -0.3187832951856586 0.664551
-0.3907379288235945 0.6419880548333028 0.630642
0.1414654581350051 0.5729973610058366 0.673225
-0.03624742475635099 0.07977561867847013 0.745534
0.495088755757375 1.241102879227832 -0.488079
0.3920206837746033 0.7583757419155048 -0.314362
-0.4192370410097436 -0.5800978554437127 0.497952
0.4882843296577558 0.8309592675069435 -0.317415
0.6280233540323629 -0.4616096424761308 0.675334
0.7518744353489089 -0.2586912770635287 0.705527
0.3851905446115393 0.5406835938623122 0.005118
0.08092954621696487 0.9080740858812766 -0.049082
0.05575389621647413 -0.1298714190331446 -0.648315
-0.2523681965312911 -0.07822853860672374 0.762642
0.2576943501008399 1.198345707198096 -0.403038
0.2694704498087928 1.027140510207268 -0.38064
0.2661404788371291 -0.1281431687033829 0.786133
-0.407742222771829 -0.5847702462318753 -0.397247
0.386935112250415 0.2168532736500853 -0.037891
0.06663674583476478 0.6044922294368662 0.675446
0.174531142362724 -0.2052151939247252 0.798418
0.3704765900349125 0.06050827695533394 0.529358
0.6728833868610847 -0.361143786387577 0.702942
0.451743765898725 1.267733154539092 -0.450745
0.0708074675591743 0.5084461313677748 0.737549
-0.4969373175745755 -0.05237068221615508 0.762451
-0.5742850728963789 -0.7607969242849243 -0.345428
-0.2694932743947918 -0.09420204354988002 0.768185
0.9411630783730642 -0.2598417300499237 0.507462
0.2283350040898127 1.137889828230003 -0.382362
-0.6889550623645269 -0.6706771721471448 -0.317955
-0.4621841002073481 -0.7482343440096318 -0.317253
-0.4303388474956705 -0.02173674833313587 0.7501370000000001
0.3894159830170811 0.07197826786496345 0.263078
0.3599857301293831 0.1155475745838698 -0.334061
0.2313111247504132 -0.1580733795763815 0.798828
-0.2346415046233418 0.4624849924279644 0.763763
0.1591327361707519 1.142569984195196 -0.328278
0.5234987416759169 0.7663004182810627 -0.227783
-0.3882857352274559 0.003213378731809861 0.775616
0.341861784399025 0.8496899797452684 -0.334198
0.04852073778469382 0.3539383830638166 0.788513
0.09876439131508326 0.6598649437363384 0.658905
-0.1591133126651108 0.2823296583034356 0.774139
-0.2486849758144435 -0.09174501318965343 0.757385
-0.2537768801941396 0.7001335497174302 0.587815
0.4962481009475406 0.8134749240007092 -0.272682
0.2246191052240534 0.5627877025987202 -0.478116
-0.04571159192881132 0.3401272002844433 0.820384
0.1894573812771585 -0.01882818975901299 0.814073
0.1479841031346822 1.152785985341782 -0.33252
-0.2879014061267524 -0.4476338629820568 -0.47702
-0.5638734908590922 -0.6293975352091724 -0.269585
0.3402336655096331 0.07697599510807934 0.472836
-0.276243144953398 0.007204837698100693 0.697472
-0.7322816365763927 0.4227830000000001 0.257401
0.3393445079506483 -0.3341440709600163 0.734131
0.05507256194058884 0.3095344753840838 0.758238
0.1241411819354999 -0.3047411655760625 0.635185
-0.3874378377165987 -0.5134700196997742 -0.448639
0.2237785101060063 0.8078397491456681 -0.019297
-0.446466288298066 0.04407970480105563 0.6682129999999999
0.04992457554115003 0.2639619013835823 -0.693868
0.03619061710438583 0.6229859875820674 0.676697
-0.1832929288122164 0.4177573346291358 0.7622989999999999
0.1805869496626483 0.6341817719995901 0.632599
-0.5710129803927155 -0.1590374938215144 0.697773
-0.3510812315751227 0.3956634693280328 0.815636
0.8884267658813678 -0.337603702689371 0.612762
0.2898565235409712 0.7653502256782463 -0.305614
-0.5857438204708243 -0.7277720572749704 -0.338848
-0.4868150508232052 0.4900635980849835 0.71492
-0.2380504649160551 0.1374385 0.783595
-0.266648648831335 0.4558749924545361 0.656738
-0.7627360928194066 -0.4013276655297833 0.6124270000000001
-0.1931586733400104 0.4684173638525019 0.75769
-0.6258074670455396 -1.00606432867886 -0.38858
-0.4647280272850958 -0.1162725549590413 0.80691
-0.8064858675968822 -0.9561844982640662 -0.426041
-0.4304922243255076 0.2219635952048823 0.591553
0.1615034842391245 0.546760240301563 0.669991
-0.395576454905656 0.354285481825425 0.794945
0.4752698597771847 0.9164235444402196 -0.390686
-0.4205535032184138 -0.7231280348753738 -0.303401
-0.1717404221239117 0.5373828631680588 0.75679
0.3495325181143118 0.5743800802714769 0.164115
-0.3860216320417937 -0.7441850795170446 -0.198723
-0.7641743328998795 -0.439082770422644 0.57206
0.05125265622995628 0.2817962046131458 0.759323
-0.3322899538478124 -0.4404570829091283 0.649906
0.2237072943330132 -0.04398560019145605 0.820145
-0.6877887731746561 -0.5544371000139704 -0.350391
-0.4246251844545325 -0.5719963936485563 0.360641
0.6746539488007196 -0.4465630831501816 0.648715
0.6231708602141528 -0.6718884083126847 0.615791
0.1518007821561337 -0.2873973326768814 0.693165
-0.2159776316626697 0.3209037686618594 0.775753
-0.2110385861417817 0.410586446444933 0.768858
0.5995762131251045 -0.5585195358575735 0.689649
-0.540281387198699 -0.6387368130119396 -0.305939
0.1276627731927115 1.119158409404918 -0.320114
-0.1085351066750051 0.5771476808339832 0.712646
-0.5800372678118201 -0.403656018133508 0.657822
-0.3467248502986625 0.8830369430360034 0.04541
0.2802546676203639 -0.2631046766232013 0.740876
0.1891441746521932 -0.36163267954672 0.301917
-0.4781290685764484 -0.2281878393499924 0.783351
0.2349394795481439 0.002141115281174338 0.779205
-0.1166167105498799 -0.3395600676839454 -0.562337
0.5849135329107873 -0.1847460429639058 0.356003
0.6170055355137932 -0.3882250639388669 0.733582
-0.4022785556823881 0.06592910276267816 0.648926
-0.4971997527194957 -0.8678892332208484 -0.335907
-0.7131048351453766 -0.9369778055948205 -0.449432
0.2960130265743366 0.7691616017289871 -0.313127
0.7408906072661915 -0.622539825364397 0.494442
-0.53525659007833 -0.4921896091017348 -0.463574
-0.6124553345245012 0.177478243236971 0.774567
-0.4861129180360069 0.1300117277460708 0.818253
-0.1454585328790034 0.5462764306591379 0.7537160000000001
-0.8143005649967106 -0.4506319512063454 0.060944
-0.7165611955422272 -0.5442523974114346 -0.119975
0.5208014215619032 1.029786522799313 -0.398758
-0.4004378460473249 -0.6872766946274106 -0.246635
0.3177044814225909 0.4260923036162499 0.4056
-0.7308580614629961 0.1289847044247934 0.6765949999999999
0.1589295802188449 1.102850107764633 -0.427643
0.6970021014677839 -0.4718349472755206 0.655284
0.362305563333185 0.2589776435579401 0.161047
0.08838757050047885 -0.1604442371355945 0.798575
0.2302554193296917 -0.03807591500289704 -0.5364989999999999
-0.1575357049281908 0.9555341550581946 -0.208313
0.4907526538983223 -0.6626714694988411 0.544651
0.01293294491426608 0.3307865176829983 0.802961
0.5161147981314909 1.029497052901897 -0.40918
0.02789837306626079 0.8750433995992746 0.495361
0.3965751974859653 1.287154391067353 -0.434006
0.5303773399634925 -0.3062135000000001 0.739258
0.05944117728298044 0.630177139115831 0.679169
0.3380850313431246 1.038950451564808 -0.387423
-0.2526240128577626 -0.6162036254815781 -0.145111
0.2366908426260633 0.001940565114630996 0.760529
-0.03612866618244245 0.854781314562314 0.551346
-0.7964214523399018 -0.8857884196905046 -0.439431
-0.4952154491727237 0.1489756813397997 0.810944
0.07648351591579203 -0.2575406644923454 0.657861
-0.2016901066750051 0.4157984878549044 0.746735
-0.6990879842576225 -1.056527907695113 -0.466296
-0.07383064307634479 0.4168495750362874 0.821635
0.1609211326057101 -0.003014422315381462 0.757324
0.4075747340082741 0.06855414718370144 0.134772
-0.3483339721549904 0.2258478622252741 0.784034
-0.4353140838829985 0.6302078894643462 0.66384
-0.9089506498991603 -0.8223427071980963 -0.403038
-0.6260174297879946 -0.6653179948164887 -0.317352
0.414252031339309 -0.03965243458170205 0.041034
-0.5992313935354052 -0.4159812190936222 0.655609
-0.9794643094331558 0.007314051861410082 -0.186249
-0.9174218468245133 -0.746247250673729 -0.352341
0.5922104904896941 -0.1514473416965645 0.364105
0.3840637107773917 0.6479938604098807 -0.198592
-0.05757496662751188 0.5112592325570668 0.793727
-0.04224787987292856 0.2370045255480211 0.766251
-0.6938220066517515 -0.1878189669302249 0.749115
0.8601445052747915 -0.2706540150128649 0.654205
-0.116167419087242 -0.4215618720432495 0.475484
0.2314999097292464 -0.4573063944013366 0.526459
-0.6355648315798785 -0.7672125798003059 -0.444733
-0.6586314057557023 -0.7840050582293888 -0.369617
0.1850306973946163 0.2444785688473776 -0.614558
0.715852618947236 -0.605260893252144 0.630096
-0.2837332481597216 -0.5677944016091862 -0.349991
-0.07204955537776714 0.8350145094229597 0.594421
-0.2881928072711892 0.450085415430395 0.774139
0.1701805505330797 0.2181953599833368 0.724126
-0.4149206549609354 0.1852143444979044 0.647467
0.8325281072370138 -0.2857330195363414 0.673199
0.2173269073044245 0.7460272453030748 0.5476760000000001
0.6323373589285418 -0.7262935668118482 0.525162
0.5593087760948706 1.118485217315481 -0.425949
-0.3545958336303459 0.204726 0.783107
-0.8186030113930138 -0.2547760069615843 -0.455627
0.3099997283854443 1.316631279896141 -0.471263
-0.367768183822279 -0.1169271797875175 0.822489
0.658369672425194 -0.5566162771970856 0.402241
-0.4235774276345444 0.4222043743976397 0.654639
-0.04838576779592808 0.3173773918142225 0.800529
-0.7070097832735425 -0.8457928660780359 -0.398773
-0.1118530272850957 0.4949248737618263 0.798467
0.389852682121502 0.4596766529014403 -0.045559
0.2117219707315644 0.8224932103856801 -0.201538
0.7487833677914006 -0.3309991631227611 0.689041
0.07386421672098988 -0.1796334237779669 0.758657
0.06070677092420244 0.4544712116041636 0.7866030000000001
-0.6091015549210916 -0.9289568400925354 -0.431561
-0.3592671663055751 0.01844701446744638 0.717094
-0.3691472892226085 -0.6566058604098808 -0.198592
0.4508234836830263 0.7405651789841999 -0.251282
0.2457497464781407 -0.4416589531526895 0.447418
-0.2404899923100437 0.8695911146071555 -0.406555
0.517421495062754 -0.328897681623061 0.739258
0.5284406532257687 0.9370760601719175 -0.354874
-0.04631928863447057 0.9396706387146492 -0.21051
-0.01086671996762732 0.7747582889044461 0.688873
-0.03237794374701811 0.9423337563855574 0.010559
0.5031780640487137 1.071023972186518 -0.422424
-0.6080249749485123 -0.6528001488816167 -0.306023
-0.4145458560104908 0.1553995153226979 0.804962
0.3015838056387493 0.5915104741062909 0.41684
-0.04915696072993716 0.3107616464700807 0.791729
-0.159113865028266 0.5272027015823864 0.7530210000000001
0.02718837524958687 0.6058076473075324 -0.58963
0.8774341004495422 -0.3192135577278993 0.442764
-0.02248488992483743 0.240535028247588 0.735001
-0.2019161657468708 0.3767569420569211 0.769043
0.7073304616620422 -0.1302297026601931 0.675941
0.07832301344373689 -0.3832745613135475 0.267078
0.4112765863462817 -0.1809280564847518 0.218781
-0.3376953454805467 -0.02802149585183183 0.761841
-0.6934600687038392 -0.1320780720152538 0.763077
-0.6371103750536034 -0.2879555396221037 0.702606
-0.251192798622812 -0.2451366897101278 0.73938
-0.2379534948309841 -0.08756354288584269 0.766556
-0.3499739592974835 -0.7277846788292834 -0.168045
0.3558359603591427 1.0441079625021 -0.392831
0.1116212982679094 0.6272637598068188 0.6666029999999999
0.06436779630141515 0.415356293565295 0.793917
-0.01123751267792653 0.2465340570911318 0.768311
-0.4014087673710364 -0.7282183796902308 -0.263489
0.2631375091409081 0.8030275352091724 -0.269585
-0.3780668541237118 0.2182770000000001 0.7058720000000001
0.02632816389117732 -0.2534002824704805 0.666538
0.4190021287673749 -0.1882070244953896 0.24707
-0.9684007464781408 -0.8100092949877672 -0.481333
0.08453954884368073 -0.2091772061537942 0.744626
-0.3843731664367817 -0.7664918533346341 -0.190384
0.3790502363626643 0.5577802680011263 -0.328522
0.2736594657556705 1.071560098660976 -0.404179
0.5940703915624894 -0.7120058985414309 0.561218
-0.423609608962966 -0.3985693652982414 0.680267
0.341976937998194 -0.1735485683702962 0.74646
0.06176589334775103 -0.2949543345468146 0.5059669999999999
-0.255991005580622 -0.3121034279462852 0.723328
0.3415129726472654 -0.260532179931056 0.11554
-0.5613537991893345 -0.203495301217744 0.7389829999999999
0.06764524312286602 0.9130209979791529 -0.091722
0.3237958185821374 -0.3308931909373833 0.272583
0.2296580564263963 0.8518514220980383 -0.385132
-0.4674201400863969 -0.4179934311106014 0.5683589999999999
0.6664200518962425 -0.4563446109330201 0.648825
0.05456903396653622 0.4727303393499924 0.783351
-0.1976116042428076 0.4865986612862638 0.758858
0.9011955735919442 -0.2450814789825754 0.43203
0.8427145979907729 -0.4865415000000001 0.538391
-0.04783208705825032 0.3234743949830526 0.8131
-0.4966867540767482 -0.6028386935073958 -0.18996
0.09566312801841029 -0.3924926018611475 0.197959
0.6953849160711648 -0.421777994547723 0.647827
0.2384246663454328 -0.1625683641120531 0.792725
-0.3561163379113728 -0.4014175906678643 0.676605
-0.3039870495217021 0.6771989853854553 0.60375
0.1554248079134243 0.746619664062684 0.605621
0.6807836388695655 -0.5250721485162901 0.695694
-0.4002526764355471 -0.7377839714517938 -0.238602
-0.3861581294712698 0.2229485 0.621857
0.258674083614931 -0.01973734457761951 0.797272
0.3103483196350246 0.3139790576514883 0.500505
0.536395997118945 1.034473119986582 -0.385345
-0.04667006162719598 -0.459862917930674 0.056397
-0.4793491417916877 -0.5178790681477408 0.59903
0.1474512643350648 0.5167450814686009 0.655518
-0.07810930173684648 -0.371495279151946 0.590912
-0.6371280014590256 -0.6294780694518499 -0.254639
-0.4878230619873107 -0.1570063284658439 -0.6784520000000001
0.5935551761297166 -0.556588277847837 0.387909
-0.4298310041984499 -0.3097351379400666 0.735779
-0.3824142392835769 -0.5233828919769572 0.588684
0.3573473297206251 0.6317197310251904 -0.097127
-0.7345742921688833 0.1392940040295494 0.738564
-0.3445522263762308 -0.2733359619446051 0.790044
0.8600939080742374 -0.2687576519349455 0.416687
-0.280003055085734 -0.1765935176829982 0.802961
0.1329070740092736 -0.2158741951306211 0.760147
0.2246179750054713 1.286159745002712 -0.466769
-0.01695641288574448 0.5591166313677748 0.737549
0.1444570363161568 -0.3461070735895939 0.596985
-0.7387028236980099 -0.6254188223395478 -0.241699
-0.7730172722406435 -1.056251190649097 -0.489461
0.1509092567364573 -0.08712750000000001 0.7989810000000001
-0.7281811548397106 -0.6859907572965582 -0.335403
0.1812816969775425 0.007501109647409004 0.7909389999999999
-0.005681801896974983 0.320022830435898 0.798264
-0.08345887632592836 0.6224429858608846 0.7195279999999999
-0.01052976349284346 0.6461899146387111 0.6905210000000001
0.2172617620629958 0.007854410435049079 0.768106
-0.4068982454705788 0.07916756533432467 0.791595
-0.1132430185638675 0.8308353382449157 0.250122
-0.7630173044219181 -0.07811473831301079 0.662628
-0.2947889738469954 0.2610945197859111 0.807113
0.3725462354604354 0.5010810079859921 0.096793
0.1221820818574506 -0.119652426448356 0.811686
0.2393403969089911 0.7937917277500733 -0.219299
0.07742748591784362 0.4369043395120288 0.771057
-0.4354822377474424 -0.7374493615723592 -0.310267
0.7062488547459839 -0.3633351007926241 0.655421
-0.3141344245091317 0.4543772163437738 0.786865
-0.4226261846934223 0.1697999755020045 0.789238
-0.4781603454316614 0.5613139875476775 0.767014
0.2004922089489681 -0.02582730757867172 0.817662
-0.2110598479471339 0.748751619917802 0.635895
0.0939883853252057 -0.1122313412953826 0.77182
0.3778443062318435 0.1881975357441666 0.137686
0.4817880190960002 -0.1501826724477631 0.3106
0.146112567800912 -0.03458360894446801 0.7909389999999999
-0.5849313201192259 -0.3018887653848346 0.693954
-0.8241983169990255 -0.4306153605550713 -0.26622
0.3714142848258246 1.071998411975186 -0.407705
0.3542794315250691 -0.1257500245219613 -0.182617
-0.360163692565565 -0.1018078145651756 0.820679
-0.036942836872027 -0.3315948704380796 0.603195
0.3212789123085423 0.3035713995188611 -0.377864
-0.5558131787790018 -0.1731466651615947 0.749802
-0.4611639351709806 0.6015966336654616 0.670882
0.04332788413901739 0.8708220967132356 0.20105
-0.1272635552520284 0.7944810563516376 -0.497013
-0.7147942361244728 -1.050833933924972 -0.487467
-0.5340129197652634 -0.2971755089316384 0.676109
0.6939485845726537 -0.4844537936796557 0.690327
0.2946144994866211 1.176055281757302 -0.448574
0.07074290322007955 0.4360883026521056 0.784353
-0.39002973859462 -0.01198132370868959 0.768919
-0.2034854856226929 0.7306688002986694 0.571279
0.1328365900349124 -0.351096276955334 0.529358
0.2359308468549006 0.8198542138254395 -0.23925
0.8029542946497104 -0.2539303655110709 0.683732
-0.4445562820517547 -0.6511100673375591 -0.253184
-0.6900086606414225 0.6551959421065047 -0.17617
-0.557140756193645 -0.3309020966947376 0.68541
0.1606924386864527 0.8638554681970825 -0.119028
-0.4752848892271086 -0.3811395762110976 0.679047
-0.5979977395535523 -0.5856284677180932 0.127434
-0.4067046968216722 -0.2182991985720326 0.807027
0.3131612787918314 0.8878092458306935 -0.33902
-0.6348191862596886 -0.200125084221311 0.589355
-0.647089684924494 -0.1452742113429601 0.751961
-0.6424368869339356 -0.6837473288259586 -0.329254
-0.1372290639521527 -0.2039957110402471 -0.671183
0.07024311038499552 0.1551726360684813 -0.700663
-0.5821707458708069 -0.3520793105285065 0.6751
-0.2103763247136455 -0.09176848311364198 0.761955
-0.5053091759290324 -0.6182571662398442 0.00568
-0.884916585821269 -0.7593064871028223 -0.36944
-0.6453479045948761 -0.4431833593164378 0.651047
0.099142964006962 0.5437906508730306 0.6816410000000001
-0.1755437192115429 0.2959553593760028 0.774826
-0.07099237018920813 0.8200616078825532 0.527069
-0.07225050241630564 -0.3886915410574193 0.531464
0.190245935894583 -0.03798037309709062 0.818621
0.5734320522319489 0.006885449154225649 0.5643010000000001
0.4262887634425618 0.8949097969782271 -0.363403
0.2151204141787312 1.146013487102822 -0.36944
-0.6838297114793788 -0.5840858040074501 -0.206879
0.171508632697059 0.6915936657679748 0.617584
-0.9004993664740057 -0.2611266549165639 -0.344238
0.1169343230970975 0.7485101887528477 0.629402
-0.3084928166671345 -0.1236252322375078 0.817296
-0.5903576527341918 -0.2403834491727236 0.713556
-0.7793563623960825 -0.984238816872077 -0.413689
0.4190144565224597 -0.002839672197239586 0.249733
0.7930424692603939 -0.5013481506811183 0.635254
0.6428282764495173 -0.4901647646475038 0.713608
-0.2312823192798663 0.3285332721149047 0.694252
0.3815138615778268 -0.3656266079554041 0.731812
0.3286839387694721 0.2368452815805835 0.346169
0.6582630489487581 -0.4737049544755521 0.6526110000000001
0.008131958968198667 0.5003929660979853 0.787923
-0.6828637778815287 -1.017906757939236 -0.403839
-0.3840653366442596 0.04181132350609747 0.776787
-0.1190958691365766 0.2754699036838751 0.770599
-0.8295703604286345 -0.6385180127156207 -0.265755
-0.8467442302895117 -0.3925680278772359 -0.308899
0.3808393919390073 -0.08922682363800216 0.735159
0.3169779637606967 0.3678079381132529 0.543198
-0.958322676168876 -0.9671975651698692 -0.469051
-0.227632094744391 -0.06355235353061758 0.763634
-0.7460942568265967 -0.1879631600590081 0.695831
-0.05354971101723528 0.3601751797875176 0.822489
-0.7211440692997952 -0.5525241676042164 -0.232784
-0.1437391897855847 -0.449265579747418 -0.367421
-0.4724059960385322 0.09061281306108054 0.805115
0.4238418241627592 -0.2888944261774267 0.302521
-0.4751925501931151 -0.867917640312699 -0.291336
-0.8089968723841682 -0.7360956861336941 -0.385979
0.3114105910346562 0.5394549656870775 0.380608
-0.7460292271251955 -0.6129605253121799 -0.2323
0.1229947265783804 1.123403115496797 -0.366196
0.05002576589872497 0.5719371682241381 0.696014
-0.2482512155096263 0.5038542816965963 0.75705
0.5436058196483106 0.7397208989209975 -0.320795
0.3289184104587591 -0.5256026015406348 0.482361
-0.5361944288122165 -0.1934859934381323 0.731766
0.3044577273344649 1.244132252500245 -0.407284
-0.6088234945192434 -0.3706372253489614 0.668034
0.2447859926194342 0.84812177619804 -0.268581
0.4247854269572212 -0.3988020581952547 0.728561
0.8943794166749389 -0.3692394090751907 0.501122
-0.2403874865507954 -0.2489433402097577 0.744812
0.1987229159793734 -0.00204781289548423 0.807237
-0.7292101661895626 -0.5078510572360667 0.116296
0.194681474767024 0.01639820558892384 0.756836
0.7082699390427518 -0.4651964801042423 0.653509
-0.9702294732854294 0.08486325726884568 -0.015915
0.04129053738398204 -0.3590786913791209 -0.410776
0.4322658702024941 -0.1725895504313067 0.743896
-0.2853306800594007 -0.2180232348210619 0.795916
0.6213459451661861 -0.4614552538952599 0.701263
-0.5072509222292447 0.08506963051277897 0.804874
0.2482695620812656 0.1968154954976275 0.642537
0.09173298961976026 0.795514198751613 0.629745
0.0908490520241446 0.3365391739252865 0.742996
-0.1084475758720869 0.5235432886318647 0.765625
-0.2323575219692371 0.02299096642847968 0.762405
0.2111760204943198 0.6141955968363683 0.6216429999999999
-0.5585307612155624 -0.1162536560154747 0.752808
0.3054006813820076 -0.5196445031802083 0.524178
-0.7970231065936378 -1.009154515426566 -0.416355
-0.1175157341012751 0.281746777847837 0.753754
0.2425845416002317 -0.03973124881759285 0.815323
-0.2344289233466534 0.3860711939999265 0.774292
0.4105609932991077 -0.2370375000000001 0.268433
0.03414722256663083 0.8816547244227669 0.611359
0.8311393024437901 -0.4798585000000001 0.483826
0.1428020441581679 -0.09372360409335884 0.798035
0.1646634319796501 1.192473430337415 -0.355694
0.7552505667522831 -0.3934056459398559 0.6523949999999999
-0.3108671277942028 0.9132983402574335 -0.035526
-0.2900738332229981 0.6063273829115062 0.782196
-0.5245799372236116 -0.7576591039025874 -0.33345
-0.7408306163549099 0.05966373267072918 0.7778890000000001
0.1396836801815795 -0.06023476893730249 0.766157
-0.9795845493508939 -0.8157702097852103 -0.393715
-0.1289073020827214 0.9318360033260972 -0.316772
0.5383412124921527 -0.1943656681553584 0.339279
0.2136006266649736 1.286471137912285 -0.442123
-0.3694688165167319 -0.7359467620193226 -0.181793
-0.5965121469976995 -0.2026833459320102 0.7218020000000001
-0.5323155290169583 -0.3560175419152767 0.68071
-0.6947200565058559 -0.6582924349052635 -0.291702
0.7321271508782426 -0.2160185770782385 0.378769
-0.5131390754047316 -0.767902949949912 -0.33094
-0.4563658990524596 -0.8365009240007092 -0.272682
-0.2315926385704123 0.8138517833371102 0.221771
0.02110710650966445 0.2805765808755066 0.757263
0.1123196846590324 -0.08609659948044125 0.756256
-0.4606049994386897 -0.9335632612480446 -0.392254
0.3917771129377198 1.27400586485078 -0.422638
0.05652267418744377 -0.2223818565276855 -0.578771
0.3472349793932274 0.3196286264742019 -0.288727
-0.09100418481394888 0.2460021282008524 0.769867
-0.459314417318128 -0.6065039074438916 0.16122
-0.02729712445386607 0.2437359935453731 0.768204
0.2225940390059978 -0.1772858149796434 0.792981
0.09402256489614702 0.8450418594580684 0.383301
0.6432858905160239 -0.3059401538340565 0.733549
-0.4727835317298111 -0.248755097937885 0.775139
-0.2412522448376271 -0.1041411454988164 0.758423
-0.6286883868888661 -1.037834228220035 -0.433411
0.9240615498367473 -0.2922544463619136 0.487053
-0.2043402356649353 -0.0925756702022659 0.715485
0.2734708814631606 0.4308794610848398 0.616333
-0.5184514352587696 -0.09280822712519531 0.752441
0.803225671532691 -0.4105143269617488 0.6742860000000001
-0.4976766260969859 0.2041467978605616 0.559875
0.3552838197154379 -0.3046283731457203 0.267975
-0.7560353029230349 -0.4748975569784233 0.586685
-0.6122847212081689 -0.7151102458306936 -0.33902
0.4052637112943306 0.1000353384257056 -0.04701
-0.5454535827224281 -0.3721833184457187 0.675156
0.2068595280822474 0.9733112126681733 -0.294327
-0.4905722143293482 0.283232 0.53814
0.5748314066586294 -0.1425127978809673 0.718437
0.7356019364689237 -0.3368780718897708 0.649282
-0.4424658909693952 0.4391925962247761 0.797478
-0.1449941523598373 -0.211587238687621 0.632324
-0.5404052955602687 -0.9310054285896611 -0.344574
-0.5903382120857589 0.09151822301809437 0.813812
0.4621108241627593 -0.2226105738225734 0.302521
0.7459092764495174 -0.3116232353524964 0.713608
-0.4336508755235647 0.876488650846459 -0.202942
-0.9838316406794911 -0.7770443877507259 -0.387543
0.3666980788840928 -0.5696322963348511 0.5604710000000001
0.1521546416419833 -0.3689364300686497 0.56163
-0.892380406888049 -0.8579642044090885 -0.423676
0.3830568212499205 0.1454998765906917 -0.235367
0.4277971013672204 0.7038563148987186 -0.24704
-0.3666251968216722 -0.1488794682300758 0.822896
0.3192613745836417 0.5494669216731465 0.318039
-0.4638319302527439 -0.01544646937049625 0.771477
0.7834802131251045 -0.2399884641424267 0.689649
0.5872877182749242 0.9929421667133655 -0.392834
-0.3607214200407066 -0.3722238268888979 0.6994629999999999
0.2611887961666488 -0.06628373467161318 0.800791
-0.8984008931261497 -0.03904799245974808 -0.406418
-0.7251753925145576 -0.6957686242339168 -0.346077
-0.6759449359512865 -0.9712769721865185 -0.422424
-0.3394661085591781 -0.04407254747218853 0.768509
-0.1100599408092597 0.8703785906403387 0.197056
-0.3713676022302899 0.2404384446521088 0.646851
-0.02683954603166102 0.3166105426210794 0.799774
-0.7733168786641711 -0.1814341241969208 0.302589
-0.5461521594260564 -0.3445232887893871 0.682465
-0.448997600315287 -0.3750446562225808 0.681179
0.1494508663893341 0.4024264938215144 0.697773
-0.4736305009055333 0.1825619084173193 0.742294
-0.2473905844595026 0.4644809384019819 0.762779
0.803392060990173 -0.09920613196754632 0.466309
0.006383610663044688 0.1982207380041318 -0.725118
0.1634738571120076 -0.2189149737727479 0.777138
-0.6858798801509778 -1.031454800310746 -0.412384
0.08081475401578654 0.4602412599565232 0.757462
0.4837231439140524 0.8351630620560904 -0.328979
-0.3995437718313878 0.4857338873403296 -0.67437
-0.1704781232781019 -0.1888927710966629 0.7415310000000001
-0.6258620995200432 0.01703304509955617 0.790718
-0.7251923454316614 0.1334420124523227 0.767014
0.4155805307595007 0.5197765939118957 -0.225708
0.3107640116784385 0.8204470573909832 -0.32481
-0.1538495467877455 0.2901967682421796 0.77446
-0.5873151531794895 0.01512031463802663 0.779991
-0.8160091883794471 -1.045205373716245 -0.451569
-0.01689156499671033 0.9305209512063455 0.060944
-0.9158206763766803 0.2719300578934956 -0.08434700000000001
0.3184099771078726 -0.3818317420123215 0.33535
-0.9596501071805662 -0.895884743125659 -0.410851
0.3727546542968981 -0.2152100000000001 0.115936
-0.779112184334006 -0.6878018880624667 -0.322708
0.3793254152968382 0.7751588918962882 -0.320663
-0.8658009949078377 -0.3974993124240575 0.027557
-0.1229219542885961 0.5561349298064925 0.7390139999999999
0.568072418230781 -0.0458557092457709 0.664215
-0.2695669963946444 -0.3662577337992602 -0.565837
0.2863171671345107 0.7592518805561622 -0.381981
-0.04077817965300678 0.1927681210008209 0.753433
-0.5214263828956143 -0.3428349875820673 0.676697
-0.007523275703414525 0.3268953042423375 0.811035
-0.02484548332786783 0.5028163605375273 0.793797
-0.07285819697398253 0.2613839010932011 0.763062
0.6254138760689832 -0.4803033908899358 0.7182229999999999
-0.6502156650225702 -0.1936665676962772 0.739273
0.8005962703889524 -0.3436505833361836 0.6918299999999999
0.1308274899665891 -0.2254561403511602 0.743851
0.5351977983129791 0.9830197787770802 -0.370155
-0.03660169357217291 0.8446240070899292 0.516663
-0.344076719211543 0.004047640623997267 0.774826
0.03757053293335652 0.785838071908013 0.6630549999999999
-0.5181255982398999 -0.4124338608535262 -0.5294489999999999
0.1845344639110993 -0.3682989327584906 0.224982
0.2457631341323745 1.210586234944637 -0.394333
0.581639550836491 -0.3040947462596567 0.736816
0.1699082020101399 0.01401563850423869 0.758362
0.1492377329387967 -0.02044266414360869 0.78952
-0.8733329923100439 -0.2265251146071554 -0.406555
0.1295293427138523 0.4115114026513936 0.721745
-0.6943407043218108 -0.4879113776485353 0.293335
-0.2086321475822774 -0.4868874797047125 0.450525
0.2940399822398927 0.7432541886961442 -0.29549
-0.1320527468978205 0.6296459330939415 0.721741
0.1351452307810884 -0.03602159388653349 0.755697
-0.6625645936535541 -0.6887935395041832 -0.333557
-0.8077714177394598 -0.6948171364266881 -0.324158
0.3442043948103365 -0.1987265000000001 -0.07557700000000001
-0.3549773226790699 -0.6276967584149209 -0.075033
0.06765831994059936 0.3933716476918685 0.787137
0.7807352225651656 -0.3867249272585379 0.691978
-0.9587474534758084 -0.9171293010473782 -0.510442
-0.6888730666967893 -0.7556931514846227 -0.365829
0.2737302459232521 0.7315626935073959 -0.18996
-0.2915982012806272 -0.4618189000137422 0.62796
-0.07909934129608083 0.7902039220299568 0.403679
-0.02378049215798895 0.2140609793533698 0.757385
-0.4946740963981905 0.005779331850109474 0.769463
-0.8697023881651937 0.3713172762338951 -0.08557099999999999
-0.4461711190217391 0.4989109529844872 0.642795
-0.7533646714613054 -0.9670058875984155 -0.467384
-0.3747885442466551 -0.07646280072998277 0.807582
-0.7444864362848295 0.02041766680878572 0.769402
0.1877264099570139 0.4415156799680519 0.680405
-0.08934483489389909 0.2536062065699141 0.770798
0.2633604170339127 0.2538976230052648 0.626167
0.331426469806068 -0.1074105153226979 -0.288818
-0.9325891930046968 -0.9834958648737923 -0.501248
-0.8850030939685992 -0.3850123236092668 -0.14473
-0.07282305894326527 0.7982127619476813 0.447845
0.7697028580360389 -0.5931655431506061 0.5534210000000001
0.0009345140555846999 -0.34463337417534 -0.477498
0.2227379434941444 0.9307914349052635 -0.291702
-0.3373847140558129 0.3184945335582345 0.815865
0.5371313364523472 1.189004765072838 -0.469915
-0.3773004854511864 -0.7199936105218566 -0.200445
-0.4382309350402856 -0.8761042449381906 -0.265717
-0.9632170774409594 -0.7378149168457474 -0.366745
0.6472018832823007 -0.4628154554007928 0.6542559999999999
0.3738237018471496 0.0253816446727427 -0.262894
-0.06861420628213892 0.3253647085983237 0.807831
0.1723756658009682 -0.03837858884421022 0.814073
-0.4339887222792982 0.4763374831003562 0.812592
0.1163061905381092 0.1270862312467917 0.7622679999999999
-0.285466882024471 -0.3158851435446542 0.7186360000000001
-0.2240113093325922 -0.3261709692340778 0.658119
0.5308950056574754 0.01072312328331388 0.60141
0.5402466245504272 0.8779046023389271 -0.306175
0.8905722991430552 -0.2804515300707994 0.436676
0.2476825064465532 0.359052685311436 -0.511058
-0.4850426085591781 -0.2962184418602392 0.717773
-0.7559993369460188 0.1083867379211124 0.732437
-0.4371900834457748 -0.08808743709335902 0.808675
0.6122823256483565 -0.3931099034006139 0.353271
0.06141374238432554 0.371813722092598 0.78421
-0.8404551901483055 -0.3675150908218267 -0.359528
-0.3481515532158008 -0.3977541789037866 -0.544179
0.09306079027098182 0.4628520169418519 0.743866
0.344854608059085 0.7409017023825866 -0.288228
0.04788995655284693 0.6083378379217969 0.672363
-0.2106331880696141 -0.2426353834967822 0.718094
0.2166854506491062 1.25623020978521 -0.393715
0.2410173279773845 0.8910862575613216 -0.296761
0.1087319986826052 0.5176753461267842 0.687866
-0.9283174345662528 -0.1970349622207464 0.027039
0.2690196422768429 -0.03147231134250385 0.786396
-0.4228331605966085 -0.3893805172782565 0.684982
-0.7507200060505835 -0.3569571927380255 0.651794
-0.4018862583240833 -0.8365134182810627 -0.227783
0.8056552575347498 -0.4324441605648248 0.662949
-0.08132351078402762 0.2870155474721886 0.768509
0.7463215448414015 -0.3395971655513986 0.655165
0.2538543397080125 0.9797886140961269 -0.354752
0.4266783471886992 1.16926457582034 -0.435242
-0.153404817825099 0.7350770614010808 0.439969
-0.6773941561120358 -0.6465790951362894 -0.272522
0.1803239878568122 0.3991003087914318 0.650026
-0.1109571552921279 0.4711265695707244 0.808131
0.5016990771207023 1.070582291683473 -0.433105
-0.3921783769005247 0.2017691255783947 0.67572
-0.6701158786890906 -0.5703147488481671 -0.050016
-0.2178947729383723 -0.2573488174329449 0.732864
0.2668112109145084 -0.08352942666709573 0.793749
-0.3396565140821565 -0.2855063395120288 0.771057
0.6771061608044128 -0.3357177273688547 0.722206
-0.109071093968599 0.958941323609267 -0.14473
0.337268102406566 0.06405348914051537 0.565399
-0.6011822046183579 -0.05885612300526474 0.615967
-0.7486541679143052 -0.5020290561257779 -0.239561
0.6985672402597976 -0.5690140473668557 0.666868
-0.6102973379113728 -0.8416719969865289 -0.38855
-0.2481236437313545 0.925447242498175 -0.286964
0.2633206380235975 0.8306727237383238 -0.294922
0.05299432825447972 0.4164448690497417 0.799627
-0.4189962090507411 -0.1427347222546343 0.819051
-0.2530304368039318 -0.2783795724057558 0.736847
0.4188930645575789 -0.1244519292480437 0.178197
0.0257349137685216 -0.3797538218245167 0.3379
0.3117364435736038 0.08587135884031021 0.492198
0.3619304807338898 1.107539981438926 -0.422947
0.6108489755866761 -0.2556085385324764 0.733734
-0.2706383778853305 -0.6714154209754175 -0.161766
-0.3081970435543939 -0.4848789381787283 -0.446438
0.8192666538983223 -0.09366853050115906 0.544651
0.6987910227756033 -0.2296624446796345 0.716161
0.1522946943401468 0.8375281483203064 0.54911
0.3271006373099766 0.9783589230090393 -0.369965
0.1759878292938254 0.1464738618506639 0.735016
0.2992370484109708 1.261457771354749 -0.406883
0.7395867948347585 -0.3621260947391789 0.645716
0.6385973242263269 -0.7161829888624663 0.55545
-0.7443421776165234 -0.706048469848276 -0.357925
0.7586329888861763 -0.1523171189513073 0.392853
-0.4009652554456343 -0.7187841945016719 -0.272736
0.3016010092495452 -0.3075077283657368 0.734985
0.2639320343923819 0.7038476933126218 0.401398
-0.4421487986714416 -0.2790721838044792 0.767413
-0.6782731439617281 -0.5726915467511923 -0.184661
0.2788384809559337 0.122468416121004 0.498837
0.3527682284293043 -0.4192615050643813 0.7080379999999999
-0.7537428608535263 -0.07303893084062595 0.7230529999999999
0.3912772633884645 0.4447241000353301 -0.112305
-0.5728662405637203 -0.2371834345973382 0.7243579999999999
0.2316824671262087 0.7564198042854995 0.518433
-0.4024681963196712 -0.2931933644562759 0.769239
-0.3093588734529472 -0.3390472865927752 0.716187
0.1018287620629958 -0.1920814104350491 0.768106
-0.04238744683448098 0.5423047884795542 0.764221
0.6663344689904185 -0.4096568448741666 0.664825
0.3242811214178946 0.4990493782312054 -0.372589
0.1793290471341318 0.6214950209092301 -0.494093
-0.5882529372271716 -0.9490339749790865 -0.379387
0.7571286715326909 -0.4903566730382514 0.6742860000000001
0.4662861908223244 0.7464733733720225 -0.223663
0.6637161072370138 -0.5781239804636588 0.673199
0.233021551494618 0.3189331664472058 0.666
-0.1571737782224471 -0.2885909694988411 0.711075
-0.6088339491594379 -0.02608933331695296 0.770859
-0.444788692565565 -0.2483826141556919 0.787598
0.1607996361005208 0.6693131395646884 0.631439
-0.8343080076725992 -0.3695018584505064 0.142639
-0.6228959435736039 -0.6248154220980383 -0.385132
0.3509605366502112 1.160031480929805 -0.454147
-0.7024010989596867 -0.5539403906903921 -0.084396
0.1478805507862092 -0.2344033725870159 0.740509
0.5927266253039055 0.9967706300252047 -0.415764
-0.6932167451403403 -0.4788146232405947 -0.397021
-0.06681505232329771 0.1943309346656754 0.674255
-0.2084302700706031 -0.3680918175975872 -0.556478
-0.1949692482880663 -0.247608643948442 0.696808
-0.723886341296081 -0.3265999220299567 0.403679
0.1592996775954194 0.335623135224608 0.707855
-0.1105339401286323 -0.2001004002635675 0.7457859999999999
-0.7590308475540261 -0.2348759924756401 -0.512062
0.09216339193996122 -0.2865963225621032 0.610046
-0.1530240907724989 0.08834850000000001 0.756531
0.1464966065333745 -0.3666824343477686 0.527679
-0.3317286307137191 -0.7362228427214148 -0.307358
-0.5922095083421044 -0.5934909571739093 -0.056198
-0.7551778834517127 -1.055016462890694 -0.450256
-0.4367542533832773 0.4092814427183524 0.684044
-0.5401539839662874 -0.6058621441403543 0.10759
-0.4949696592977116 -0.4223145981086934 0.658875
0.4590495079506484 -0.1268089290399838 0.734131
-0.8171477345925964 -0.6045493936041849 -0.261719
-0.3153847530426145 -0.3287324162023713 0.71228
0.04781512886063161 0.4504122325570667 0.793727
-0.5396393704406857 -0.1018588073677501 0.757965
0.4947541550423027 -0.4407446662109221 0.361992
-0.4585345930575981 0.03709278779632066 0.776215
0.6677818547459838 -0.4299618992073761 0.655421
-0.717834150344458 -0.241085219804637 0.480634
0.695415123504404 -0.4887576737385863 0.696785
-0.9255168658676258 -0.8181302349446373 -0.394333
-0.3142155692421378 0.6229306695434407 0.785721
0.1266234129877733 0.5503721847226001 0.651382
0.3867427334948951 0.6982400638712281 -0.249664
0.4775704183458399 -0.3907797712330816 0.348114
-0.1287187145756136 0.3566966464700807 0.791729
-0.7617422590747001 -0.5798742949896749 -0.237793
-0.1587778202741423 0.5592167481701457 0.749725
-0.2013823556608002 0.343821528247588 0.735001
0.6213788209097002 -0.4497263114371571 0.690782
0.7500798006704178 -0.2839476755077004 0.710683
0.3166191522791683 0.07585045839690666 0.513652
0.2060978156659943 1.018631888062467 -0.322708
-0.0880967986714415 0.3341638687168969 0.807836
0.5411697718631715 -0.6400584596125285 0.410614
-0.2923627378430494 -0.4201131161841015 0.65818
-0.6219391230000528 -0.8171901602509206 -0.377747
0.1008198746322713 -0.1256948547241815 0.803819
0.2632932103275802 0.3053252175752875 -0.5115229999999999
0.1483482157824633 -0.08015135305258231 0.770798
0.3214719583997684 1.016705765157067 -0.379364
0.1946804670932153 -0.3401115397533103 -0.163727
0.152093479006541 1.005133633139239 -0.253662
-0.2513988585100715 -0.03702959590426329 0.766907
-0.6984273537173179 -0.3493896620342743 0.702644
-0.007088626778822783 0.6914581382631855 0.6764829999999999
0.508077990659106 1.033642894029077 -0.446014
-0.483795932532631 -0.01520513564168159 0.770859
-0.09588432906535971 0.1401034704091438 0.751471
0.4187033018616313 0.7138893921211937 -0.291072
-0.7278692590614142 -0.4994765379618827 0.593765
0.2699342772715886 0.7352738829387762 -0.161301
0.01574044151436425 0.4204712444364452 0.81075
0.1980425040302476 0.009523679038552927 0.759521
0.5155445107474743 -0.6484547138221353 0.611521
-0.3387823510692424 -0.363430244759564 0.685059
-0.3295765413293024 -0.1194673145651756 0.820679
0.2910863414911106 0.648604332851948 0.442305
0.1011368122295391 -0.1918759027028849 0.777374
-0.2206757429622261 0.5147284011914143 0.753098
-0.3303359031543485 0.04972943217251629 0.775848
0.4045847741921996 1.050615384869671 -0.414734
-0.2868612757034146 -0.1569323042423375 0.811035
-0.3054839916229946 0.6763462056100279 0.74807
