-0.7293107082752049 -0.9925132012366984 -0.409515
0.6050878712276 -0.6806150639901025 0.424072
0.3551875770144153 0.6429929296062507 -0.021985
0.4255675606196341 1.199506637046354 -0.414429
0.4514723679582064 0.7063970795170447 -0.198723
-0.9166153744595552 -1.004840399562721 -0.4837
-0.5767481084016557 -0.7995850269209098 -0.359314
-0.2237150136544029 0.389064229934609 0.774231
-0.3711734874698701 -0.623723338720345 -0.143881
-0.7586408512692285 -0.5897604990956077 -0.228882
0.2138698621837644 0.7865774675100334 -0.392444
0.8307014692603939 -0.436120849318882 0.635254
0.2415361986951653 -0.08981503199292214 0.81032
-0.7634116360798594 -0.3997217407795982 0.583252
0.2446168796399491 -0.4180471360746473 0.410233
0.2163253033012049 0.008024416280434286 0.786987
-0.2832805324408258 -0.1048522749826738 0.780968
-0.03541047895218796 0.715949251334462 0.690048
-0.4518878927926067 -0.3760767896420326 0.648743
0.5769467824268073 -0.688984859573383 0.435481
-0.1492014697794962 0.46648947377796 0.779205
0.2098480768504711 -0.2532004690243657 0.735934
-0.1573876650225702 0.6599365676962774 0.739273
0.2043642773221261 0.9301573115740183 -0.262405
-0.6889550623645269 -0.6706771721471448 -0.317955
-0.1171604243490032 0.2294761923911967 0.765396
0.2273493086763729 -0.2896354463068623 0.725912
0.08557866069838153 -0.4046594116267053 0.129658
0.4607693285386949 1.135935887598416 -0.467384
-0.03167706848014303 -0.3511622920424463 0.538986
0.1012133033012049 -0.1913554162804343 0.786987
0.2276175163672556 -0.3864548969592728 0.371109
0.1064849542914578 0.3232913510744544 0.739441
0.3950972643772727 -0.3401154641670906 0.73822
-0.7274424081603742 -0.6208372105140249 -0.387756
-0.1481358642536837 -0.06871284331050638 0.752258
-0.5508172753916738 -0.2548255066650372 0.701172
0.2212568438879644 0.9099300951362895 -0.272522
-0.3694688165167319 -0.7359467620193226 -0.181793
0.1865564027453485 -0.0644348319677744 0.820828
0.1426717401848518 -0.1490612971955703 0.821059
0.134114320492882 -0.3947391828837524 0.048073
0.0647858847453974 0.3943164439923297 0.793142
-0.1190958691365766 0.2754699036838751 0.770599
0.1033681522703962 0.06848289161684239 0.767517
-0.5773627366077201 -0.0224815942015785 0.762924
-0.08808641341527113 0.1720598565082336 0.753624
-0.3935231336398438 -0.3599460614179265 0.6908260000000001
0.3769363762889326 0.7285869549533318 -0.271378
0.4621108241627593 -0.2226105738225734 0.302521
0.3610651739226805 0.1731732260777758 -0.320465
0.136262226825344 0.8728611000139704 -0.350391
0.5024324957049893 1.071806609934673 -0.443787
0.1637574680372096 0.3222102547592834 -0.61617
0.2393403969089911 0.7937917277500733 -0.219299
0.3769781440611507 1.191915298856932 -0.463867
-0.1204527259228594 0.3293937587914387 0.78125
-0.7717542956186243 -0.9755416509709881 -0.418015
-0.5644661317397789 -0.634606019325164 -0.283188
-0.05083553244082573 0.2977542749826739 0.780968
-0.8818147557606794 -0.8625839598414368 -0.435287
-0.2073413557784652 0.7432122372814833 0.603918
0.320139526555583 0.1028679255053155 0.459666
0.630684314465753 -0.5852047238085687 0.40049
0.3461737296276379 1.30329448796068 -0.433807
0.5196292449899376 0.6848602534212271 -0.288803
0.3459573053545342 0.6551636301236734 -0.053324
0.175060885488196 0.3700163480835525 0.697632
0.2670692984546096 0.37389359406516 0.627136
-0.2191354803927155 0.4504322142188032 0.723915
-0.8752375436020697 -0.8675798942105649 -0.446991
0.6982831901561236 -0.5433600365783142 0.681267
0.8768709023571969 -0.4067830454385669 0.580421
-0.5620467456228894 -0.2881135196475847 0.697048
0.4020306124371152 -0.2796145530608843 0.286133
-0.4383766570621961 -0.8080186428839212 -0.387272
-0.1256845105218704 0.5636500420516952 0.7478900000000001
0.8601445052747915 -0.2706540150128649 0.654205
0.7572631324097265 -0.3443877799675956 0.6844789999999999
-0.1684776149447697 -0.2556797890223666 0.649414
0.6744296624202625 -0.3321355585565789 0.72723
0.8397075300375504 -0.3026478944767935 0.6695179999999999
-0.4609165454119952 -0.9271768747027033 -0.316483
0.3010560298060361 0.7943323395490247 -0.319489
0.7554549686857975 -0.4524076114058433 0.687286
-0.2620670114843627 0.03290262112134748 0.653809
0.4449406532257686 0.7924498177399162 -0.307678
-0.3051212860262527 -0.2107355698682253 0.811452
-0.7358017140743108 0.04977204692702577 0.625344
-0.4597311186976663 0.5538123445951636 0.790478
0.09612498785681216 0.2532633628449399 0.680546
-0.5599663398529474 -0.3169281511536857 0.625362
0.2339581599425528 1.175353419865827 -0.387924
-0.3386957110172353 -0.1337121797875175 0.822489
-0.6348191862596886 -0.200125084221311 0.589355
0.5192412226434843 0.9443341790026979 -0.380844
-0.2374990529296778 0.412369573576308 0.708527
-0.4185169118463989 -0.6194085551447877 -0.378235
-0.6354833345973521 -0.9600334228859065 -0.420593
-0.348055364428052 -0.1732735750362873 0.821635
0.8469222203614337 -0.1879876842749521 0.404719
0.1308274899665891 -0.2254561403511602 0.743851
0.6646822143867499 -0.6404686337947603 0.632431
-0.7195405865517356 -0.5384688540155171 -0.205953
0.1282828599136032 0.6137944311106015 0.5683589999999999
-0.2143761149447697 -0.3351783230135668 0.632812
-0.09363085851007151 0.2362325959042633 0.766907
-0.437495724070726 -0.7283148221846313 -0.31192
-0.05071605568238807 0.6748532147986115 0.575684
-0.7052839305307932 -0.587309601441212 -0.213928
0.1147736893737231 -0.2744721386325835 0.674698
-0.3096558917850448 -0.2130977374347476 -0.6762899999999999
0.3494335981886643 0.6386027459343744 -0.117839
-0.1138370591247535 0.8067044298117045 0.637695
-0.4695540899435636 0.4441544593159815 0.746658
-0.404619486220301 0.5339724921340234 0.813187
-0.281537515522684 -0.1321372811220001 0.7909389999999999
0.1904098380750612 -0.3705744861930311 0.048173
-0.4183775523232978 -0.414593177370258 0.59848
-0.5784417723644744 -0.1690725389554603 0.73724
-0.287612546031661 -0.1350615426210794 0.799774
-0.6296015959652249 -0.1972519527382217 0.7291260000000001
0.7321271508782426 -0.2160185770782385 0.378769
0.190245935894583 -0.03798037309709062 0.818621
0.1243423927926066 -0.1912486581485191 0.812164
-0.02783871013636604 -0.03639806037336868 0.751058
0.007569410954151598 0.9322686043559588 -0.114929
-0.709118289997191 -0.6305229068514956 -0.248131
0.2089953612442839 0.4459745842213111 0.589355
0.5995762131251045 -0.5585195358575735 0.689649
0.5799689692366838 -0.005962278468712446 0.600891
0.6447928412543155 -0.4808420385908319 0.704361
-0.338197526258082 -0.09921329847310752 0.817617
-0.01929409681787026 0.8202196440252956 0.678009
-0.04488897581444339 0.2612400131896535 0.757385
-0.3024602699341846 -0.232586554797005 0.803022
-0.6256511440741809 -0.5149195693500768 0.597511
0.281191672190818 -0.08785173710025077 0.771362
-0.2674404381398246 0.4473635731433424 0.767944
-0.3285977502766184 -0.2688559987319331 -0.6448159999999999
-0.64105521016459 -0.6178021944618143 -0.240433
0.3175740606248462 0.5693724081681922 -0.393562
0.6782439106188877 -0.4866230868838821 0.694901
0.2314999097292464 -0.4573063944013366 0.526459
-0.2576017752951128 0.4862246370689233 0.7607350000000001
-0.1599778664237239 0.200510207267643 0.767487
0.1574198704425935 0.04509921372748196 0.76651
0.08897314406184882 -0.1337299939757327 0.796885
-0.1349965260153766 0.724935158096074 0.733974
0.3797700330934851 0.81247499251003 -0.329338
0.08516166114202701 -0.1314416760450451 0.7890470000000001
0.2081412785137821 0.5522532695382149 0.642464
0.7605499106188878 -0.3440649131161181 0.694901
-0.2103763247136455 -0.09176848311364198 0.761955
0.07581078181356303 -0.07604787413739021 0.749715
0.4716148335632185 0.716122853334634 -0.190384
0.675546911776154 -0.2545704259074514 0.725449
0.4805763429378042 0.7836546428839212 -0.387272
0.7747540878503768 -0.4033265564714659 0.4039
0.5303773399634925 -0.3062135000000001 0.739258
-0.5430879542885961 -0.1716139298064924 0.7390139999999999
-0.1415550010471638 0.9024475461208467 -0.379356
-0.1315651085591781 0.3160225474721886 0.768509
0.2541711217144417 0.1099152966261861 0.620468
-0.6113157468978205 -0.2004619330939413 0.721741
0.1897520838346247 0.3707142500436388 0.689087
0.0817861256208583 0.02800372492953724 0.758813
-0.4736305009055333 0.1825619084173193 0.742294
0.004667084299374023 -0.3188203728702771 0.54538
0.7433615332125465 -0.62109005608357 0.5712429999999999
-0.08820158296608732 -0.3550256230052648 0.626167
0.7340406467514342 -0.1123943050057976 0.408051
0.5764898107054809 -0.6567323578123427 0.627487
-0.1156503912581242 0.6083276464257092 0.726433
0.1093283827480734 1.043664313629 -0.296764
-0.3434763915679572 0.4596934386038759 0.801598
0.261793282420897 0.03504326623322177 -0.519338
0.304068949611157 0.2369728697306247 0.440979
-1.007316373335027 -0.8282191379122853 -0.442123
-0.4676862073127127 -0.2448402730648093 0.780941
0.08879746661517994 -0.1762762762391071 0.75592
-0.3081024190445227 0.2190769562800099 0.806559
-0.7051828005333011 -0.1667244391473864 0.424713
-0.4705182108030095 -0.5385614469972156 -0.434731
-0.6582562406379677 0.170902746815755 0.773819
-0.9398358026767696 -0.2399653610084425 -0.225983
-0.3193181993209971 0.5874886549946271 0.790466
-0.7197570416002317 -0.7867557651570671 -0.379364
0.5276041248417622 1.031391150508845 -0.390442
0.1803494845214318 -0.01265752969002328 0.8093669999999999
0.6687199644173585 -0.3576130455934834 0.721741
-0.1100599408092597 0.8703785906403387 0.197056
-0.644584908372948 -0.8249718110940751 -0.384743
-0.6177753737362085 -0.5838123349759646 0.080429
0.2497994548579803 -0.007336652482969965 0.7897420000000001
-0.7540829747022468 -0.3524960253069678 0.562111
0.1092014653891341 0.8646804863149542 0.571686
-0.1842550066517514 0.6947769669302251 0.749115
0.5962026901483055 -0.0555426490538904 0.411415
0.1476742286331061 -0.06485273303891763 0.787006
0.8150702010765698 -0.4705810000000001 0.455902
-0.4582999368065379 -0.4123747756545294 0.668797
0.6118880396379957 -0.2758568268032724 0.348866
0.5161147981314909 1.029497052901897 -0.40918
-0.4640976030910091 -0.4245986282245624 0.660614
-0.2055435963690128 0.3284820479184401 0.775932
0.2830216128013012 0.7872658130119398 -0.305939
-0.4025941753942937 -0.6195775666142125 0.089194
0.1540991382335652 1.210685536823114 -0.384773
0.7709707346163064 -0.3398715164958561 0.7039029999999999
0.1449880873353455 -0.3041712662429478 0.665413
-0.8877607583627314 -0.3111867384501276 -0.33139
0.6327937425947359 -0.0255810871142555 0.59922
0.672275610188058 -0.4789764864649143 0.662458
0.1691367197773672 -0.05910260792006032 0.815252
0.4715935290406683 -0.6135960471808536 0.434143
0.3752487466572786 1.054089894686948 -0.402608
0.415350437397026 0.02412606051760531 0.633682
0.6791842773783181 -0.3383043238787998 0.714542
0.2919671008856251 0.7347318528724905 0.046444
-0.2129905094692389 -0.04884238393070173 0.696226
0.429501030638974 0.04570360696989999 0.489352
-0.07060906844975566 0.8353895059699145 0.624237
-0.4699184781261143 -0.04048467952987407 0.762207
-0.6516215743243187 0.006490325962260687 -0.644989
0.4184686789234942 0.698441013271719 -0.256271
0.3242020768504711 -0.05513353097563434 0.735934
0.7735939596654162 -0.2700659574311102 0.69943
-0.4455099910244327 0.584768060266128 0.784935
-0.01213254320896148 0.5928478187370539 0.699112
-0.2974959380594113 -0.3011320797642639 0.737062
0.7441182047943783 -0.4594554624591938 0.685654
-0.1800713128333131 0.3472873371870721 0.763641
-0.445042589306098 0.4001156237898288 0.746075
0.7598647022940994 -0.08038372874842073 0.470505
0.06189991547025248 -0.3189802014213039 0.473963
-0.4215953060636412 -0.3652344903347776 0.684326
-0.004969351685603952 -0.3416531696001441 0.46718
0.2951479692366837 -0.4992867215312876 0.600891
0.6672605448414014 -0.4765348344486016 0.655165
-0.1420270773576841 0.8959858859659757 0.142288
-0.1529265509278398 0.3703774439667119 0.780121
0.9072906420445617 -0.2843165107470318 0.608459
-0.8383241095437283 -0.8623799509396743 -0.451538
-0.232367952997773 -0.00623310064291959 0.6755370000000001
-0.5316489921632012 -0.2225090662194521 0.726967
-0.3582776862226927 -0.5638531557559235 0.483734
0.06103378263607676 -0.1865763874961999 0.757772
0.1455855188402646 -0.09698648452238573 0.806144
-0.6661986420749491 -0.5520838960072046 0.116669
0.3958248681238027 0.7302967824896767 -0.283401
-0.2296944831454258 0.3711094849738493 -0.74398
0.02110710650966445 0.2805765808755066 0.757263
0.9395313242263269 -0.1949500111375339 0.55545
0.01329514893075771 0.2463858734422673 0.732613
0.1149812654074039 1.009945393604185 -0.261719
0.5179671043037691 -0.5094406586965436 0.706566
-0.4671944134895186 0.07141153882381138 0.792694
0.243081240957084 0.760903059704562 0.463623
0.06499948165461655 0.217318404691437 0.663086
0.4940321023456045 0.9132907018326543 -0.392426
0.1494116965445769 -0.0783693503397296 0.779236
-0.313616129040212 -0.2259990695707243 0.808131
0.06812723967573098 -0.3581241595022116 0.382414
-0.07444455380794089 0.9143522504578511 -0.342665
-0.7591685553777673 -0.3551105094229596 0.594421
0.397219755066766 1.071170797545703 -0.418252
0.5445411460138476 -0.6683990682922333 0.432922
-0.5097467916635781 -0.6018733421565444 -0.129658
-0.9116220847755017 -0.299577768133031 -0.27677
-0.6838297114793788 -0.5840858040074501 -0.206879
-0.2878335408237415 -0.04830831682917078 0.764828
0.1969222973291271 -0.3839565758827668 0.408707
-0.4385835648489139 -0.08503701768299822 0.802961
-0.4658375247919367 -0.6321722610117607 -0.271759
0.6780810749306987 -0.4743331265691109 0.650482
0.325285255769707 0.6660905899461695 -0.133993
0.2814622949856725 0.5965469953301235 0.564034
0.7310535279764031 -0.2488261464923943 0.7107869999999999
-0.7456903701892083 -0.3485496078825531 0.527069
-0.1376751141556918 0.6365397073444965 0.616089
-0.260915300497259 -0.5425745569333537 0.257534
-0.8469600773576843 -0.3249938859659756 0.142288
-0.529899889691858 -0.1067775318714416 0.75415
0.1054556046608352 -0.1131015347845361 0.798575
0.1522946943401468 0.8375281483203064 0.54911
0.3815461672920331 0.5796653471829758 -0.02147
-0.3350363441887697 -0.09358597051708276 0.813375
-0.4829480466010453 -0.8024325541291522 -0.322876
-0.5652932265373133 -0.3922325895371697 0.662811
0.3295015961839646 -0.11534049423433 0.744956
0.5016990771207023 1.070582291683473 -0.433105
0.258674083614931 -0.01973734457761951 0.797272
-0.6583843453256303 -0.7064571370119642 -0.341881
-0.9840392366281259 -0.9107739544812067 -0.432667
-0.9684007464781408 -0.8100092949877672 -0.481333
-0.7733168786641711 -0.1814341241969208 0.302589
0.3015810018919912 0.07896361787445431 0.519124
0.3196832247535169 1.189301587600552 -0.456627
0.940369413975372 -0.263704397110885 0.53524
-0.5877204898939939 -0.597717749145668 -0.019297
0.3600643864639742 1.006705811351719 -0.38504
-0.6713524992479182 0.5187633615142594 -0.469788
-0.4623484529977731 -0.4045710113930138 0.595703
-0.5344477070320575 -0.4283605825682097 0.6516420000000001
-0.2465446509909512 -0.1057378618506639 0.752441
-0.2110083224045807 -0.3057691352246079 0.707855
-0.374984031729811 -0.07936139498305259 0.8131
0.3719924684621014 0.2487418554093228 -0.215485
-0.5389692611031096 -0.04900014394844199 0.696808
0.378438026940873 0.8339558901777114 -0.333691
-0.8639048354578157 -0.7306570679173675 -0.349113
-0.1229495949382111 0.478197054797005 0.803022
-0.9191646184091931 -0.9744618196043817 -0.517144
0.5436058196483106 0.7397208989209975 -0.320795
0.08110914304551493 0.2980171567132037 0.747841
-0.0941904455673678 0.944217362689768 -0.260216
0.2793283509169319 0.1618968957825546 0.508305
-0.1785867612155624 0.5418286560154748 0.752808
-0.5318651396852151 -0.09931744470951041 0.731094
-0.4185452472209393 0.3576703665468566 0.744476
-0.5699048488114132 -0.4583001536212269 0.638559
-0.01872677114173259 0.8431142809208044 0.29425
-0.2082349031543484 0.2612145678274838 0.775848
-0.3824142392835769 -0.5233828919769572 0.588684
-0.6810280621457871 -0.449751205016678 -0.43855
0.6248526624202625 -0.4180054414434212 0.72723
0.1356279188756221 0.4102524464174073 0.722916
0.3549944031643301 1.063056342683209 -0.399021
-0.4293885796997424 -0.4212748362297919 0.66449
-0.9255168658676258 -0.8181302349446373 -0.394333
-0.4254961394933027 -0.8807789320268145 -0.267883
0.279236029909717 1.151904991107452 -0.443726
0.5772104183458399 -0.2181982287669186 0.348114
0.1571010769230663 -0.3763729528454626 0.490282
-0.8300196163205201 -0.7159861467459663 -0.452255
-0.1582431089444681 -0.3602971046394756 -0.554281
0.383717173089487 0.05407163952769247 0.339714
0.4348825145488138 0.6867486105218567 -0.200445
-0.01501182783289205 0.2635487514789543 0.759277
-0.2951448195128458 -0.313635822986995 0.71875
0.3394256995027411 0.4972465569333536 0.257534
0.1213147409253001 0.9496252949896751 -0.237793
0.3749179383728041 0.2703489179306739 0.056397
-0.9324969176798947 0.1650499606770495 0.077751
-0.5742850728963789 -0.7607969242849243 -0.345428
-0.6742086402413134 -0.6531756197998814 -0.286621
-0.2311869781261143 0.3730104078372553 0.712723
-0.2360461561836771 0.4523020645585327 0.70314
0.7787858548850084 -0.1608693311232028 0.665283
0.2213914388446734 -0.2023447795602477 0.762625
-0.2122027781310982 0.2923660067696721 0.7753910000000001
0.4454920135989092 1.259132801919476 -0.43515
0.6768801324097266 -0.4836152200324046 0.6844789999999999
-0.5983607352160779 -0.9441831946485146 -0.415306
0.3214719583997684 1.016705765157067 -0.379364
0.2929842588827877 0.7336596222029012 -0.269318
-0.06958035452489358 0.3222932907542292 0.800781
0.2952341551329534 0.716752556819947 -0.235311
-0.3735884364974031 0.3151838468662786 0.792339
-0.1963448474956704 0.383552748333136 0.7501370000000001
-0.9112028548373328 -0.6679256405800683 -0.33886
-0.1385994128857445 0.3484247749826739 0.780968
0.6316042900925422 -0.7026192792812447 0.446594
0.3199489493065362 0.06736583602719969 0.568802
0.2797741670963051 0.1585610720560653 0.523553
0.7749252139936418 -0.4150081572968277 0.688099
-0.6447085542126829 -0.5847619719706405 -0.187881
0.2578565253921508 -0.1012813969576206 0.798967
0.71770294837036 -0.6242120286805537 0.610291
-0.2433904183354157 -0.08977657063238356 0.76276
-0.6731586294952356 -0.5391489478391812 -0.35603
-0.3100726119220841 -0.7510515178846366 -0.176682
-0.9663617925150139 -0.0002957231293375843 0.034447
0.1462050067431003 -0.08441150000000001 0.764771
0.581016527976403 -0.5086978535076059 0.7107869999999999
0.6108489755866761 -0.2556085385324764 0.733734
-0.5304445713796961 -0.6882889482287293 -0.325378
0.3182376793431739 0.5337778295051896 0.496445
0.4287847585729547 1.214844987359512 -0.413696
0.2509610332536136 0.02330126031524131 0.732452
-0.436253026258082 -0.2690504064346775 0.779948
-0.5204316689854346 0.7758939074493594 -0.334091
-0.418781251701254 -0.572168405203862 0.406708
0.1662505003817301 0.8369763134449054 -0.378812
-0.7507200060505835 -0.3569571927380255 0.651794
0.2875112106668467 1.052652024620617 -0.392242
-0.3882857352274559 0.003213378731809861 0.775616
0.3186455226060046 0.866776234757937 -0.33474
-0.3101780488994303 -0.04701014008639683 0.752441
-0.6355648315798785 -0.7672125798003059 -0.444733
-0.08798476297660272 0.7541619202326189 0.7182770000000001
0.2790379284333481 0.1069518692853271 0.510136
0.1928099161520896 0.2701745709785142 0.702332
-0.7361663836808765 -0.343115579359522 0.489059
0.1308122257442329 0.6759754212401808 0.642761
-0.3737684478873683 -0.699827942007082 -0.207185
-0.5878900113930138 0.1448306310050541 0.813293
0.09149554158694576 -0.3231530733053787 0.483134
0.2351430483338617 0.7985337067608725 0.018392
0.8617420449564605 -0.3278529951171071 0.648621
0.8079327174068295 -0.4209314843541834 0.428345
-0.4064221231364714 -0.7422737665923826 -0.254913
-0.1879006272276803 0.5474265668675976 0.74835
-0.3840653366442596 0.04181132350609747 0.776787
0.04959341727757204 0.6584683184457188 0.675156
0.9095605332125466 -0.3332249439164302 0.5712429999999999
0.2471939771861913 1.278798527811505 -0.490382
-0.07355283808930094 0.2486167473884434 0.769531
-0.6968492512213109 -0.7957623083316387 -0.378803
-0.03446664389816034 -0.2568419783979975 -0.60319
0.2693055734809567 1.18858893603049 -0.414108
0.2094817096191714 -0.1937470356832051 0.787231
-0.3851137342509796 -0.501844554415275 0.610382
0.1825436428844325 0.7371448640745459 -0.432941
-0.9941000338732797 -0.818511766474462 -0.403976
-0.4356908029363207 0.05822739292381312 0.782555
-0.1617698707638044 0.7768743647032395 0.652088
-0.3492986831423497 -0.3277890662194521 0.726967
0.2632643990764253 0.7670373150244575 -0.236839
0.2820936137227262 -0.4170695285415291 0.380783
-0.4934075578021467 -0.6231609589517955 -0.283508
0.4658387697170969 -0.2158035827146099 0.743988
-0.7896908175427917 -0.9590626182547191 -0.464844
-0.316081206282139 -0.1032607085983236 0.807831
0.9228447097339747 -0.275774075244603 0.585682
0.489360165523873 0.6596306698876635 -0.168777
0.3223861759601179 0.7286032364207642 -0.285643
0.4918181381189488 0.02755800330594686 0.48753
0.2252209568308962 1.069140140160389 -0.373138
-0.2371459747022468 0.5428651230052648 0.641357
-0.6659799458904868 0.1780928968957052 0.745796
-0.7322816365763927 0.4227830000000001 0.257401
-0.1668854614620559 0.5654219017031412 0.744164
0.07537329567818937 0.8452723776485354 0.293335
-0.05796871905141436 -0.06646876664673558 -0.723267
0.424519786218165 -0.54815816145186 0.408932
-0.9003402587026959 -0.2115490721727763 0.087799
-0.852320001047164 -0.3286335461208464 -0.379356
-0.4191512900565003 -0.07474533043589797 0.798264
-0.4784910632684079 0.1725971674514634 0.679674
-0.4966570177601075 -0.6262731886961442 -0.29549
-0.560255209278253 -0.2326044876750683 0.7234
0.1303373705047646 0.8525469478391813 -0.35603
-0.2689028708658332 -0.3282254346407558 -0.60171
0.14548367654088 0.1677031194407206 0.7464190000000001
0.2083007638230822 -0.3657044938030165 0.152047
0.4097381548228647 0.03161330195272449 0.40749
-0.3261066575658491 -0.00715529959051622 0.736847
0.3407257487786892 1.001370308331639 -0.378803
0.1183968144660086 -0.3430747018905672 0.461434
0.06093689472566487 0.7527937977203274 0.654057
-0.3318052269702789 -0.01848951132944612 0.772064
-0.653699880957344 0.03884059328015344 0.803162
0.2853611113899514 0.6659359434317176 0.30014
-0.08453006484891377 0.5282016329145892 0.778379
-0.267776646236403 -0.2699547563618472 0.727783
-0.4963362827786614 -0.725307659412515 -0.325281
0.5435617899200818 -0.008139362805338026 0.446335
-0.1418683665653545 0.3765907811220001 0.7909389999999999
-0.2564082869621732 -0.3774321805001845 0.6787029999999999
-0.6753918605906707 -0.4106670175615177 -0.473598
0.5360717044397314 0.9335074285896611 -0.344574
0.1141347504026128 1.081933186606517 -0.316818
-0.2999357775114324 -0.3515360056574754 0.709106
0.8775075366496999 -0.1868383624981112 0.6213070000000001
-0.3758937050143277 -0.5420269953301236 0.564034
-0.5474121663055752 -0.3074296847226 0.651382
-0.4133245870122268 -0.3848451847226 0.651382
-0.1772640011491925 -0.07894225634334928 0.7536929999999999
-0.5190242472209393 0.1836356334531434 0.744476
0.1279770631934622 0.6030867756545294 0.668797
-0.04260986656535452 0.5485115462050755 0.754242
0.1092193361000507 0.8501694392942293 0.205212
-0.7145079529197101 -0.186782076868969 0.739441
-0.3413292473025623 -0.2442195984372799 0.803835
-0.6199986459635659 -0.2832811554328047 0.6962739999999999
0.248128315223047 -0.009315151237216487 0.7985989999999999
0.103006567800912 -0.109245391055532 0.7909389999999999
0.09173298961976026 0.795514198751613 0.629745
-0.02478477228831902 0.8391675151426062 0.661263
-0.4146675153359838 -0.8853392048102704 -0.277496
0.2710954261093453 0.8085470517209203 -0.29541
-0.4437851514839244 0.4023075699851921 0.504364
-0.7634330838829986 0.06188911053565384 0.66384
0.4238418241627592 -0.2888944261774267 0.302521
-0.5804435146142892 -0.7448756582357967 -0.342461
0.6450147555594835 -0.4787496717393545 0.693634
-0.7865796921193136 -0.7879839909525357 -0.403824
-0.2069158385825299 -0.2621367453156623 0.725708
0.490097635203504 0.7511560048418259 -0.212433
-0.03472588664094842 0.020049 0.742762
-0.6064390292684358 -0.59460321038568 -0.201538
0.3511829136444351 -0.395335350817765 0.34787
-0.2312823192798663 0.3285332721149047 0.694252
0.3915156648235379 0.5491030234334747 -0.067928
0.3440998030480754 0.6433103417537104 -0.139013
-0.0880967986714415 0.3341638687168969 0.807836
0.3393445079506483 -0.3341440709600163 0.734131
0.2023130556003226 0.8083324913342658 0.502136
0.7921300541557238 -0.4573365000000001 0.662971
-0.596274269113323 -0.3022473293502731 -0.5773470000000001
-0.55766702785448 -0.6062876259498875 0.059174
0.4647321770234293 0.7571497425166729 -0.241074
-0.1663394848241448 0.4450755609797488 0.771889
-0.7352305608618281 0.0508233133099519 -0.583969
0.1576518720442034 -0.2706409477110922 0.7131729999999999
-0.4651413618383321 -0.6568644714057702 -0.278249
0.2404781004704592 1.020330288122488 -0.371647
0.7198463778034518 -0.4156035000000001 0.6443179999999999
-0.5087703393703982 -0.1917620771735899 0.7613220000000001
0.6842092625488492 -0.1952247942561597 0.372894
-0.4963298665653547 -0.2373545462050754 0.754242
-0.2470147768004175 -0.07554814363860911 0.766754
-0.6922212169183701 -0.6120483177797738 -0.231506
0.1978435822605403 1.046959136426688 -0.324158
-0.6840052823924175 -0.1176159017491646 0.522935
-0.1983741359515146 0.4125099176244009 0.761475
0.3300602810147593 -0.4151808237219755 0.363983
-0.4833524167399718 -0.6810929437548364 -0.314209
-0.2260061619761745 -0.5734761553663754 0.02333
0.5385362902484127 -0.6841717835700896 0.572693
0.1155213330932569 0.9113928182756087 -0.277114
-0.3273034108680148 -0.3667101371139929 0.701904
-0.05459148253097192 0.6255367785958477 0.711151
-0.1365117901981308 0.5595146435446543 0.7186360000000001
0.08799800872644024 0.04765102207908394 -0.690063
0.1916231826624066 -0.2033469117206602 0.788879
0.4457380791754278 -0.257347 0.302048
0.3965685456544449 0.1584788697571964 -0.042689
0.4106046032644234 -0.2123959653243569 0.7463379999999999
0.8022178737917023 -0.3607918838528945 0.688568
-0.1658969217194256 -0.07054589723732188 0.648926
-0.872173805028298 0.2464926566603159 -0.361626
0.7520131396956392 -0.4055430340877612 0.651792
-0.02248488992483743 0.240535028247588 0.735001
-0.7752086198860183 -0.6565127161079326 -0.276016
-0.317708602499567 -0.1822714415309544 0.81896
0.723848279873385 -0.1696580022879609 0.690704
0.2562212060937866 1.046368146931015 -0.390503
0.6606985747757822 -0.3814545000000001 0.713486
-0.0805233526903041 0.5187534619446051 0.790044
-0.1119023910438982 0.4382933732235276 0.816376
-0.7174778432502432 -0.7264660778143598 -0.361694
0.3218883163494834 1.057424918280109 -0.392609
0.002416352288679815 0.8719072449329786 0.625923
0.1456271485110779 0.4666496201825652 0.707306
-0.5050508323041791 -0.747209701955787 -0.328644
-0.8854332944480722 -0.9139874526971546 -0.415649
-0.2892245107840277 -0.07307954747218855 0.768509
0.174531142362724 -0.2052151939247252 0.798418
0.04560084259167349 0.2921329762367292 0.7571329999999999
0.4898975338599937 -0.07652058085179655 0.71077
0.7179182139644641 -0.335661177734444 0.655558
-0.4231934585188298 0.8704314284145946 0.006268
-0.6253025094281718 0.7342662835700896 -0.172211
-0.4228331605966085 -0.3893805172782565 0.684982
0.5170500832697544 0.9922930142809332 -0.42532
0.3747898718390053 1.049423100187385 -0.491119
-0.2251795870122268 -0.05896848553255362 0.717094
0.4277971013672204 0.7038563148987186 -0.24704
-0.02156939460253221 -0.4079652873400876 0.289172
-0.204351026170293 0.727795640094215 0.720879
-0.5593025768903287 -0.4172564799782478 0.6541439999999999
-0.3543112097290183 -0.3120190169418519 0.743866
-0.1424059752317734 0.4431036155971733 0.805555
0.5531411508782427 -0.5260314229217616 0.378769
-0.4222738443180684 -0.3808757530663245 0.686737
-0.2790493855410838 0.4923962864219669 0.766949
0.1277411923859846 0.3840342354319558 0.729675
0.3168894459607317 0.5364326207863394 0.523003
-0.199392366435102 0.7157782906930121 0.53743
-0.1816073704406856 0.5182708073677502 0.757965
-0.5646745738906549 -0.6390490517209202 -0.29541
-0.4256346260969859 0.3289272021394386 0.559875
0.7577990750989011 -0.4375155000000001 0.403885
-0.04206357211537465 0.5350937559483335 0.7774759999999999
0.2971718877882332 -0.398831191769623 0.355516
-0.3789799677299827 -0.7194165591591434 -0.343193
0.2770608043213545 0.8783813898704845 -0.325989
-0.9795845493508939 -0.8157702097852103 -0.393715
0.094019000387896 0.5714156855486737 0.679321
-0.2175358569544851 -0.2192511567132037 0.747841
-0.7702719944563741 -0.6227242300458523 -0.24118
0.09831400103934568 -0.3127171551044738 0.538971
0.03874130358376791 0.2378179061585362 0.751236
0.002732008726440242 -0.1000340220790839 -0.690063
-0.2198174590298585 0.537476992569595 0.750092
0.288529716314596 0.204964128150315 0.517473
-0.1543730758720869 0.4439979892688602 0.783268
0.7252812225651656 -0.4827740727414624 0.691978
0.4257450167036603 -0.2458040000000001 0.286377
0.09306079027098182 0.4628520169418519 0.743866
-0.5256383978437019 -0.1086744114743947 0.750977
0.6749391657803068 -0.4812590728503552 0.672794
0.04898114776827937 0.5145558365476987 -0.620608
-0.00861324630993828 0.7511334197730816 0.684937
-0.2983711407974117 -0.309517975373404 0.714844
-0.7178328465172864 -0.4249789615097317 0.663361
-0.3216890558055208 -0.07112778889402185 0.78125
-0.9651397195673996 -0.7504250306935141 -0.439149
-0.3691472892226085 -0.6566058604098808 -0.198592
-0.7473837771102506 -0.696240674707687 -0.348053
0.8412614073632225 -0.4857025000000001 0.563019
-0.0531652743947917 0.2804890435498801 0.768185
0.707773030176575 -0.4543371515071919 0.646245
0.9105972926566445 -0.2410052238840257 0.608551
0.1867875140451607 0.8634414645457034 -0.211884
0.3717269271036214 0.8777439242849242 -0.345428
0.1359897349804922 -0.1666808697059609 0.819855
0.8337338534629788 -0.4343486058119356 0.454895
-0.1014364060221176 0.5733309910325066 0.728027
-0.7147942361244728 -1.050833933924972 -0.487467
0.1034324191614893 -0.1564817948625398 -0.597351
0.2033669488496048 -0.4302281120122234 0.526672
0.1609504938447819 0.524104432842464 0.629669
0.4717233692862812 0.6553968427214147 -0.307358
0.7045895308114346 -0.3248031341534784 0.368114
0.2286185989499608 -0.2073129710634552 0.754233
-0.3317286307137191 -0.7362228427214148 -0.307358
-0.2708641279023976 0.2034975685252127 0.798808
-0.4263702199358437 -0.3445428837631977 -0.589587
0.001973102749392284 0.2697755142105012 0.759155
-0.1838785053343565 0.3660830863410696 0.758301
0.3298981899042036 0.6646224262390865 -0.107198
-0.5626438003809905 0.1787163511764831 0.773888
-0.4788022087081705 -0.5892897522587488 0.489685
-0.5143728328654896 -0.6275838805561621 -0.381981
-0.2323470687038391 0.6665930720152539 0.763077
-0.5110506247504133 -0.3264496473075324 -0.58963
0.581639550836491 -0.3040947462596567 0.736816
0.1673141716492151 0.8613926461227406 -0.167344
0.7474531789974859 -0.41716511769748 0.65155
0.2004267401848519 -0.04902670280442976 0.821059
-0.3998011640795298 0.6533140708890732 0.65483
0.2413232114599269 -0.06363393670571872 0.814264
-0.5078906942329061 -0.9769824871028224 -0.391754
-0.7369575958103085 -0.5061839989672628 0.569221
-0.1166842883113518 0.5935508841997232 0.691101
0.02511979459256437 0.1870627605100154 0.644775
0.4512237217509814 0.7217284116530214 -0.217102
-0.568676494456374 -0.2735505814686008 0.655518
0.7026666987542191 -0.4740915769709978 0.665469
-0.1138226154795084 0.01821344693911578 0.745741
0.9232192504037536 -0.2997413517750451 0.566071
-0.2837332481597216 -0.5677944016091862 -0.349991
-0.2879014061267524 -0.4476338629820568 -0.47702
-0.2959633702077061 0.8517564056209359 -0.408508
0.8480187232787864 -0.3074024855114498 0.420868
0.06765831994059936 0.3933716476918685 0.787137
0.2150905585150693 0.9306917755764663 -0.277306
0.3962385090353194 0.03293522956451272 0.354582
-0.5710129803927155 -0.1590374938215144 0.697773
0.3564918732600809 1.083750036971865 -0.40859
-0.2922739339546606 -0.05213130333750254 0.758423
0.6541065020891156 -0.7192263048204938 0.526527
-0.9516760572882563 0.1762027164299106 -0.086288
-0.6837333626900236 -0.7724569230090392 -0.369965
0.2185495101166861 1.042052855491389 -0.354919
0.2561475262350703 -0.005267470327776452 0.751259
-0.8684522919167077 -0.8091954935493757 -0.425629
-0.6888230745388002 -1.010856562527006 -0.499797
-0.9105742145020644 -0.7266968035796967 -0.448669
0.2057442109145084 -0.1893005733329043 0.793749
0.3668816055986636 1.196035581259332 -0.443634
0.3872415750099714 1.108530082720265 -0.5067700000000001
-0.5374150926955757 -0.5612242453030748 0.5476760000000001
-0.1250220562252005 0.2605674465512198 0.7724299999999999
-0.4407567010528597 0.2544710000000001 -0.75238
0.600010082256469 -0.5964340524782143 0.670258
0.275999280146222 -0.3486152239343074 0.265686
-0.5558131787790018 -0.1731466651615947 0.749802
-0.2157156709502765 0.6494414979253113 0.760895
-0.7515015855849851 -1.045016928201765 -0.432953
-0.2006252125993935 0.3028509384985429 0.774925
0.499766721461554 1.235687353503535 -0.469897
0.2326151638911774 0.1038992824704805 0.666538
-1.004399277406798 -0.8737045795540406 -0.448822
-0.3619459136907143 -0.6774767121042568 -0.341354
-0.753794809286313 -0.1896129081655862 0.666702
0.4989520213628572 0.9524362515396604 -0.414246
-0.08102624056372013 0.6147084345973383 0.7243579999999999
-0.4102897075126988 0.3554593807654317 0.772156
0.2199856451685777 0.02146031436779552 0.751031
-0.4637681066671871 -0.7027599236775904 -0.30632
-0.5742611378162359 -0.5785054675100334 -0.392444
-0.2935267636373358 -0.6071572680011263 -0.328522
-0.9252212726655353 -0.8857342525002446 -0.407284
-0.7897436934172566 -0.582842201955787 -0.265503
-0.2483277675126669 -0.3183603102620911 0.715836
0.3533834614594499 -0.02085589019767454 0.711853
-0.3907953128333131 -0.01769733718707199 0.763641
-0.7769485743376046 -0.2323104056209358 0.27478
-0.05987190642329947 0.2150248161288359 0.759094
0.4388133235644531 0.7155209714517938 -0.238602
0.1439028558700698 0.952617057721222 -0.227539
0.1364368808745802 1.112651609700995 -0.309219
0.3299566042969049 0.1321736029351387 0.410703
0.3011623633348647 1.314948514623504 -0.450905
0.2296580564263963 0.8518514220980383 -0.385132
-0.4515619233466534 0.009985806000073554 0.774292
0.03636832090309156 0.6337017795901237 0.622635
0.2770817954186381 0.6196297475174865 -0.421707
0.3415997179482455 0.710552067337559 -0.253184
-0.7248393036606214 -0.6486465012630419 -0.269104
0.7753347109469905 -0.4291748877680832 0.686218
-0.3944096946454659 -0.6271896301236735 -0.053324
0.928060135647592 -0.1725746925791065 0.464617
-0.2623409423171705 0.2480521590011645 0.795417
-0.3990516997309511 0.3810821812192731 0.650537
0.3584563238311241 1.313530565169869 -0.469051
0.6278711024594538 -0.4751333499359418 0.7154239999999999
-0.07249332345912 -0.2098441194407206 0.7464190000000001
0.22414672604078 0.5699355178528528 0.627991
-0.506303797337201 -0.6167199010530879 -0.253517
-0.1924750965187172 0.03101935363785837 0.756691
0.06383621009841631 0.6388275592530983 0.677841
0.3666980788840928 -0.5696322963348511 0.5604710000000001
-0.8418397035984641 -0.8399651384612637 -0.447266
-0.458784968817004 0.2248011242600459 0.577271
0.1257968394033915 0.5608745172782565 0.684982
0.2679085514706523 0.1143612229293515 0.580162
-0.7594886749169566 -0.7581609727293309 -0.466461
-0.766557226077776 -0.6667060624757701 -0.291321
-0.05712675874115699 -0.4698564486114133 -0.122223
-0.07951203143847593 0.6077951217355457 0.7253270000000001
-0.2848049850374169 0.7190452956663 -0.538864
-0.5385095549263037 -0.3636039094936608 0.679527
0.5194654162937202 0.6912444937956409 -0.202484
-0.1873152611031096 0.5600824507363839 0.682281
-0.1483817348440737 0.4435872963348511 0.792427
0.3851905446115393 0.5406835938623122 0.005118
0.7142587710397039 -0.557957518807527 0.6650700000000001
0.6024162913791071 -0.3802603760241693 0.734421
-0.3191809661981063 0.007724349735955569 0.772697
-0.3203519240842399 0.009466191183648612 0.717834
-0.202426633610666 -0.2070432142188031 0.723915
0.6970021014677839 -0.4718349472755206 0.655284
0.4151387171036739 1.263125350212526 -0.519497
-0.05223737326338511 0.4915822154538769 0.801607
0.3438292201192397 0.727311678373306 -0.270318
0.6463229312778499 -0.4758318449299161 0.6699040000000001
-0.3695804435921017 0.2352958942146363 0.736267
0.01256450354865232 -0.04559364148185472 0.750746
-0.2303589364532874 -0.1172673819146241 0.764282
-0.2184163437700438 -0.1852842046131457 0.759323
-0.4549419752317734 -0.09822461559717326 0.805555
-0.3601433018969751 -0.2939224968911776 0.767303
-0.4000391635146594 0.5982198437752559 0.79483
-0.0673727110509269 0.1305970414161374 0.748218
-0.06653392834746694 0.25103185567504 -0.74294
0.8994349483703601 -0.3094429713194465 0.610291
0.129244693924027 0.8697523764851032 0.074697
0.1558500812105149 1.213956259020347 -0.410324
-0.3974773931024396 -0.03586303971345261 0.767242
-0.2017030523232977 -0.03930193466567534 0.674255
-0.2185389302527439 0.4094134693704963 0.771477
0.4530497021332727 0.7810731024487739 -0.296448
-0.4445167140558129 0.1329364664417656 0.815865
0.4520156564351546 0.03196808276228554 0.599762
0.4210206596075446 0.04825917347642893 0.562164
-0.9358665986647918 -0.7018404979940908 -0.343597
0.004898633434645495 0.6307986819964615 0.680786
0.4243594830633603 1.186672185339404 -0.418823
0.7458705786511134 -0.4444422619054734 0.670593
0.8578361901853014 -0.4450921340277398 0.5833739999999999
-0.7560764168868145 -0.5656667684525899 -0.28418
0.8511211460138477 -0.1373869317077669 0.432922
0.2768423250830435 1.036816972729331 -0.466461
-0.7533646714613054 -0.9670058875984155 -0.467384
-0.103719745438795 0.2046601311518967 0.759598
0.9297397428469115 -0.2278615275731265 0.58279
-0.4593873329886222 -0.8089882010898556 -0.302612
0.6465843256483564 -0.3336970965993862 0.353271
0.3566696964188382 0.2255120357175949 -0.309349
0.2643579825416518 -0.01894054285145287 0.769028
0.5463359469139405 -0.668510381943802 0.6047439999999999
-0.1245719112796208 0.4403011204677343 0.814212
0.1295293427138523 0.4115114026513936 0.721745
-0.3968180844471707 -0.07523908362465689 0.806857
0.3673127049122989 -0.392375732826344 0.722023
0.01518121330259013 0.2249026327606266 0.755035
-0.8756314197811554 -0.6890621077646326 -0.427643
-0.04091672588204785 0.8349701518929245 -0.449942
0.2880591466323728 1.178467077552203 -0.438461
-0.7847007563751333 -0.645517578779458 -0.262939
-0.7344456783460362 -0.4518772302947238 0.459839
0.02606584243415097 0.6028253634380342 0.673615
0.3521144133187102 0.05206405394531344 0.597656
0.2703991567497571 0.9845870778143598 -0.361694
0.3564662448217352 0.5035116472145315 0.177261
0.719609086842815 -0.4154665000000001 0.381958
-0.5837212016870211 -0.9550047787770803 -0.370155
0.08092206875819216 0.5901131345427708 0.6765139999999999
0.5572940244251448 -0.2608884349411185 0.738541
-0.7443775032013124 -0.05175165555593729 0.369522
-0.3313168514889221 -0.3594416201825653 0.707306
-0.4387410383471725 0.202954230217172 0.594865
-0.9315678759062487 -0.8375828917686414 -0.502162
0.1793355238958737 -0.04994976101036423 0.817905
0.1872901366903107 1.228144032504138 -0.376755
-0.4511867329705805 -0.1029203452060574 0.810258
-0.6453479045948761 -0.4431833593164378 0.651047
-0.9587474534758084 -0.9171293010473782 -0.510442
0.005697327882731312 0.8555780613602693 0.647242
0.2310911742104556 0.04234565491325965 0.728558
0.6890282387077711 -0.263572082708444 0.724398
0.6560052721677925 -0.2440455385723339 0.726959
0.3086499977703947 -0.2515665221056557 -0.073578
-0.7555450591247536 -0.3047664298117044 0.637695
0.3905739930051667 -0.2254980000000001 0.220078
0.4066920676877609 1.210187324270443 -0.523042
0.2567714892292584 0.8943412652802 -0.319931
0.3921540916270523 0.9707128110940753 -0.384743
-0.2969089419781598 -0.2358793727276925 0.797735
-0.04808819631967114 0.3206108007299828 0.807582
-0.1152496328652614 -0.4928922196762924 -0.197418
-0.5585307612155624 -0.1162536560154747 0.752808
0.4155805307595007 0.5197765939118957 -0.225708
0.2757093636340178 0.7816206259366016 -0.283417
-0.5896340054442034 -0.5916200552997042 -0.169983
0.1166648426260633 -0.205950565114631 0.760529
0.2765434264898657 -0.06506473482036368 0.78125
-0.4303388474956705 -0.02173674833313587 0.7501370000000001
0.3679864720605929 1.309707266106972 -0.48674
-0.1687043978437019 0.5095534114743948 0.750977
-0.1958490519354018 0.3794074914336884 0.764282
0.07992573012938306 -0.3695305745838699 -0.334061
0.1935431456300229 0.6550505616879019 0.617859
0.5393522721677925 -0.4460944614276662 0.726959
0.6427666527650217 -0.3711015 0.732315
-0.2758609420151557 0.6432888326059384 0.775238
0.1469481195074056 1.056645609063529 -0.405212
0.2866209717462462 1.031028085579262 -0.382568
0.3808393919390073 -0.08922682363800216 0.735159
-0.9904142345660246 -0.8611997748077942 -0.414032
0.2841671318946953 0.02612791028273863 0.703346
-0.365331667307925 -0.3517670093911758 0.69812
0.3546983941712188 0.4301176400676433 0.19572
-0.7504840690084601 -0.4279585377936803 0.50679
0.1977827319895904 -0.2091582593342512 0.772644
0.5669453567995688 0.9474321630921181 -0.448425
0.2891243078806866 1.075189990952536 -0.403824
0.3689045476600986 1.132615419690505 -0.439431
0.1803239878568122 0.3991003087914318 0.650026
0.07648351591579203 -0.2575406644923454 0.657861
-0.7212805635111134 -0.7201205825131586 -0.442322
0.4049378483713277 -0.02028107271323841 -0.060336
-0.2834910332934712 -0.1448288731544922 -0.710897
-0.06622600605058339 0.8286211927380256 0.651794
-0.5512574221239117 -0.1199598631680587 0.75679
-0.03885617070617468 -0.2256468618506639 0.735016
0.4641758576522141 0.8090421691004934 -0.313599
0.435160627844996 0.7398763168811047 -0.291718
0.1157322519423073 1.043640140438438 -0.278679
-0.4722592154726304 -0.7268509555412138 -0.320129
0.04499505476096303 0.5179657209353318 0.750214
0.339302265414268 0.4312227628207324 0.27382
-0.05621262961055008 -0.4118351305125233 -0.386559
-0.6335132018685095 -0.9617170529018967 -0.40918
0.2349394795481439 0.002141115281174338 0.779205
-0.4745482259228594 -0.2839176379400666 0.735779
0.06320976974748428 0.3408065327373729 0.767517
0.09961110796868991 -0.05751050000000001 -0.657043
0.3406609634819493 1.081978096906102 -0.405114
0.2859314388446734 -0.09055822043975238 0.762625
-0.5086059005221649 -0.6961932607337116 -0.323814
0.2088808852153589 -0.1681456940770356 0.804652
0.5127743506044931 1.033751228065118 -0.441032
0.34159564631186 1.273897015056469 -0.413986
-0.4857445328790035 -0.04311621044524509 0.764526
-0.5170750467028183 -0.6516442522153313 -0.318065
0.1467139538452063 0.3405720222392125 0.71582
-0.5632139963827549 0.8004707427311545 -0.09438299999999999
0.3920206837746033 0.7583757419155048 -0.314362
0.02909563355587035 0.3440871155971733 0.805555
0.490803286988745 0.826872229586315 -0.303841
-0.6814990532660825 -0.1541449855669435 -0.591156
-0.4709030945379833 0.003189914818802809 0.772423
0.4302057322913496 -0.5173738139640077 0.389793
0.7021223799417082 -0.336408364809782 0.665853
-0.3368190584856358 -0.1901797222546343 0.819051
0.2402515422474232 -0.1896281222306824 0.762311
-0.62868641473006 -0.6564828123407824 -0.306946
-0.2881928072711892 0.450085415430395 0.774139
-0.4424630835964332 -0.7199505412626175 -0.305878
-0.3057588711393684 -0.1619958996782914 0.818848
0.5922104904896941 -0.1514473416965645 0.364105
-0.7387338282072466 -0.2473785237248097 0.555067
-0.5335779827905233 -0.7791041759932982 -0.339005
-0.190258494456374 0.3818886210299987 0.759033
0.002192149441786408 0.9123669142109575 0.108948
0.03567156116149262 0.5071389563170058 0.773926
0.3605116160968239 1.268100435798465 -0.520884
-0.5528097901981309 -0.1615346435446542 0.7186360000000001
-0.3083867464437509 -0.2880015132214373 0.752808
0.6487747802097896 -0.5022051180073129 0.38559
0.7641650002421942 -0.4631093942146363 0.681732
-0.22844859088565 0.7511434336685378 -0.524878
0.3271964872423584 0.7023509399618265 -0.244161
-0.3502285923280854 -0.01234571617557136 0.772568
0.0321379525093136 0.8928225665973666 0.55899
0.7522746990481601 -0.4343260000000001 0.670563
0.7885995886401529 -0.3672834456473388 0.403757
0.005138477739427889 0.2589621045182507 0.767059
-0.4089765053343566 -0.02379808634106952 0.758301
-0.1640086042693793 0.5013447645269772 0.74815
0.3027670936217702 0.4652339890128689 -0.39639
-0.4631046625763887 -0.6109228048043462 -0.214132
-0.1241250811720536 0.559789052916392 0.743958
0.07832301344373689 -0.3832745613135475 0.267078
0.8370066245544296 -0.4832460000000001 0.584534
-0.3449575807744318 0.5265039436426392 0.587711
-0.3821119660334639 -0.2836233393499924 0.783351
0.2826529284864915 0.2001252330467357 0.567055
-0.1269987838490926 -0.02977234612608602 0.7480059999999999
0.4470326651748806 -0.05970071127418049 0.712067
0.419810769717097 -0.2955264172853902 0.743988
0.1128025480541604 0.9571517444530354 -0.323669
0.1165296016637674 -0.1029748093325922 0.793304
0.1845830825305156 0.7128352771605322 0.59935
-0.1157274417781737 -0.4229498089897659 0.54937
0.1220066801815795 -0.09085223106269753 0.766157
-0.3683143219094439 0.3067948812975642 0.620367
-0.6934086763766802 0.6571589421065047 -0.08434700000000001
0.4124032418678292 -0.3918206318788034 0.347893
0.0003157524229485675 0.2749608992391598 0.753418
-0.6918006135360261 -0.8151778113517185 -0.38504
0.5155445107474743 -0.6484547138221353 0.611521
-0.4610975861417817 -0.02252844644493286 0.768858
0.2899156488579068 -0.3721193662688075 0.321167
-0.9074328870622804 -0.9762918648507803 -0.422638
-0.4610360635191871 -0.7341758861367841 -0.318451
-0.7141206771038427 -0.492665295479344 -0.347485
0.2802186209742491 0.1487908887542853 0.491053
0.3269942427311544 -0.2568713578071306 0.028931
-0.2479151406557811 -0.3668396195813973 0.624237
0.7213230296444424 -0.4731818639863145 0.683075
0.1296682531576734 -0.1811079974022062 0.816971
0.7200682048368419 -0.657469284307676 0.514435
-0.4201192679031689 -0.802939917246929 -0.227196
0.2489979617958546 -0.4041728791884855 0.666779
-0.5150719166505306 -0.6650267291906009 -0.321067
0.7465218561706194 -0.1464702161518614 0.670731
-0.2829221372364274 -0.6310195162794667 -0.141186
0.5671058933050318 -0.3927597795239501 0.7345120000000001
-0.8741118119284783 -1.030934069756215 -0.468227
-0.2117512739592201 -0.1850619650648056 0.755341
-0.4089058046681833 -0.01805962919512842 0.763916
-0.1156729848241448 0.5328325132214373 0.752808
0.1983226564351545 -0.4074410827622856 0.599762
-0.5997870413406805 -0.00394962932347309 0.775726
0.863333719448525 -0.4482661340277398 0.536987
-0.1591133126651108 0.2823296583034356 0.774139
0.2897149424296234 -0.167267 0.749512
-0.6779322272324362 -0.9714690616549084 -0.452328
-0.4575844154534068 -0.2635474563170057 0.773926
0.2480882593757609 -0.1937785299998563 0.7547199999999999
-0.1998984781261143 0.4272036795298741 0.762207
-0.1192213019420446 0.5012666476918686 0.787137
-0.250666928347467 -0.06789585567504 -0.74294
0.2291936024528453 0.9310329642180707 -0.305338
-0.3141344245091317 0.4543772163437738 0.786865
0.3254012205785213 -0.3599185531130738 0.724628
-0.884916585821269 -0.7593064871028223 -0.36944
-0.5617206204606146 -0.172696654296898 0.74868
0.01700810836987176 0.2297149078372553 0.712723
0.1235591614174701 0.3102627453156623 0.725708
0.1453328789700014 0.7229159303863009 0.621765
-0.1109571552921279 0.4711265695707244 0.808131
0.2246191052240534 0.5627877025987202 -0.478116
0.2151204141787312 1.146013487102822 -0.36944
-0.544715542775996 -0.298942995760483 0.6816410000000001
-0.6014930207021241 -0.1247324722541573 0.741882
0.298606246141736 -0.1475928102250952 0.749512
-0.03262984209653669 0.6153594556458486 0.689453
0.1194561318946953 -0.2591599102827387 0.703346
0.8943794166749389 -0.3692394090751907 0.501122
0.6644655052747914 -0.6095799849871353 0.654205
-0.6888593352248361 0.1040866321224627 0.8066410000000001
-0.1530240907724989 0.08834850000000001 0.756531
-0.003719765379622472 0.6582911773702581 0.59848
0.5124667032639671 1.077254367240514 -0.405121
0.09757835913781121 -0.2565273242541081 0.684967
-0.3059472449581538 -0.7143801727032432 -0.157593
0.2609879128831386 0.08510032527495587 0.620575
-0.5362084521133438 -0.8925162825081746 -0.388245
-0.4081004764334112 -0.7027227597757332 -0.265423
-0.4305837157928875 0.4774731273349212 0.636292
-0.05438812447236396 0.6181690050854852 0.7093120000000001
-0.3707605945431953 0.6197258128067415 0.7868039999999999
0.2836248119144941 0.8132585845230702 -0.3144
-0.7811654872803082 -0.9485683130887931 -0.466522
-0.6219501197628855 -0.1144192072028658 0.750854
-0.0103539540027288 0.2401384256080425 0.765625
-0.2003161917537311 -0.1531478216961719 0.75589
0.1005232342139837 0.8516313489997657 0.423828
-0.04312843666681507 -0.4432546435579401 0.161047
0.2694704498087928 1.027140510207268 -0.38064
0.8600939080742374 -0.2687576519349455 0.416687
-0.2315926385704123 0.8138517833371102 0.221771
-0.5380464005698405 -0.1477437026165199 0.745605
-1.000546949857167 -0.8671541525106825 -0.428696
-0.6488580120271752 -0.9226230437292049 -0.435394
0.194681474767024 0.01639820558892384 0.756836
-0.04939043506425117 -0.4676107429392143 -0.034828
0.2631735702120056 0.8748059948164888 -0.317352
-0.4047456983995722 -0.763204113773008 -0.360336
0.3235913299792224 0.8456326244127991 -0.330994
-0.8707870041282051 0.2456746662792592 0.168488
-0.9124206606414226 0.2699670578934955 -0.17617
0.6325722773783181 -0.4190386761212003 0.714542
-0.1378961020860532 0.2785669450212512 0.773842
-0.5774284276345444 0.1557266256023604 0.654639
-0.5052420153269561 -0.2747748406647812 0.719791
0.3379765835646493 0.9386026145025208 -0.359528
-0.7463273802145454 -0.3368969416113678 -0.476326
-0.03925830759551754 -0.3265733833746035 -0.5337730000000001
0.2183044626795856 0.009454420880066004 0.7549169999999999
-0.6943407043218108 -0.4879113776485353 0.293335
0.08252488206884236 0.4132852886318646 0.765625
-0.3607214200407066 -0.3722238268888979 0.6994629999999999
0.1080395191876048 1.008173936458244 -0.279419
0.1457823863460535 -0.08416750000000002 0.7677
0.02708483799204176 0.2645183155169881 0.764732
-0.219931507376052 0.4269294550394685 0.770111
0.0252898405739437 0.6452432887893872 0.682465
-0.04238744683448098 0.5423047884795542 0.764221
0.7456984627146737 -0.5250483754521791 0.6633
0.7593093656930017 -0.3574775999568245 0.668723
0.6351971303910429 -0.4701542973407609 0.67245
0.5748314066586294 -0.1425127978809673 0.718437
-0.008200727745815109 0.8543079228852082 -0.417804
0.3535768657905165 -0.5244089040698633 0.632162
-0.036942836872027 -0.3315948704380796 0.603195
0.166684243624867 1.002329578779458 -0.262939
0.06805725485966001 0.8397506232405948 -0.397021
-0.4387890136491908 -0.426538865443432 -0.526029
0.1065574134482646 0.8923748540155172 -0.205953
-0.6373035666436458 -0.5794601572716523 0.039192
0.3755010618440279 0.6313469174099193 -0.175472
-0.7540251032449717 -0.5011497890026592 0.073255
0.7415231311241155 -0.4419322619054734 0.660614
-0.3265469427313826 0.8142561041329609 0.195358
0.1241411819354999 -0.3047411655760625 0.635185
-0.08251857421116754 0.1987716368981149 0.75671
-0.4670466439776199 -0.007022516873770379 0.7728080000000001
0.658369672425194 -0.5566162771970856 0.402241
-0.8747814988745177 -0.8788140015719209 -0.514089
0.1617386422975043 1.096057546006486 -0.308022
0.526397144974502 -0.2168233999449626 0.739365
0.1806667062989848 -0.02846608545403431 0.814752
-0.4459552152344389 -0.5928190906863622 0.231551
0.2265799985409747 0.86650806945185 -0.254639
0.4128456062607931 0.6273455657252693 -0.168127
0.4810352605230456 -0.6236544885419535 0.618073
-0.6900086606414225 0.6551959421065047 -0.17617
-0.2727601802143172 -0.07326449041284055 0.750244
-0.04410289310243953 0.5761995483857956 0.722916
0.9340666960572583 -0.2689590247708328 0.561295
0.1755679851420516 -0.2102513295514688 0.7916260000000001
-0.4579557798807605 -0.6614206783733061 -0.270318
0.6703876523719136 -0.2887465253250233 0.730186
0.02382605086427227 0.2052699306406399 0.752945
-0.7678677893331537 -0.7753180246206169 -0.392242
0.4075747340082741 0.06855414718370144 0.134772
-0.3533376191529455 -0.08175070859832362 0.807831
-0.109848074182688 0.8001555544019892 0.6660160000000001
0.2539071766089615 -0.06003586970691473 0.8077490000000001
0.2216782531576734 -0.02174200259779383 0.816971
-0.6801707511824072 -1.004322298870218 -0.399994
-0.1029386039621524 0.5826911078773411 0.737022
-0.1345305673997302 0.484942222092598 0.78421
-0.4088678853437037 -0.01179995099854108 0.769012
-0.4145458560104908 0.1553995153226979 0.804962
-0.306160869304779 0.05272181907466806 0.65332
-0.2340814474541469 0.7022250399001531 0.382095
-0.540281387198699 -0.6387368130119396 -0.305939
-0.48159449027121 -0.579202125794971 0.518311
0.1163061905381092 0.1270862312467917 0.7622679999999999
0.09065038301353484 0.316435069105021 0.736969
-0.4404740424528771 -0.3426354209436336 0.696838
-0.4686044339546606 -0.3575446882615265 0.673828
0.3558359603591427 1.0441079625021 -0.392831
-0.7603091267399192 -0.8506060369718648 -0.40859
0.7850345367913305 -0.4917202965811165 0.649902
-0.2255410087715099 0.09201751361740701 0.772583
-0.1945870818697826 0.2751472877049718 0.773621
0.03578690807118871 0.4812867430250954 0.787987
-0.1848525982716836 0.564439907882325 -0.657005
0.03344682319626453 0.6155495971277033 0.673096
-0.211747562543409 0.01385846329594721 -0.766724
-0.1038724494669204 -0.2564783599833367 0.724126
-0.1717404221239117 0.5373828631680588 0.75679
0.1485819825416518 -0.2194704571485472 0.769028
-0.2270371970669836 -0.1577579605280433 0.761898
0.2934804137092122 0.1375349875706892 0.473612
-0.7540137939052597 -0.4007782006516779 0.638916
-0.02757590855443604 0.3232491253188435 0.812419
0.3804671915385513 0.3390725063578103 -0.035714
-0.4264006430763449 -0.1938195781882716 0.809835
0.3933417845273697 0.7724139555412138 -0.320129
0.1333663910370341 0.5661413652982414 0.680267
-0.2404667290501799 -0.3263525922448103 0.706909
-0.3752228944891255 -0.6845071174182213 -0.215336
0.7284160518962425 -0.3489643890669801 0.648825
0.6619092181178442 -0.4895256042217037 0.706314
0.01393228898276473 0.4770574323838805 0.795868
0.675766666064522 -0.466621800314817 0.646047
0.7525149264196209 -0.5598259139872614 0.63266
0.2947853919214633 0.4857112761370784 0.583534
-0.7188814875450714 -0.9726172610487566 -0.43042
0.882097618947236 -0.3173161067478561 0.630096
-0.7061909569499575 0.1611193827169878 0.712067
-0.4781290685764484 -0.2281878393499924 0.783351
-0.4465620036290658 -0.009674079015299222 0.772339
0.1744927412270593 0.3309482933572351 0.701294
0.2693779011311509 -0.4533757888045808 0.635677
-0.01086671996762732 0.7747582889044461 0.688873
-0.02396836442805197 0.3880615750362874 0.821635
0.2735484192307804 1.154703760437863 -0.436455
0.3641165095605878 0.9868702944335768 -0.380798
-0.3422920967799206 -0.2793093026521056 0.784353
0.1751767151495116 0.4365329709419747 0.691132
-0.6950232763496522 -0.415401627080582 0.673187
-0.04853931927986624 0.6450534328424641 0.629669
0.1578736622947794 -0.152498795728471 0.821501
0.1094508373030848 -0.1174115888601021 0.804728
0.4221556321409607 0.8184150035695007 -0.325455
0.3417439137685216 0.1675898218245166 0.3379
-0.03612866618244245 0.854781314562314 0.551346
-0.4210147859481897 0.2430730000000001 0.5897520000000001
0.07000813355587039 0.414949644261835 0.788539
-0.551560484727584 0.0110392170045068 0.770691
-0.1553358747304844 0.3222583727286465 0.756592
-0.03150974562288918 0.6308035196475847 0.697048
0.523463704912299 -0.1219142671736562 0.722023
-0.1132430185638675 0.8308353382449157 0.250122
0.6163555254353127 -0.4635069144202271 0.718964
-0.5398008561336235 -0.3381905087926139 0.681084
-0.07301994345689275 -0.3847462520331448 0.489183
-0.1908972430039915 -0.1041417239077356 0.756767
0.2437115938732477 0.4731468629820568 -0.47702
0.6746539488007196 -0.4465630831501816 0.648715
0.1492975834600145 -0.08619700000000001 0.789932
-0.5724811504082812 -0.3195084388826231 0.689743
-0.1079556722173896 0.3444492907542292 0.800781
-0.2911011447019205 0.09167002723481399 0.784186
-0.3138582067329043 -0.5355303604338465 0.549484
0.4939838877882332 -0.05794280823037714 0.355516
-0.5854624654527018 -0.8903327360886176 -0.409302
-0.6295147222792983 0.1376765168996439 0.812592
0.007855509715504203 0.2468221419466042 0.764252
0.1812772387906036 1.024679387841121 -0.291376
0.8304715968574722 -0.4794730000000001 0.60347
-0.5338818072711892 0.02453958456960514 0.774139
0.008131958968198667 0.5003929660979853 0.787923
0.3070670184633041 1.146845677307133 -0.502775
-0.2560774828540908 0.5007967890223667 0.649414
0.5310159254611999 1.101966562527006 -0.499797
-0.4345435620919455 -0.7627215276452105 -0.290649
-0.648732769113323 -0.393108116639125 0.673624
0.006387578347957696 0.6391316102359894 0.683895
-0.2061165978354138 -0.4900684197341779 0.5378039999999999
-0.4485659528658683 -0.4660510209092301 -0.494093
-0.7136263746391356 0.03154086150383513 0.400787
-0.08345887632592836 0.6224429858608846 0.7195279999999999
-0.5329009237345494 -0.5394674753086269 0.575348
-0.1995931277863847 0.4414045618323942 0.7619629999999999
-0.4473432152911423 -0.7632251773054809 -0.30188
-0.9739543365052351 -0.9030783950791023 -0.41938
0.1333017160704941 1.117519344970216 -0.397373
-0.4938865702807853 -0.03207263290225713 0.768112
0.2766022821421497 0.7338432061597046 -0.214483
-0.3273705032013122 0.6705256555559375 0.369522
-0.485169204004858 -0.2094077116041635 0.7866030000000001
0.3442082396757311 0.1200621595022116 0.382414
-0.2632308788919385 -0.2725792563618472 0.731995
-0.7715702209538297 0.02709517570082228 0.7157750000000001
0.3563098144660087 0.06900270189056712 0.461434
0.1985640039799659 0.8314109434476094 -0.178223
-0.05986468006747449 -0.2923166674557216 0.680211
-0.3978163613529211 0.4041338500545607 0.536743
-0.1565477400380092 -0.4627706395559164 0.363532
-0.6985294791044986 -0.5311625483936137 0.491158
0.07291622780894021 0.414770611261351 0.782614
-0.4109264611761887 -0.3682395089316384 0.676109
0.3631563702487734 0.76187928436317 -0.314514
-0.4970874917409153 -0.3752467915022399 0.6784210000000001
0.6714028480372733 -0.7072141548529964 0.501251
-0.4498493219094439 0.1655721187024358 0.620367
-0.4324305054655631 -0.8058756062090462 -0.243713
0.1958589816546166 0.4439737073444964 0.616089
-0.7536778707638044 -0.2483403647032394 0.652088
0.0409647402275712 0.6478570113930139 0.595703
-0.2263758798729286 -0.0819145255480211 0.766251
0.1673172804326007 1.211048030693514 -0.439149
-0.5581967773565158 -0.9218431790026979 -0.380844
0.3512640128561105 1.31122711713731 -0.4505
-0.373129552221269 0.5833186577473374 0.802139
0.1187111556819318 0.5561377530663246 0.686737
-0.2547742705396107 0.6663120189640956 0.55848
-0.7131944925961669 -0.5676250968548662 -0.348755
-0.676474569026958 0.1215856764170492 0.633972
0.2568409458164951 0.7986815676182144 -0.254929
-0.3824312671928524 0.273469614819031 0.605139
0.5643754870259691 -0.445018981924592 0.362274
0.1793290471341318 0.6214950209092301 -0.494093
-0.6258620995200432 0.01703304509955617 0.790718
-0.5765355276914897 -0.2971428263301934 0.698021
-0.2301941574083266 -0.1855579762367292 0.7571329999999999
0.3254477008476615 0.4897779530746264 0.330414
0.1832181704660753 -0.2180468198829421 0.765249
-0.01169722954671298 0.8384738041172971 0.431412
-0.2329131145118041 -0.3366153480835525 0.697632
-0.3369869029543623 -0.4626764374022381 0.635956
0.1329070740092736 -0.2158741951306211 0.760147
-0.8202532785384461 -1.050654353503534 -0.469897
-0.4558090228325625 -0.6469203860943205 -0.26364
-0.4814108560859479 -0.8364980620560905 -0.328979
-0.1171758694570894 0.2814974406792629 0.765831
-0.5220776086849168 -0.4154649437363384 0.658905
-0.06861420628213892 0.3253647085983237 0.807831
0.6439312929745512 -0.4840442839845573 0.71109
-0.6691897283949146 -0.7499666094832093 -0.36026
-0.5758860762943728 -0.07348394351334042 0.666157
-0.9513562761821481 -0.1338354064470094 -0.284737
0.103647359344219 0.2420844924545361 0.656738
0.4196109241490172 0.7952694400370278 -0.319977
-0.750629302225306 -0.302936089104204 0.574966
0.2143250904256702 1.106511945954055 -0.362976
0.8905722991430552 -0.2804515300707994 0.436676
0.1008198746322713 -0.1256948547241815 0.803819
0.2175643182457327 -0.3123755468843065 0.712158
-0.5172043603650668 -0.8967402300484584 -0.339096
0.6610453677914006 -0.4829658368772392 0.689041
0.3573473297206251 0.6317197310251904 -0.097127
-0.09191369256556493 0.3628148145651757 0.820679
0.618750056711054 -0.4172614645903304 0.730169
-0.251192798622812 -0.2451366897101278 0.73938
0.2392848223834768 0.997643469848276 -0.357925
0.01382425412919331 0.6802143105285066 0.6751
-0.6213679025716785 -0.1035847774466551 0.606934
0.3645140997850622 0.7916649409029591 -0.324844
-0.3828029573264755 -0.2708621713770762 0.790456
0.1494665936402681 -0.2216462657808043 0.758942
-0.1445803454805466 0.3064634958518319 0.761841
-0.7057253647317191 -0.6872561879054142 -0.336624
0.1449950692839032 -0.2455811731533102 0.730331
0.342948932586984 1.29023297564217 -0.421692
0.3043549212686603 -0.125757812829055 0.749085
-0.4389003426497733 0.512262307071203 0.810364
-0.4714333441897236 -0.6324645045187071 -0.284485
-0.559305898859082 0.5810117662030903 0.311371
0.7665553792439793 -0.3874051363341985 0.673645
-0.3820718107899655 -0.6500537884280629 -0.204093
-0.288568733125497 0.3017282927508551 0.802246
0.4317008647307651 -0.09000016861489568 0.225194
-0.6093694822707226 -0.5871609038748337 -0.138187
0.3623265863462816 -0.2657119435152483 0.218781
-0.7542119907359595 -0.6824314876323491 -0.322327
-0.2993204660334639 -0.1402242549151537 0.8166909999999999
0.354859485385711 0.8751166582357968 -0.342461
0.3725462354604354 0.5010810079859921 0.096793
-0.4092682883379236 0.04332453067196736 0.7775570000000001
-0.2603118866516283 -0.6139474134947307 -0.278572
-0.721432128160995 -0.8492891001873849 -0.491119
0.5118765491722674 0.9931021903693956 -0.431358
-0.4765102310785895 -0.5901719305545031 0.463379
0.04720290120400186 0.2594318231499853 0.728836
0.3457017621887346 0.2854190163769815 0.245576
-0.6122847212081689 -0.7151102458306936 -0.33902
-0.8778153142923387 -0.3871807240163728 -0.204132
0.8505942650287224 -0.4427435163435456 0.482544
-0.4419421377747261 -0.80831223663143 -0.260468
-0.8118974155959914 -1.035153574346121 -0.43541
0.7629190172860747 -0.4404715000000001 0.687057
0.2451132687344547 0.05289263505735942 0.697446
0.06176589334775103 -0.2949543345468146 0.5059669999999999
-0.0142725825269557 -0.336758838091907 0.482038
-0.3583641846934223 0.2811050244979956 0.789238
0.9098461039557308 -0.1740723208800799 0.440837
-0.5951371844153732 0.02465815911908512 0.558414
-0.8697023881651937 0.3713172762338951 -0.08557099999999999
0.4853067320968312 0.765303917246929 -0.227196
0.3454074536812622 0.04026125908893968 0.6326619999999999
0.1970868930758679 -0.354679487686702 0.665771
0.431144404909921 -0.6168839852969682 0.513031
0.3912772633884645 0.4447241000353301 -0.112305
0.04071380952927401 0.5561523866743844 0.717041
-0.07376422360597649 -0.4672713830664227 -0.206589
-0.3355780818697826 0.03094371229502824 0.773621
0.1617656422768428 -0.2172416886574962 0.786396
0.4393289531740492 0.7282540681335011 -0.269
-0.06111176826067751 0.6642933124321313 0.696381
0.4662861908223244 0.7464733733720225 -0.223663
0.2189749214316505 0.06818568950302169 0.710286
-0.1761068475540259 0.7747779924756402 -0.512062
-0.1313006204606144 0.5728126542968981 0.74868
-0.02571432471364547 0.228075483113642 0.761955
-0.1436638914884977 -0.1932911592711399 0.743073
-0.5774800490809184 -0.4304607853655196 0.649841
0.6050079782428254 -0.4378774426989006 0.728843
0.6902277232787863 -0.5807045144885504 0.420868
-0.1058706191529455 0.3468747085983237 0.807831
0.4705646295512407 1.183053846627576 -0.517782
-0.9596501071805662 -0.895884743125659 -0.410851
0.2405871017427843 1.069073083864245 -0.396118
0.4442193792675024 1.275534534598023 -0.499753
-0.4022611437472464 0.8582872611190016 0.0728
-0.6453502373213409 -0.103023399717195 0.7626500000000001
0.674886812560476 -0.08698175128704193 0.657013
-0.3152551790969085 0.02467201245492866 0.69722
0.3080015744619469 1.128782375779301 -0.43433
0.6593617910744863 -0.4787398772893746 0.666853
-0.2575288753938236 -0.6385130965981767 -0.158325
0.9132954109420066 -0.3037459459289479 0.589012
0.3213800735445242 0.4795286159193382 0.531601
-0.08577153732371867 0.5311273395120288 0.771057
-0.1931586733400104 0.4684173638525019 0.75769
0.1609211326057101 -0.003014422315381462 0.757324
-0.7406386353795245 -0.4192217465258165 0.470284
0.9247270805246065 -0.1566877133965451 0.493126
0.2145047898354102 0.8640711944618144 -0.240433
0.3854378069953036 1.299393864873792 -0.501248
0.1063140540314503 0.8612033431410947 0.459473
-0.7259146317582769 -0.4928870241629875 0.480286
-0.3348736872938221 0.3593137594891677 0.814972
0.05652267418744377 -0.2223818565276855 -0.578771
0.393704835503141 0.6677847782769871 -0.221294
0.215321325757505 0.001053476165087837 0.803689
0.1630068272080142 0.9278141067048812 -0.225975
0.1842463646973292 0.4051980647656387 0.688564
-0.4960463694499696 -0.2125455147974294 0.774621
-0.2010730987959982 -0.1705948231499853 0.728836
0.02223120948656847 0.3940835843444438 0.812735
0.1344308169629833 0.3812470050828791 0.728302
0.8110493505686378 -0.3899593173693773 0.6752320000000001
0.7272604615061717 -0.2753559303353208 0.716677
0.2602850853956789 0.9383609923577195 -0.339104
-0.8180207915385376 -0.2539135725924561 0.202225
0.5935551761297166 -0.556588277847837 0.387909
-0.2094759567181876 0.120941 0.773865
-0.07504666805688949 0.5067753579867109 0.796519
0.2452534409599181 -0.01348657952632791 0.8063129999999999
0.2997251260830017 0.2580691466807466 0.509312
-0.003047050732111806 0.8748063533187421 0.54077
0.03325569707696524 0.8921945569784233 0.586685
0.009847596142710637 0.9194305368515938 -0.223602
-0.3901528614096246 0.2494054213201516 0.605347
-0.5349557736500854 -0.1640345797642638 0.737062
0.3442043948103365 -0.1987265000000001 -0.07557700000000001
-0.5815461157326379 -0.3779334193932593 0.665955
-0.2101789828540907 0.5802953230135668 0.632812
-0.3303279154277889 -0.3023087326792455 0.748108
-0.7169718559706333 -0.3032336821380921 0.708405
-0.6646882890489385 -0.5834018878287889 -0.197815
0.354872266321709 0.06054079546631372 0.563141
-0.5728662405637203 -0.2371834345973382 0.7243579999999999
0.517868378760732 -0.02782965635308898 0.666153
0.4999494450789086 0.9919758400925354 -0.431561
0.06194148580278471 0.5982518005067293 0.672485
-0.03660169357217291 0.8446240070899292 0.516663
-0.1310814043035409 0.6229363478187894 0.642303
0.3526454937586451 -0.2632240877498133 0.17688
-0.3984493556608003 0.002491471752412083 0.735001
-0.5719567653796226 -0.325924177370258 0.59848
-0.02179250615521814 0.2075842721149047 0.694252
0.2981905225262894 0.7009791353510448 -0.130661
0.6950099351541349 -0.2993814805478877 0.725285
-0.4361752088896588 -0.4359276227988571 0.654694
0.6620349043538227 -0.5242819092751768 0.700142
-0.7308580614629961 0.1289847044247934 0.6765949999999999
-0.09817744762686312 0.6551536725528404 0.709057
-0.4587685975191592 -0.1846605198203009 0.8035099999999999
0.4790478622252741 0.7868892366314301 -0.260468
-0.13607090598226 0.5785262774067976 0.743515
-0.06138350923625933 0.7453046432559253 -0.529251
-0.5259475844595027 -0.0179939384019818 0.762779
-0.494449641280659 0.1411780995176928 0.592413
0.499325402702885 0.6336549669911866 -0.19561
0.169401816193613 0.6136645525417818 0.64447
0.1134862515278395 0.5877239536067591 0.679955
0.7623968908647606 -0.5830538494896903 0.596733
-0.1551308282072465 0.7634515237248098 0.555067
0.1379717008106657 1.007771995810765 -0.249756
0.1603001440618488 -0.01018800602426736 0.796885
0.05092977512169838 -0.299849041871161 -0.497884
-0.2199525525472496 0.1649770037337005 0.78147
0.08255762626379166 0.6292000032411698 0.594727
-0.3927565157608756 -0.4132462403015629 0.669991
-0.4638113467742316 -0.7815548177399161 -0.307678
0.3259978288015504 0.4291688026414257 0.345239
0.3097611370549393 0.757036027589461 -0.315565
-0.1175157341012751 0.281746777847837 0.753754
0.06388972775414468 0.8363982545519218 0.6321870000000001
-0.331779693553675 -0.08799528615459742 0.800781
0.02310380293301645 0.2754989605280433 0.761898
0.2769016136776566 -0.04816233641248965 0.77478
-0.03806682851212308 -0.3603376810660087 0.467048
-0.3535634999086512 0.06388005445634214 0.651733
-0.5181255982398999 -0.4124338608535262 -0.5294489999999999
0.520427614160904 -0.4166769306114622 0.355087
-0.4844365721153748 -0.2311187559483334 0.7774759999999999
-0.6393055360734515 -0.03880167003927559 0.5140130000000001
-0.7324901158609828 -0.4729340967132356 0.20105
-0.3404135230866459 -0.3357075175695915 0.701904
-0.1788514352587695 0.4953962271251954 0.752441
0.3120728506806482 0.7354040330417382 -0.304701
0.621066614160904 -0.242365069388538 0.355087
-0.5905779424163375 -0.3321150020945833 0.6806489999999999
0.02291749076374074 0.8913182583847893 0.15538
-0.3013317990353718 -0.1787419858653984 0.816813
0.4068344812712345 0.7845459918327068 -0.322063
-0.7199780968178704 -0.3934006440252955 0.678009
-0.6888730666967893 -0.7556931514846227 -0.365829
-0.7071081986232682 0.07841467353599411 0.801453
-0.2523681965312911 -0.07822853860672374 0.762642
0.05575389621647413 -0.1298714190331446 -0.648315
0.05907096972139642 0.8630099208098212 0.445221
0.3898398190468868 -0.5854596265973347 0.518051
0.3074465524483383 1.104361049452411 -0.418716
0.4548941648546236 1.08605580559482 -0.449432
-0.3105977597724289 0.03893289935708042 0.6755370000000001
0.323330696528685 0.4226811940343164 0.512405
0.2398807899274573 0.7574877159141123 0.436298
0.5223202335240729 0.7549811822849348 -0.356422
-0.545286711962626 0.4461917101885556 -0.633759
-0.5787032611031097 -0.1178214507363838 0.682281
0.6170055355137932 -0.3882250639388669 0.733582
-0.02026600114919251 0.1929862563433493 0.7536929999999999
0.2526558403381025 -0.4003992477053963 0.376007
-0.4246251844545325 -0.5719963936485563 0.360641
-0.2520588927926066 -0.02996280881635139 0.717834
-0.1759012312520039 0.4748401303576069 0.753441
-0.7294172249772132 -0.5336556935764312 -0.00801
0.1430816689166549 -0.1871432798046052 0.817329
-0.2395047725186925 -0.2858364346576016 0.730988
0.9478764711471729 -0.2334737926740016 0.530106
0.115648648224955 -0.2037426654477177 0.788956
0.2202441815594934 1.128484112532467 -0.472687
0.3352728246057065 0.6584455666142124 0.089194
0.4077690337292986 1.298650684172412 -0.467185
0.3192613745836417 0.5494669216731465 0.318039
-0.3545958336303459 0.204726 0.783107
-0.6076399828540908 -0.1081273230135667 0.632812
0.2358208268042263 0.8451756535078203 -0.25457
-0.4786116872938221 0.1103522405108324 0.814972
0.3815138615778268 -0.3656266079554041 0.731812
0.3469448556238045 0.7510121173650779 -0.306152
-0.3428855345895064 0.5681828329105593 0.797394
0.9011955735919442 -0.2450814789825754 0.43203
-0.3055688800563247 -0.7448148254694743 -0.266869
0.3266504466169509 1.174927169855624 -0.46106
-0.4937203019420447 -0.1473846476918685 0.787137
-0.8287907624072186 -0.1999117093330485 -0.463867
-0.1657008994125742 0.7339016233575615 0.396919
-0.6536405568484265 -0.2441726543490875 0.725407
0.1509089012040019 0.4390558841997232 0.691101
-0.2290080572019325 -0.5384275904163868 -0.314217
-0.07774634749567039 0.5889713760345935 0.707214
0.04613836941201975 -0.02663800000000001 -0.69928
0.4051891055108747 0.6672061174182213 -0.215336
-0.2567504154277889 -0.1748687643853465 0.775604
-0.4133218091776757 -0.7770523733720224 -0.223663
0.2056892089022464 0.8852481603873392 -0.241722
-0.8185187733924421 -0.6854321024646658 -0.309044
0.01281600862040911 0.8730459780807891 -0.378743
-0.07252628251224587 -0.383493206195304 0.557907
0.03965287044259342 -0.158879213727482 0.76651
0.01574044151436425 0.4204712444364452 0.81075
0.2406037276414361 -0.02033411923456846 0.8126370000000001
-0.08831433937039812 0.53648907717359 0.7613220000000001
0.1646634319796501 1.192473430337415 -0.355694
-0.6388676493955072 -0.9609512280651185 -0.441032
-0.2419562510512007 0.4961414799704297 0.673714
-0.04314449483098406 0.2498555428858427 0.766556
0.4313810588149206 -0.01073008870969948 0.326424
-0.02185392171942556 0.1789438972373219 0.648926
-0.4209692714012839 -0.4286021664922754 0.571167
-0.566128642363678 -0.7756835721938803 -0.347603
0.4484885163672556 -0.003895103040727281 0.371109
-0.5164628224071868 -0.6132898486296693 -0.029462
-0.5137080909008438 -0.3699325136994725 -0.56044
0.1592996775954194 0.335623135224608 0.707855
-0.3648614224411203 -0.8427585213898714 -0.256226
0.05158514635432359 0.6152260944015647 0.675659
-0.7433779935719449 -0.9361584540952185 -0.453011
-0.4263269921632011 -0.04008601106468281 0.765381
0.1920967826360768 0.04043138749619987 0.757772
-0.4699994376795891 -0.6561589055898503 -0.287286
0.1865081742735806 1.122113633868752 -0.337677
0.2883379414816266 0.9896199643959988 -0.367172
-0.7833378532577806 -0.4223329613344095 0.184349
0.1557005416002316 -0.1902187511824072 0.815323
0.7514318686174742 -0.3302558251281132 0.699684
0.3106461572401243 0.4261629275159255 0.564651
0.7332794094881931 -0.5845668066223456 0.63121
0.4248371324031179 1.176529498264066 -0.426041
-0.4224690975191592 -0.1217879415309544 0.81896
-0.8386198582453083 -0.9221982027170833 -0.468567
-0.9443815700212341 -0.2373408610084425 -0.100372
-0.1314238629061572 -0.2445668078804309 0.729205
-0.155003700328559 0.955463715669755 -0.027893
-0.5075710390290096 -0.2786748280487701 -0.618225
0.4876351782931485 1.066914904361641 -0.45443
-0.4705076706822091 -0.7082911909724714 -0.314629
-0.3040530870582503 -0.1203133949830526 0.8131
0.2118019661267206 1.270171766474462 -0.403976
-0.2055325328790035 0.4422252104452452 0.764526
0.05019573006581549 0.378231554797005 0.803022
0.6582630489487581 -0.4737049544755521 0.6526110000000001
0.104811811930386 0.3037313834967822 0.718094
0.2490404904856915 1.129318782663091 -0.409676
0.3744100607531909 0.5013732480894766 -0.295605
-0.3189231844153731 0.503074840880915 0.558414
-0.1272635552520284 0.7944810563516376 -0.497013
0.277122246141736 -0.1848041897749049 0.749512
0.3142514410477071 0.7012014622463643 -0.039469
0.1224442624006101 1.073179683573152 -0.375191
0.2429134758837345 1.098284482073785 -0.404068
0.03223874946027053 -0.2999708479623277 0.52682
0.1872334191614894 -0.01133420513746027 -0.597351
-0.5806618301737408 -0.1036517918768499 0.746086
-0.3758999223760874 0.9003742358834195 -0.084869
-0.06612377624431916 0.5450762599565232 0.757462
-0.2562428617823268 0.6997663443161606 0.73521
-0.4188135264201184 -0.2780383066567353 0.780029
0.556894588589173 0.8791817218966145 -0.422882
0.1323167743053506 -0.2144006242095085 0.76992
-0.2737861336106659 -0.3306414938215144 0.697773
0.612012172815696 -0.4498818218325905 0.721359
-0.3562917483250621 0.3156845895834489 0.808304
-0.6816586638999494 -0.5196714392942291 0.205212
-0.2161529064232995 -0.05566181612883583 0.759094
-0.4074727773695461 0.4469284468947444 0.62935
-0.1954886724740792 0.5257216869707033 0.754181
0.429786124855048 0.883693404637084 -0.436707
0.08743446186609953 0.6351589302845277 0.672562
0.3402336655096331 0.07697599510807934 0.472836
-0.4896204032694074 -0.03798941488497644 0.766705
0.4601565440431091 0.6441205137179705 -0.15921
-0.537383970193964 -0.6578883395490247 -0.319489
0.6640152926566445 -0.6680977761159745 0.608551
0.7804549020207923 -0.3712644566837978 0.6952970000000001
0.03567586217499231 0.8399304058909113 0.648285
0.2311487891969907 0.6767614469972157 -0.434731
-0.5887079747022468 -0.06605812300526476 0.641357
-0.1667230432089615 0.3250892183695774 0.753319
-0.7658929762535751 -0.8777935480313356 -0.42394
-0.3841283746391356 0.6022481384961651 0.400787
-0.0072886925655649 0.5093896141556919 0.787598
0.7518744353489089 -0.2586912770635287 0.705527
-0.2419039310470338 -0.02683989912410088 0.763092
-0.7568767568771342 -0.5150929979791529 -0.091722
0.2576943501008399 1.198345707198096 -0.403038
0.4571334915250373 1.006744433162721 -0.486023
0.3059471436820267 0.2983219972878456 0.443598
-0.5688547811167881 -0.9179633830227496 -0.412231
0.03145507591576019 0.6188137896420326 0.648743
-0.09757207238821179 -0.1577897867761711 0.757175
-0.6782731439617281 -0.5726915467511923 -0.184661
-0.3939540013173949 -0.3530023461267842 0.687866
0.06389536824172337 0.8751040241629875 0.480286
0.1434115959891905 -0.3798558293521809 0.205462
-0.939912015541182 -0.8511193655617953 -0.400375
0.1662299651808184 -0.1299072545664171 0.821818
0.1872745640795435 -0.1783969400489172 0.809638
0.5511460164718904 0.8719109029185074 -0.303329
-0.1242395685764483 0.3847667549151538 0.8166909999999999
-0.3792918611899309 0.7780452255216777 0.229187
0.7609316002946256 -0.3980158072050156 0.6616340000000001
0.6908275985734429 -0.3988495000000001 0.65451
-0.3581732459842136 -0.3001082599565231 0.757462
0.2509862107128702 0.9141208689538789 -0.323822
-0.5777968787370221 -0.9404095504272355 -0.47171
-0.6761445092362595 -0.3194926432559252 -0.529251
-0.5330079730591272 -0.7447148901777113 -0.333691
-0.4960663094331557 0.8445839481385902 -0.186249
0.2589614201054837 0.8287843368228862 -0.282562
0.0102916222812198 0.2380856126833805 0.75946
0.2541477987193729 0.4834409000137422 0.62796
0.3196597147775075 0.07840086712761883 -0.429899
-0.9363126619377136 -0.08496710224618167 -0.340996
0.1786651923091312 1.249765190623479 -0.404709
0.451743765898725 1.267733154539092 -0.450745
-0.7970231065936378 -1.009154515426566 -0.416355
0.3224972599619909 0.3669596395559164 0.363532
-0.8607014167584698 -0.913324583972184 -0.4328
0.6999586960572584 -0.6744459752291675 0.561295
-0.5936057260962738 0.05421072273743913 0.798782
