-1.36458 -0.0757847 0.327495 
-1.36539 -0.0761555 0.327468 
-1.36597 -0.0768994 0.327492 
-1.3663 -0.0776528 0.327507 
-1.36638 -0.0784171 0.327509 
-1.36614 -0.0791888 0.327504 
-1.36591 -0.0795008 0.327502 
-1.36539 -0.0799821 0.327489 
-1.36501 -0.0802447 0.327476 
-1.36403 -0.0805377 0.327468 
-1.36297 -0.0806149 0.327459 
-1.36197 -0.0801489 0.327501 
-1.36193 -0.0801242 0.327503 
-1.3611 -0.0794437 0.327536 
-1.3613 -0.0787001 0.327599 
-1.36186 -0.0782859 0.327643 
-1.36244 -0.0779108 0.32767 
-1.36284 -0.0776497 0.32768 
-1.36366 -0.0771136 0.327671 
-1.36368 -0.0770887 0.32767 
-1.36415 -0.0763401 0.3276 
-1.36421 -0.0762656 0.327588 
-1.3673 -0.0770333 0.327038 
-1.36811 -0.0769997 0.32698 
-1.36874 -0.0769081 0.326885 
-1.36906 -0.0771154 0.326857 
-1.36966 -0.0776745 0.326786 
-1.36978 -0.0778048 0.326766 
-1.3701 -0.0785288 0.326699 
-1.37003 -0.0792971 0.326699 
-1.36996 -0.079434 0.326708 
-1.3695 -0.0801052 0.326738 
-1.36934 -0.0802752 0.326743 
-1.3686 -0.0806705 0.326786 
-1.36775 -0.0809199 0.326815 
-1.36706 -0.0810288 0.326828 
-1.36681 -0.0810642 0.326828 
-1.36673 -0.0810463 0.326833 
-1.36584 -0.0808901 0.326864 
-1.36483 -0.0804011 0.326909 
-1.36491 -0.0796693 0.32699 
-1.36538 -0.0789127 0.327058 
-1.36586 -0.0783431 0.32709 
-1.36605 -0.0781286 0.327094 
-1.36664 -0.0775803 0.327087 
-1.367 -0.077308 0.327069 
-1.36998 -0.0772975 0.326393 
-1.37054 -0.0768487 0.326308 
-1.37118 -0.0767685 0.326215 
-1.37201 -0.0773032 0.326138 
-1.37209 -0.0773652 0.326126 
-1.37274 -0.0778942 0.325981 
-1.37279 -0.0779552 0.325965 
-1.37311 -0.0786653 0.325863 
-1.37302 -0.0794248 0.325917 
-1.37301 -0.0794617 0.325919 
-1.37256 -0.0802589 0.325992 
-1.37254 -0.0802839 0.325994 
-1.37184 -0.081069 0.326005 
-1.37119 -0.0811409 0.326097 
-1.37048 -0.0809748 0.326197 
-1.36968 -0.0805758 0.326294 
-1.36965 -0.0805548 0.326298 
-1.36895 -0.079858 0.326379 
-1.36916 -0.0791048 0.326432 
-1.36954 -0.0784294 0.326445 
-1.36959 -0.0783206 0.326444 
-1.36984 -0.07753 0.326414 
-1.37144 -0.0752338 0.325387 
-1.37213 -0.0752052 0.3253 
-1.37228 -0.0752684 0.325299 
-1.37318 -0.0756691 0.325257 
-1.37371 -0.0759213 0.325201 
-1.3741 -0.076205 0.325175 
-1.37454 -0.07663 0.325153 
-1.37509 -0.0773606 0.32513 
-1.37543 -0.0781109 0.32513 
-1.37562 -0.0788653 0.325111 
-1.37565 -0.079622 0.325089 
-1.37555 -0.0803695 0.325031 
-1.37523 -0.0811378 0.324989 
-1.37512 -0.0813143 0.324984 
-1.3747 -0.0819093 0.32494 
-1.37408 -0.0825437 0.324885 
-1.37391 -0.0826835 0.324872 
-1.37294 -0.0834458 0.324749 
-1.37275 -0.0835645 0.324731 
-1.37149 -0.0842016 0.324627 
-1.3707 -0.0842617 0.32469 
-1.37069 -0.0836374 0.324946 
-1.37067 -0.0834576 0.325009 
-1.37057 -0.0829676 0.325162 
-1.37077 -0.0822686 0.325336 
-1.37111 -0.0815496 0.325481 
-1.3715 -0.0808111 0.325597 
-1.37188 -0.0800619 0.325677 
-1.3722 -0.0797301 0.325699 
-1.37257 -0.0792784 0.325715 
-1.37275 -0.0785001 0.32572 
-1.37273 -0.0781154 0.325711 
-1.37267 -0.0777246 0.325692 
-1.37212 -0.0769669 0.325652 
-1.37153 -0.0761914 0.325575 
-1.3714 -0.0753643 0.325421 
-1.37363 -0.0753948 0.324622 
-1.37414 -0.0751974 0.324508 
-1.37479 -0.075242 0.324405 
-1.37509 -0.0753777 0.324388 
-1.37571 -0.0756831 0.324328 
-1.37625 -0.0760351 0.324267 
-1.37656 -0.076285 0.324225 
-1.377 -0.0767224 0.324158 
-1.37738 -0.0772157 0.324086 
-1.37751 -0.0774163 0.324046 
-1.37783 -0.0781253 0.323947 
-1.37801 -0.0788586 0.323879 
-1.37807 -0.0796026 0.323829 
-1.378 -0.0803401 0.323751 
-1.3778 -0.0811176 0.323739 
-1.37763 -0.0815518 0.323774 
-1.37743 -0.0819254 0.323784 
-1.37695 -0.0825765 0.32378 
-1.37683 -0.0827185 0.323776 
-1.37602 -0.0834991 0.323709 
-1.37593 -0.0835722 0.323705 
-1.37528 -0.0839218 0.323774 
-1.37452 -0.084219 0.323823 
-1.37377 -0.0843794 0.323884 
-1.37319 -0.0842548 0.324012 
-1.37296 -0.0838547 0.324187 
-1.37296 -0.0836191 0.324268 
-1.37298 -0.0831779 0.324403 
-1.37315 -0.0824794 0.324578 
-1.37415 -0.0817572 0.324716 
-1.37419 -0.0817258 0.324721 
-1.37446 -0.0809903 0.324833 
-1.37447 -0.0802572 0.324916 
-1.37444 -0.0801981 0.324922 
-1.37409 -0.0795297 0.324969 
-1.37386 -0.0787761 0.324987 
-1.37352 -0.0780187 0.324974 
-1.37306 -0.077253 0.324929 
-1.37272 -0.0764633 0.32485 
-1.37275 -0.0763868 0.324839 
-1.3732 -0.0758178 0.324741 
-1.37346 -0.0755853 0.324679 
-1.37109 -0.0742676 0.323599 
-1.37151 -0.0737662 0.323489 
-1.37221 -0.0735517 0.323418 
-1.37322 -0.0736415 0.323397 
-1.37419 -0.0737896 0.32336 
-1.3749 -0.0740535 0.32337 
-1.37546 -0.0742728 0.323367 
-1.37642 -0.074648 0.323308 
-1.37653 -0.0747126 0.323305 
-1.3775 -0.0752962 0.323255 
-1.37764 -0.0753971 0.32324 
-1.37845 -0.0761059 0.323195 
-1.37861 -0.0762698 0.323182 
-1.37907 -0.0768223 0.323134 
-1.37946 -0.0774379 0.323027 
-1.3795 -0.0775135 0.323005 
-1.37978 -0.0782295 0.322916 
-1.37991 -0.0789407 0.32279 
-1.37995 -0.0796774 0.32272 
-1.37988 -0.0804145 0.322639 
-1.37967 -0.0811476 0.322527 
-1.37932 -0.0818689 0.322382 
-1.37886 -0.0825901 0.322227 
-1.37831 -0.0833432 0.322124 
-1.37781 -0.0839354 0.322073 
-1.37763 -0.0841148 0.32206 
-1.37704 -0.084689 0.322081 
-1.37667 -0.0849799 0.322224 
-1.37663 -0.0850081 0.32223 
-1.37606 -0.0853316 0.322302 
-1.37561 -0.0854656 0.322439 
-1.37511 -0.0855281 0.322571 
-1.37464 -0.0854775 0.322717 
-1.37446 -0.0853705 0.322811 
-1.37422 -0.0852681 0.322893 
-1.37321 -0.085393 0.322893 
-1.37221 -0.0853976 0.32291 
-1.37139 -0.0851584 0.322988 
-1.37101 -0.0848732 0.32307 
-1.37068 -0.0846614 0.323119 
-1.36966 -0.0842772 0.32316 
-1.36958 -0.0842144 0.323171 
-1.36927 -0.0835172 0.323307 
-1.36898 -0.0831978 0.323347 
-1.36857 -0.0828141 0.323381 
-1.36921 -0.0820935 0.323553 
-1.36968 -0.0817268 0.323644 
-1.37009 -0.0813577 0.323724 
-1.37008 -0.080623 0.323799 
-1.37002 -0.0798802 0.323849 
-1.37015 -0.0791226 0.323895 
-1.37054 -0.0783561 0.323939 
-1.37067 -0.0780187 0.323947 
-1.3708 -0.0775798 0.323947 
-1.37059 -0.0767965 0.323897 
-1.37071 -0.0761836 0.323858 
-1.37073 -0.0759984 0.323842 
-1.37081 -0.0751871 0.323748 
-1.37086 -0.0750639 0.323733 
-1.37109 -0.0743496 0.323616 
-1.37251 -0.0734106 0.322481 
-1.37343 -0.0733518 0.322451 
-1.3742 -0.0732688 0.322383 
-1.37495 -0.0732574 0.322308 
-1.37546 -0.0734445 0.322327 
-1.37634 -0.0737695 0.322341 
-1.37721 -0.0740338 0.32227 
-1.37734 -0.074099 0.322271 
-1.37854 -0.0748157 0.322287 
-1.37864 -0.0748794 0.322283 
-1.37953 -0.0755069 0.322222 
-1.37972 -0.0756725 0.322216 
-1.38028 -0.0762213 0.322179 
-1.38086 -0.0769575 0.322158 
-1.38097 -0.0771144 0.322132 
-1.38126 -0.0776534 0.322035 
-1.38152 -0.0783697 0.321941 
-1.38172 -0.0791311 0.321933 
-1.38173 -0.0794791 0.321854 
-1.38169 -0.0798275 0.321764 
-1.38157 -0.0805404 0.321622 
-1.38136 -0.0812743 0.321507 
-1.38102 -0.0819988 0.32137 
-1.38059 -0.0827354 0.32125 
-1.38038 -0.0830734 0.321224 
-1.38007 -0.0835014 0.321178 
-1.37942 -0.0842772 0.321124 
-1.37935 -0.0843521 0.321124 
-1.37886 -0.0848687 0.32122 
-1.37853 -0.085139 0.321232 
-1.37807 -0.0854574 0.321236 
-1.37755 -0.0857387 0.321341 
-1.37696 -0.0859561 0.321439 
-1.37638 -0.0860777 0.321544 
-1.37572 -0.0861493 0.321637 
-1.37519 -0.0860429 0.321776 
-1.37452 -0.0859307 0.321881 
-1.37348 -0.0859668 0.321884 
-1.37298 -0.0857274 0.321978 
-1.37281 -0.0856344 0.322009 
-1.3721 -0.0851855 0.322133 
-1.37201 -0.0850833 0.322159 
-1.37141 -0.0845139 0.322281 
-1.37128 -0.084409 0.322298 
-1.37048 -0.0837826 0.322379 
-1.37037 -0.0837148 0.322384 
-1.37021 -0.0830065 0.322503 
-1.36999 -0.0822891 0.322595 
-1.3701 -0.081558 0.322698 
-1.36996 -0.0808231 0.32276 
-1.36991 -0.0807777 0.322758 
-1.36913 -0.0800818 0.322733 
-1.36929 -0.0793267 0.322787 
-1.36953 -0.0789961 0.322823 
-1.36978 -0.0785655 0.322854 
-1.36981 -0.0777971 0.322856 
-1.36984 -0.0770157 0.322836 
-1.36994 -0.0769425 0.322842 
-1.37073 -0.0762164 0.32286 
-1.37079 -0.0761419 0.322859 
-1.37133 -0.0754021 0.32282 
-1.37138 -0.0753263 0.322814 
-1.37182 -0.07459 0.322727 
-1.37184 -0.074568 0.322724 
-1.3722 -0.0739561 0.322614 
-1.3724 -0.0736968 0.322556 
-1.37271 -0.0734189 0.321504 
-1.37334 -0.073106 0.321427 
-1.37435 -0.0730967 0.321412 
-1.37538 -0.0731833 0.321395 
-1.37627 -0.073259 0.321344 
-1.37735 -0.0735627 0.321332 
-1.37741 -0.0735831 0.321331 
-1.37879 -0.0741975 0.32135 
-1.37892 -0.0742664 0.321351 
-1.37995 -0.0748126 0.321317 
-1.38018 -0.0749516 0.321301 
-1.38094 -0.0754797 0.321239 
-1.38113 -0.0756375 0.321215 
-1.38185 -0.0763493 0.321162 
-1.38199 -0.0765119 0.321144 
-1.38238 -0.0770569 0.32107 
-1.3828 -0.0777922 0.321035 
-1.38295 -0.0781921 0.320971 
-1.38303 -0.0784977 0.320911 
-1.38318 -0.0792331 0.320838 
-1.38321 -0.0799684 0.32076 
-1.38302 -0.0806589 0.320561 
-1.38281 -0.0813921 0.320444 
-1.38246 -0.0821148 0.3203 
-1.38198 -0.0828293 0.320126 
-1.38143 -0.083565 0.319982 
-1.38077 -0.0842975 0.31983 
-1.38043 -0.0846936 0.319815 
-1.38005 -0.0850827 0.319789 
-1.37952 -0.0855796 0.319776 
-1.37934 -0.0858223 0.319968 
-1.37909 -0.0860076 0.320019 
-1.37881 -0.0861874 0.320065 
-1.37841 -0.0863741 0.320208 
-1.37815 -0.0863838 0.320402 
-1.37813 -0.0862864 0.320534 
-1.37806 -0.0861938 0.320653 
-1.37757 -0.0861614 0.320793 
-1.37702 -0.0860578 0.32093 
-1.37612 -0.0861024 0.320964 
-1.37551 -0.0858772 0.32108 
-1.37547 -0.0858586 0.321088 
-1.37463 -0.0856404 0.32116 
-1.37436 -0.0852492 0.321283 
-1.37416 -0.0849369 0.321368 
-1.37392 -0.0845753 0.321454 
-1.37392 -0.0838759 0.321621 
-1.37383 -0.0837003 0.321652 
-1.37356 -0.0831727 0.321734 
-1.37378 -0.0824528 0.321869 
-1.37347 -0.0817247 0.321942 
-1.37353 -0.0809876 0.322022 
-1.3732 -0.0806171 0.322024 
-1.3728 -0.0802485 0.322015 
-1.37261 -0.0794924 0.322034 
-1.37281 -0.0791126 0.322062 
-1.37295 -0.0787269 0.32208 
-1.37241 -0.077961 0.322029 
-1.37192 -0.0771824 0.321963 
-1.37221 -0.0763885 0.321937 
-1.3723 -0.0762442 0.321931 
-1.37248 -0.0755813 0.321877 
-1.37252 -0.0751422 0.321824 
-1.37257 -0.074762 0.321769 
-1.3726 -0.0741766 0.321668 
-1.37261 -0.0739215 0.321617 
-1.3757 -0.0746832 0.320827 
-1.37658 -0.0745044 0.320796 
-1.37739 -0.0743632 0.320746 
-1.3778 -0.0740332 0.320615 
-1.37839 -0.0739143 0.32051 
-1.37898 -0.0738789 0.320396 
-1.37974 -0.0740539 0.320306 
-1.38041 -0.0742583 0.320191 
-1.38053 -0.0743271 0.32019 
-1.38149 -0.0749114 0.320136 
-1.38163 -0.0750135 0.320124 
-1.3824 -0.0756353 0.320033 
-1.38247 -0.0756973 0.32002 
-1.38315 -0.0764364 0.320022 
-1.38369 -0.0771704 0.319987 
-1.38377 -0.0773264 0.319956 
-1.384 -0.0778627 0.319844 
-1.38421 -0.0785755 0.319734 
-1.38422 -0.078747 0.319685 
-1.3842 -0.0792627 0.319537 
-1.38426 -0.0800073 0.319481 
-1.38416 -0.0807383 0.319378 
-1.38378 -0.0814217 0.319135 
-1.38341 -0.082136 0.31897 
-1.38304 -0.0828858 0.318884 
-1.38253 -0.0836296 0.318761 
-1.38186 -0.0843545 0.318592 
-1.38157 -0.0846842 0.318549 
-1.38115 -0.0851052 0.318475 
-1.38029 -0.0858653 0.318357 
-1.38016 -0.0859893 0.318355 
-1.37951 -0.0865795 0.318405 
-1.37935 -0.0867116 0.318427 
-1.3789 -0.0870318 0.318477 
-1.37873 -0.0871681 0.318679 
-1.37873 -0.0871325 0.318935 
-1.37887 -0.0870252 0.319059 
-1.37909 -0.086804 0.319305 
-1.37912 -0.0865566 0.319589 
-1.37916 -0.0865012 0.319628 
-1.37944 -0.0859841 0.319969 
-1.37947 -0.0858922 0.320024 
-1.37959 -0.0853207 0.32032 
-1.37959 -0.0852622 0.320348 
-1.37989 -0.0845916 0.320605 
-1.37992 -0.0841293 0.320759 
-1.3799 -0.083914 0.320824 
-1.3799 -0.0832204 0.321 
-1.3799 -0.0825111 0.321142 
-1.37988 -0.0824789 0.321147 
-1.37941 -0.0818013 0.321241 
-1.37895 -0.0812953 0.321284 
-1.37867 -0.0810863 0.321295 
-1.37777 -0.0803606 0.321304 
-1.37754 -0.0802303 0.321299 
-1.37645 -0.0796248 0.321256 
-1.37579 -0.0793258 0.321218 
-1.37465 -0.0788845 0.321136 
-1.37358 -0.0781233 0.321042 
-1.3735 -0.0780804 0.321036 
-1.37222 -0.0773518 0.3209 
-1.37239 -0.0767454 0.320885 
-1.37248 -0.0765617 0.32088 
-1.37328 -0.0760515 0.320901 
-1.37395 -0.075737 0.320913 
-1.3742 -0.0755643 0.320908 
-1.37516 -0.0752262 0.320908 
-1.37556 -0.074866 0.320859 
-1.38058 -0.0743444 0.319453 
-1.38118 -0.0744079 0.319333 
-1.3815 -0.0745464 0.319315 
-1.38209 -0.0748123 0.319258 
-1.38269 -0.075101 0.31912 
-1.38278 -0.0751638 0.319111 
-1.3835 -0.0757363 0.319 
-1.38361 -0.0758357 0.318977 
-1.38424 -0.0765367 0.318887 
-1.38432 -0.0766585 0.318859 
-1.38466 -0.0772276 0.318742 
-1.38486 -0.0777181 0.318639 
-1.3849 -0.0779148 0.318579 
-1.38513 -0.0786421 0.318503 
-1.38516 -0.0793499 0.318354 
-1.38516 -0.0800792 0.318258 
-1.38514 -0.0801207 0.318242 
-1.38485 -0.0807556 0.318014 
-1.38466 -0.0814959 0.317914 
-1.38431 -0.0822192 0.317772 
-1.38384 -0.0829343 0.317597 
-1.38331 -0.0836695 0.317455 
-1.38311 -0.0840041 0.31743 
-1.38279 -0.0844321 0.317381 
-1.38203 -0.0851606 0.317211 
-1.38115 -0.0858957 0.317037 
-1.38107 -0.085985 0.317033 
-1.38024 -0.0866641 0.316941 
-1.37985 -0.0869629 0.316918 
-1.37939 -0.0873975 0.317025 
-1.37921 -0.087532 0.31705 
-1.37877 -0.0878221 0.317094 
-1.37881 -0.0878508 0.317357 
-1.379 -0.0877595 0.317519 
-1.37918 -0.087648 0.317714 
-1.37919 -0.0875338 0.317982 
-1.37945 -0.0872877 0.318211 
-1.3796 -0.0871049 0.318371 
-1.37961 -0.0867836 0.318655 
-1.37964 -0.0867274 0.318691 
-1.37984 -0.0861675 0.31902 
-1.37985 -0.0861062 0.319051 
-1.38029 -0.085444 0.319338 
-1.38041 -0.0849907 0.319513 
-1.38043 -0.0847781 0.319587 
-1.38057 -0.0840889 0.319796 
-1.3807 -0.0833872 0.319969 
-1.38069 -0.083348 0.319977 
-1.38046 -0.0826845 0.320102 
-1.38021 -0.0819637 0.320202 
-1.38005 -0.0818369 0.320213 
-1.37935 -0.0812493 0.320247 
-1.37874 -0.0807345 0.320255 
-1.37842 -0.0805212 0.320249 
-1.37754 -0.0797752 0.320226 
-1.37692 -0.079436 0.320191 
-1.37613 -0.0790295 0.320137 
-1.37523 -0.0782662 0.320061 
-1.37483 -0.0774847 0.320001 
-1.37536 -0.0771287 0.320022 
-1.37651 -0.076779 0.320071 
-1.37674 -0.0766539 0.320071 
-1.37739 -0.0762988 0.320063 
-1.37837 -0.0760647 0.32006 
-1.37915 -0.0757657 0.320014 
-1.37917 -0.0757382 0.320009 
-1.37959 -0.0753075 0.319903 
-1.38006 -0.0749832 0.319785 
-1.38053 -0.0747703 0.31966 
-1.38053 -0.0747409 0.319648 
-1.38172 -0.0746293 0.318413 
-1.38211 -0.0745406 0.318256 
-1.38246 -0.0746682 0.318216 
-1.38284 -0.0748101 0.318152 
-1.38356 -0.0751893 0.318034 
-1.38371 -0.0752881 0.318014 
-1.38429 -0.0757322 0.317901 
-1.38452 -0.0759495 0.317853 
-1.38506 -0.0765644 0.317755 
-1.38511 -0.0766412 0.317737 
-1.38556 -0.077349 0.317632 
-1.38568 -0.0776596 0.317551 
-1.38576 -0.0780264 0.317442 
-1.38598 -0.0787524 0.31736 
-1.38603 -0.0794678 0.31723 
-1.38602 -0.0795097 0.317217 
-1.38587 -0.0801556 0.317024 
-1.38579 -0.0808938 0.31694 
-1.38558 -0.0816294 0.316827 
-1.38523 -0.0823532 0.316684 
-1.38475 -0.0830687 0.31651 
-1.38413 -0.0837793 0.316304 
-1.38339 -0.084479 0.316072 
-1.38277 -0.0851831 0.315967 
-1.38273 -0.0852297 0.31596 
-1.38186 -0.0859587 0.315772 
-1.38089 -0.0866917 0.315596 
-1.38061 -0.086915 0.315563 
-1.37983 -0.0874419 0.315448 
-1.37905 -0.0879431 0.315363 
-1.37863 -0.0882195 0.315348 
-1.37803 -0.0885772 0.31532 
-1.37754 -0.0888999 0.315431 
-1.37759 -0.088937 0.315694 
-1.37804 -0.0887442 0.316067 
-1.37824 -0.0886373 0.316206 
-1.37857 -0.0884275 0.316474 
-1.37873 -0.0881856 0.316787 
-1.3788 -0.0881321 0.316833 
-1.3793 -0.0876336 0.317224 
-1.37937 -0.0875445 0.317287 
-1.37968 -0.0870235 0.317622 
-1.37971 -0.0869349 0.317674 
-1.38008 -0.0862894 0.317997 
-1.38014 -0.0861422 0.318062 
-1.38033 -0.0856304 0.318271 
-1.38066 -0.084949 0.318508 
-1.38065 -0.084793 0.318556 
-1.38057 -0.0842641 0.318702 
-1.38058 -0.0835629 0.318864 
-1.38048 -0.0834054 0.318893 
-1.38012 -0.0828602 0.318976 
-1.37982 -0.0821362 0.319065 
-1.37964 -0.0819742 0.319075 
-1.37901 -0.0814134 0.319095 
-1.37848 -0.0806738 0.319116 
-1.37802 -0.0799191 0.319118 
-1.37795 -0.0798459 0.319115 
-1.37726 -0.0791631 0.319075 
-1.37745 -0.0788113 0.319088 
-1.37767 -0.0783803 0.319095 
-1.3783 -0.0778918 0.319113 
-1.37897 -0.0775569 0.319125 
-1.37925 -0.0773843 0.319123 
-1.38011 -0.0769874 0.319108 
-1.38093 -0.0766904 0.319072 
-1.38095 -0.0766638 0.319067 
-1.38135 -0.0761539 0.318962 
-1.38155 -0.07577 0.318858 
-1.38157 -0.0755867 0.318805 
-1.38185 -0.0752107 0.31865 
-1.38179 -0.0748242 0.318494 
-1.38223 -0.0746102 0.31725 
-1.38266 -0.0745502 0.317101 
-1.38291 -0.0744545 0.316914 
-1.38331 -0.0745532 0.316744 
-1.38342 -0.0746185 0.316733 
-1.38405 -0.075028 0.316621 
-1.38436 -0.075276 0.316581 
-1.38502 -0.0759013 0.316519 
-1.38509 -0.0759789 0.316504 
-1.38566 -0.0766898 0.316428 
-1.38583 -0.0769799 0.31636 
-1.38599 -0.0773712 0.316251 
-1.38632 -0.0780991 0.316186 
-1.3864 -0.0784958 0.316108 
-1.38642 -0.0787988 0.316035 
-1.38651 -0.0795297 0.315941 
-1.38643 -0.0802414 0.315798 
-1.38621 -0.0809461 0.315625 
-1.38603 -0.0816887 0.31553 
-1.38569 -0.0824126 0.315387 
-1.3852 -0.0831281 0.315214 
-1.38459 -0.083839 0.315008 
-1.38396 -0.0845662 0.314847 
-1.38321 -0.0852928 0.314675 
-1.3823 -0.086006 0.31445 
-1.38205 -0.08625 0.314423 
-1.38145 -0.0867667 0.314342 
-1.38036 -0.0874961 0.314149 
-1.38023 -0.0875868 0.314136 
-1.37916 -0.0882426 0.313982 
-1.37855 -0.0885981 0.313906 
-1.37783 -0.0890361 0.313897 
-1.37762 -0.0891547 0.313894 
-1.37731 -0.0893974 0.314052 
-1.37777 -0.0892777 0.314404 
-1.3778 -0.0892654 0.314432 
-1.37815 -0.0891201 0.31478 
-1.37883 -0.0887939 0.315127 
-1.37914 -0.0886158 0.315309 
-1.37944 -0.0883138 0.315659 
-1.3795 -0.0882605 0.315703 
-1.37994 -0.0877991 0.316074 
-1.37997 -0.0876818 0.316167 
-1.37993 -0.087424 0.316361 
-1.37991 -0.0870935 0.316562 
-1.3799 -0.0869284 0.316651 
-1.37982 -0.086462 0.316872 
-1.37982 -0.0862885 0.316943 
-1.37987 -0.0858021 0.317125 
-1.37982 -0.0853089 0.317282 
-1.37973 -0.0851292 0.317333 
-1.37965 -0.0844345 0.317508 
-1.37947 -0.084197 0.317553 
-1.37909 -0.0837385 0.317625 
-1.37853 -0.0832907 0.317667 
-1.37811 -0.0830327 0.317677 
-1.37722 -0.0824918 0.317681 
-1.3769 -0.0823097 0.317677 
-1.37577 -0.0815767 0.317651 
-1.37559 -0.0814895 0.317642 
-1.37429 -0.080833 0.317564 
-1.37354 -0.0800757 0.317527 
-1.37321 -0.0793151 0.317517 
-1.37345 -0.0785467 0.317546 
-1.37429 -0.0781784 0.317623 
-1.37605 -0.0781899 0.317781 
-1.37764 -0.0781701 0.317903 
-1.37917 -0.078234 0.318003 
-1.38031 -0.0779395 0.31804 
-1.38131 -0.0776524 0.318045 
-1.38135 -0.0776216 0.318043 
-1.38205 -0.0772401 0.318001 
-1.38244 -0.0767368 0.31791 
-1.38247 -0.076657 0.317894 
-1.38277 -0.076128 0.317754 
-1.38271 -0.0758471 0.317677 
-1.38252 -0.0753033 0.317513 
-1.38241 -0.07496 0.317388 
-1.38303 -0.0749498 0.316124 
-1.38279 -0.0744076 0.31586 
-1.38283 -0.0741632 0.315636 
-1.38316 -0.074209 0.315456 
-1.38378 -0.0745511 0.315315 
-1.38387 -0.0746185 0.315308 
-1.38464 -0.0752352 0.315204 
-1.38471 -0.0752973 0.315191 
-1.38542 -0.0760151 0.315146 
-1.38564 -0.0763082 0.31509 
-1.38588 -0.0766997 0.314999 
-1.38629 -0.0774248 0.314928 
-1.38635 -0.0775986 0.314889 
-1.38647 -0.0781164 0.314768 
-1.38667 -0.0788447 0.314688 
-1.38675 -0.0795759 0.314594 
-1.38673 -0.0803063 0.314498 
-1.38671 -0.0803475 0.314482 
-1.38638 -0.0809827 0.314251 
-1.38618 -0.0817201 0.314142 
-1.38582 -0.0824409 0.313992 
-1.38535 -0.0831596 0.313826 
-1.38473 -0.0838685 0.313618 
-1.38429 -0.0845844 0.313553 
-1.38426 -0.0846318 0.313549 
-1.38348 -0.0853475 0.313351 
-1.38264 -0.0860796 0.313175 
-1.38202 -0.0866656 0.313097 
-1.38181 -0.0868411 0.313071 
-1.38071 -0.0875618 0.312857 
-1.38013 -0.0879752 0.312798 
-1.37959 -0.0883296 0.312743 
-1.37889 -0.088771 0.312691 
-1.3786 -0.0890755 0.312848 
-1.37869 -0.0891616 0.313115 
-1.37912 -0.0890408 0.313478 
-1.37967 -0.0888104 0.313772 
-1.38002 -0.0886404 0.313975 
-1.38045 -0.0883474 0.314354 
-1.38053 -0.0882949 0.314402 
-1.38108 -0.0878411 0.314799 
-1.38115 -0.0877262 0.314902 
-1.38118 -0.0874914 0.315107 
-1.38118 -0.0871572 0.315346 
-1.38119 -0.0870673 0.315401 
-1.38098 -0.0866403 0.315644 
-1.38097 -0.0865462 0.315688 
-1.38077 -0.0860374 0.315902 
-1.38054 -0.0859095 0.315946 
-1.38002 -0.0856948 0.316008 
-1.37905 -0.0853741 0.316065 
-1.37892 -0.0852705 0.316086 
-1.37811 -0.0848221 0.316147 
-1.37763 -0.0845857 0.316165 
-1.377 -0.0841908 0.316195 
-1.37661 -0.0838817 0.316219 
-1.37574 -0.083282 0.316236 
-1.37551 -0.0831633 0.316232 
-1.37465 -0.0824292 0.31624 
-1.37418 -0.0821758 0.316219 
-1.37323 -0.081688 0.316166 
-1.37258 -0.0809404 0.316154 
-1.37231 -0.0801834 0.316165 
-1.37271 -0.0794251 0.316234 
-1.37346 -0.0791082 0.316318 
-1.37469 -0.0786556 0.316442 
-1.37495 -0.0785314 0.316466 
-1.37662 -0.0784241 0.316611 
-1.37822 -0.0784042 0.316733 
-1.37975 -0.0784801 0.316833 
-1.38068 -0.0785743 0.316883 
-1.38122 -0.0786275 0.316908 
-1.3826 -0.078882 0.316955 
-1.38328 -0.0784745 0.316933 
-1.38338 -0.078391 0.316925 
-1.38394 -0.0778459 0.31685 
-1.384 -0.0776075 0.316811 
-1.38376 -0.0767798 0.316666 
-1.38375 -0.0767006 0.316648 
-1.38353 -0.0759189 0.316446 
-1.38348 -0.0757891 0.316408 
-1.38309 -0.0750357 0.316155 
-1.38369 -0.0749579 0.314736 
-1.38364 -0.0746438 0.3145 
-1.3837 -0.0744995 0.314274 
-1.38417 -0.0747544 0.314168 
-1.3843 -0.0748408 0.314128 
-1.38486 -0.0752873 0.313966 
-1.38496 -0.075386 0.313942 
-1.38563 -0.0760893 0.313858 
-1.38572 -0.0762119 0.313833 
-1.38609 -0.0767785 0.313722 
-1.38633 -0.0772753 0.313627 
-1.38639 -0.0774732 0.313572 
-1.38671 -0.0782065 0.313518 
-1.38685 -0.0789224 0.313405 
-1.38694 -0.0796562 0.313318 
-1.38693 -0.079698 0.313304 
-1.38673 -0.0803408 0.313101 
-1.38666 -0.0810822 0.313024 
-1.38637 -0.0818001 0.312865 
-1.38577 -0.0824709 0.312583 
-1.38557 -0.0832453 0.312563 
-1.38499 -0.0839655 0.312385 
-1.38425 -0.0846655 0.312155 
-1.38368 -0.0853732 0.312062 
-1.38364 -0.08542 0.312056 
-1.38281 -0.0861511 0.311878 
-1.38191 -0.086889 0.311718 
-1.38165 -0.0871133 0.311691 
-1.38093 -0.0876453 0.311591 
-1.38034 -0.0881045 0.311553 
-1.37991 -0.0884514 0.311568 
-1.37952 -0.0887188 0.311562 
-1.37955 -0.0888954 0.311803 
-1.3796 -0.0889945 0.312061 
-1.37975 -0.0889885 0.312346 
-1.38 -0.0888845 0.312494 
-1.38042 -0.0886801 0.31278 
-1.38071 -0.0884473 0.313124 
-1.38079 -0.0883962 0.313173 
-1.38107 -0.0880877 0.31349 
-1.38105 -0.0878662 0.31372 
-1.38105 -0.0878146 0.313763 
-1.3808 -0.0875656 0.313982 
-1.38082 -0.0872985 0.314143 
-1.38077 -0.0870622 0.314272 
-1.38071 -0.0866701 0.314456 
-1.38062 -0.0864632 0.314543 
-1.37994 -0.0860979 0.314668 
-1.37989 -0.0860371 0.314686 
-1.37989 -0.0853562 0.314891 
-1.37965 -0.0851203 0.314941 
-1.3792 -0.0846693 0.315024 
-1.37881 -0.0843451 0.315068 
-1.37801 -0.0839734 0.31508 
-1.37756 -0.0837857 0.315076 
-1.37653 -0.0832609 0.31507 
-1.37614 -0.0830082 0.315069 
-1.37535 -0.0825288 0.315053 
-1.37487 -0.08179 0.31508 
-1.37507 -0.0810438 0.315157 
-1.37488 -0.080286 0.315179 
-1.37544 -0.0795228 0.315254 
-1.3757 -0.0794078 0.315281 
-1.37731 -0.0791757 0.315424 
-1.37904 -0.0793772 0.315555 
-1.37985 -0.0794788 0.315608 
-1.38061 -0.0795707 0.315653 
-1.38193 -0.0794965 0.315712 
-1.38318 -0.0795564 0.315743 
-1.38431 -0.0796554 0.315745 
-1.38481 -0.0792979 0.315718 
-1.38499 -0.0790854 0.315697 
-1.38511 -0.0784689 0.31563 
-1.38512 -0.0780215 0.315565 
-1.38508 -0.0776315 0.315498 
-1.38489 -0.0769388 0.315352 
-1.38484 -0.0767856 0.315314 
-1.38436 -0.0759313 0.315086 
-1.38432 -0.0758501 0.31506 
-1.38376 -0.075045 0.31477 
-1.38284 -0.0741422 0.313073 
-1.38261 -0.073807 0.312795 
-1.38308 -0.0740548 0.312747 
-1.38342 -0.0742509 0.312691 
-1.38408 -0.0747134 0.312595 
-1.38423 -0.0748324 0.312576 
-1.38488 -0.0754108 0.312513 
-1.38518 -0.0757345 0.312465 
-1.38546 -0.0760977 0.312387 
-1.38601 -0.0768258 0.312345 
-1.38609 -0.0769854 0.312313 
-1.38629 -0.0775207 0.312194 
-1.38657 -0.0782443 0.312115 
-1.38679 -0.0789818 0.312058 
-1.38679 -0.0790278 0.312046 
-1.38671 -0.0796779 0.311871 
-1.38677 -0.0804241 0.311817 
-1.38663 -0.0811494 0.311697 
-1.38617 -0.0818321 0.311446 
-1.38578 -0.0825471 0.311281 
-1.38548 -0.0833009 0.311208 
-1.38504 -0.0840504 0.311105 
-1.38429 -0.0847489 0.310871 
-1.38354 -0.0854691 0.310686 
-1.38324 -0.0858017 0.31064 
-1.3828 -0.0862223 0.310565 
-1.38181 -0.086935 0.310344 
-1.38107 -0.0875173 0.310242 
-1.38084 -0.0876873 0.310211 
-1.37968 -0.0884229 0.310027 
-1.37938 -0.0886319 0.310006 
-1.37846 -0.0892162 0.309952 
-1.37827 -0.0893295 0.30994 
-1.37809 -0.0895806 0.310127 
-1.378 -0.0897356 0.310345 
-1.37822 -0.0897152 0.310647 
-1.37849 -0.0896167 0.310797 
-1.37897 -0.0894132 0.311098 
-1.37915 -0.0892617 0.311407 
-1.37932 -0.0891521 0.311534 
-1.37955 -0.0889361 0.311778 
-1.37958 -0.0886857 0.312059 
-1.37963 -0.088632 0.312102 
-1.37988 -0.0881935 0.312427 
-1.37991 -0.0880446 0.312527 
-1.37989 -0.0877275 0.312721 
-1.37986 -0.0874352 0.312877 
-1.37996 -0.0870625 0.313049 
-1.38 -0.0867847 0.313164 
-1.38009 -0.0861188 0.313409 
-1.38009 -0.0860915 0.313418 
-1.37989 -0.0854434 0.313604 
-1.37972 -0.0851738 0.313667 
-1.37937 -0.0847536 0.313748 
-1.37914 -0.0840479 0.313877 
-1.37911 -0.0840191 0.31388 
-1.37839 -0.083336 0.31394 
-1.37796 -0.0829738 0.313957 
-1.3774 -0.0826094 0.313956 
-1.37655 -0.081874 0.313956 
-1.37638 -0.0816494 0.31396 
-1.37597 -0.0811287 0.31396 
-1.37578 -0.0803705 0.31398 
-1.37598 -0.0799913 0.314012 
-1.37683 -0.0796019 0.314096 
-1.37748 -0.0794823 0.314152 
-1.37908 -0.0794631 0.314273 
-1.37961 -0.0795697 0.314308 
-1.38072 -0.0797862 0.314373 
-1.38216 -0.079971 0.314435 
-1.38345 -0.0801712 0.314464 
-1.38365 -0.0802298 0.314465 
-1.38463 -0.0804874 0.314457 
-1.38525 -0.0801444 0.31444 
-1.38542 -0.0800123 0.314429 
-1.38578 -0.0793123 0.31437 
-1.3858 -0.0790535 0.314345 
-1.38576 -0.0784961 0.314279 
-1.3854 -0.0776845 0.314172 
-1.38531 -0.0774195 0.31412 
-1.38503 -0.0768494 0.313998 
-1.38441 -0.0760167 0.313803 
-1.38436 -0.0759355 0.313778 
-1.38381 -0.0751301 0.313489 
-1.38374 -0.0750431 0.313455 
-1.38293 -0.0742258 0.313111 
-1.3819 -0.0735435 0.311374 
-1.38188 -0.0734328 0.311126 
-1.38255 -0.0738384 0.310993 
-1.3827 -0.0739403 0.310981 
-1.38363 -0.0746591 0.310956 
-1.38377 -0.0747801 0.31094 
-1.38436 -0.0753614 0.31088 
-1.38479 -0.0758638 0.310828 
-1.38493 -0.0760659 0.310791 
-1.38552 -0.0768129 0.310796 
-1.38596 -0.0775535 0.310762 
-1.38609 -0.0779522 0.310693 
-1.38614 -0.0782567 0.310628 
-1.38634 -0.0789895 0.310559 
-1.38636 -0.0797104 0.310438 
-1.38623 -0.0804192 0.310285 
-1.38616 -0.0811589 0.310204 
-1.38595 -0.0818943 0.310091 
-1.3856 -0.082618 0.30995 
-1.38513 -0.0833332 0.309778 
-1.38451 -0.0840437 0.309575 
-1.38381 -0.0847513 0.309367 
-1.38319 -0.0854992 0.309255 
-1.38273 -0.0860994 0.309214 
-1.38257 -0.0862782 0.3092 
-1.38164 -0.087006 0.309018 
-1.38117 -0.0874497 0.308992 
-1.38077 -0.0877891 0.308959 
-1.37986 -0.0884176 0.308856 
-1.37965 -0.0885501 0.308833 
-1.37857 -0.089214 0.30874 
-1.37839 -0.0893487 0.308765 
-1.37795 -0.0896386 0.30881 
-1.37783 -0.0898066 0.309019 
-1.37804 -0.0897864 0.30932 
-1.37831 -0.0896878 0.30947 
-1.37879 -0.0894845 0.30977 
-1.37915 -0.0892601 0.310123 
-1.37924 -0.0892066 0.310178 
-1.37964 -0.0888839 0.310521 
-1.37982 -0.0886676 0.310728 
-1.37996 -0.0884838 0.310881 
-1.3799 -0.0881596 0.31115 
-1.37993 -0.0881041 0.311186 
-1.37982 -0.0877339 0.311421 
-1.37953 -0.0875141 0.311544 
-1.3794 -0.0873856 0.311606 
-1.37885 -0.0869909 0.311765 
-1.37878 -0.0868878 0.311801 
-1.37829 -0.086436 0.311937 
-1.37811 -0.0862305 0.311991 
-1.37771 -0.0856622 0.312124 
-1.37758 -0.08555 0.312144 
-1.37752 -0.0848464 0.312301 
-1.37713 -0.084442 0.31235 
-1.37677 -0.0841398 0.312375 
-1.3764 -0.0834198 0.312457 
-1.37601 -0.0831672 0.312456 
-1.37527 -0.0826876 0.312446 
-1.37434 -0.08215 0.312409 
-1.37395 -0.0819477 0.312388 
-1.37271 -0.0811982 0.312316 
-1.37306 -0.0804431 0.312395 
-1.37387 -0.0798915 0.312499 
-1.37566 -0.0797473 0.312676 
-1.3774 -0.0797362 0.312826 
-1.37918 -0.0801052 0.312953 
-1.38072 -0.080278 0.313042 
-1.38115 -0.0803783 0.313062 
-1.38218 -0.0806136 0.313097 
-1.38346 -0.0808937 0.313115 
-1.38454 -0.0809484 0.313108 
-1.38545 -0.0807976 0.313078 
-1.38593 -0.0801517 0.313046 
-1.38601 -0.0799136 0.313029 
-1.38606 -0.0793408 0.312983 
-1.38598 -0.078557 0.312888 
-1.38597 -0.0785227 0.312882 
-1.38555 -0.0777146 0.312776 
-1.3851 -0.0768823 0.312603 
-1.38505 -0.0767853 0.312576 
-1.38453 -0.0760287 0.312368 
-1.38415 -0.0755635 0.31222 
-1.38377 -0.0751605 0.312078 
-1.38299 -0.0744345 0.3118 
-1.38281 -0.0742738 0.311731 
-1.38069 -0.073015 0.30961 
-1.38094 -0.0731356 0.309406 
-1.38105 -0.0731994 0.309401 
-1.3821 -0.0739131 0.309389 
-1.38226 -0.0740392 0.309379 
-1.38296 -0.0746256 0.309343 
-1.38349 -0.0751324 0.309312 
-1.38367 -0.0753364 0.309283 
-1.38429 -0.0760629 0.309249 
-1.38493 -0.0768249 0.309293 
-1.38513 -0.0771879 0.309258 
-1.38528 -0.077547 0.30921 
-1.38561 -0.0782866 0.309172 
-1.38577 -0.0790111 0.309081 
-1.38578 -0.0797311 0.308958 
-1.38584 -0.0804783 0.308907 
-1.38577 -0.0812178 0.308826 
-1.38556 -0.081953 0.308714 
-1.38521 -0.0826764 0.308572 
-1.38473 -0.0833915 0.3084 
-1.38416 -0.0841114 0.308223 
-1.38368 -0.0848686 0.308143 
-1.38298 -0.0855981 0.307983 
-1.3828 -0.0858467 0.307972 
-1.38233 -0.0863755 0.307923 
-1.38145 -0.087119 0.307778 
-1.38135 -0.0872075 0.307773 
-1.38047 -0.0878765 0.307656 
-1.37984 -0.0883078 0.30758 
-1.37934 -0.0886387 0.307532 
-1.37861 -0.0890967 0.307479 
-1.37804 -0.0894386 0.307465 
-1.37756 -0.0896953 0.307437 
-1.37744 -0.0898632 0.307646 
-1.37765 -0.0898431 0.307945 
-1.37792 -0.0897446 0.308094 
-1.3784 -0.0895415 0.308393 
-1.37875 -0.0893173 0.308746 
-1.37885 -0.0892638 0.3088 
-1.37925 -0.0889412 0.309143 
-1.37943 -0.0887251 0.309348 
-1.37956 -0.0885413 0.309502 
-1.37937 -0.0882924 0.309732 
-1.37937 -0.0881726 0.309814 
-1.37925 -0.0878952 0.30999 
-1.37918 -0.0875701 0.310164 
-1.37911 -0.0873776 0.310254 
-1.37873 -0.0869369 0.310433 
-1.37869 -0.0868806 0.310454 
-1.37819 -0.0862806 0.310637 
-1.37817 -0.0862601 0.310643 
-1.37732 -0.0857136 0.310746 
-1.37719 -0.0856087 0.310764 
-1.37636 -0.0850233 0.310836 
-1.37618 -0.084912 0.310845 
-1.37573 -0.0842016 0.310939 
-1.37537 -0.0838409 0.310966 
-1.37498 -0.0834812 0.310982 
-1.37385 -0.0828704 0.310951 
-1.37357 -0.0827456 0.310936 
-1.37261 -0.0820044 0.310911 
-1.37194 -0.0816277 0.310869 
-1.37129 -0.0812529 0.310825 
-1.37179 -0.0807939 0.31091 
-1.37235 -0.0805023 0.310984 
-1.37358 -0.0802055 0.311124 
-1.37526 -0.0805035 0.311275 
-1.37559 -0.0805765 0.311302 
-1.37735 -0.0806593 0.31145 
-1.37895 -0.0806409 0.311569 
-1.38046 -0.0807585 0.311654 
-1.38185 -0.0809413 0.311705 
-1.38251 -0.0811535 0.311713 
-1.38313 -0.0813744 0.311709 
-1.38421 -0.0815209 0.311693 
-1.38492 -0.0810357 0.311695 
-1.38507 -0.080912 0.311691 
-1.38558 -0.0802069 0.311655 
-1.38564 -0.0800637 0.311645 
-1.38578 -0.0793879 0.311582 
-1.38577 -0.0789112 0.311522 
-1.38574 -0.0785601 0.311464 
-1.38539 -0.0777384 0.311335 
-1.38528 -0.077492 0.311281 
-1.38495 -0.0768938 0.311138 
-1.3846 -0.0763428 0.310972 
-1.38438 -0.0760213 0.310862 
-1.38351 -0.0751683 0.310594 
-1.3834 -0.0750646 0.310556 
-1.38247 -0.0742893 0.310258 
-1.38184 -0.0738166 0.310056 
-1.38124 -0.0733837 0.30983 
-1.37871 -0.072294 0.307941 
-1.37891 -0.0723662 0.307731 
-1.37903 -0.0724347 0.307729 
-1.38004 -0.0730608 0.307679 
-1.38013 -0.0731232 0.307669 
-1.38121 -0.0738677 0.307728 
-1.3818 -0.0743587 0.307716 
-1.38205 -0.0745891 0.3077 
-1.38281 -0.0753217 0.307696 
-1.38349 -0.0760662 0.307707 
-1.38352 -0.0761101 0.307703 
-1.38393 -0.0767835 0.307634 
-1.38454 -0.0775648 0.307708 
-1.38483 -0.078296 0.307646 
-1.38497 -0.0790193 0.307555 
-1.38517 -0.0797776 0.307532 
-1.38523 -0.0805244 0.307481 
-1.38515 -0.0812635 0.3074 
-1.38494 -0.0819985 0.307288 
-1.3846 -0.0827216 0.307147 
-1.38412 -0.0834364 0.306976 
-1.38355 -0.0841559 0.306798 
-1.38307 -0.0849127 0.306719 
-1.38236 -0.085642 0.306559 
-1.38221 -0.085873 0.306555 
-1.38173 -0.0864207 0.306503 
-1.3811 -0.0870559 0.306447 
-1.38095 -0.087197 0.306439 
-1.37996 -0.0879564 0.30632 
-1.3798 -0.0880826 0.306313 
-1.37885 -0.0887421 0.306247 
-1.37865 -0.0888653 0.306231 
-1.37753 -0.0895124 0.306166 
-1.37748 -0.0895401 0.306171 
-1.37685 -0.089899 0.306227 
-1.37704 -0.0898855 0.306522 
-1.37731 -0.0897871 0.306671 
-1.37779 -0.089584 0.306969 
-1.37814 -0.0893601 0.30732 
-1.37823 -0.0893067 0.307374 
-1.37864 -0.0889843 0.307716 
-1.37882 -0.0887683 0.307921 
-1.37895 -0.0885847 0.308074 
-1.37889 -0.0882609 0.308341 
-1.37891 -0.0882061 0.308378 
-1.37883 -0.0878254 0.308616 
-1.37886 -0.0876011 0.308733 
-1.37901 -0.0870689 0.308977 
-1.37901 -0.0869529 0.309024 
-1.37905 -0.0862904 0.309268 
-1.37901 -0.0861708 0.309307 
-1.37886 -0.0856162 0.309466 
-1.37873 -0.0851255 0.309586 
-1.37861 -0.0849233 0.309627 
-1.37853 -0.0842172 0.309768 
-1.37816 -0.0837336 0.309828 
-1.37793 -0.0835067 0.309849 
-1.37785 -0.0827748 0.30994 
-1.37853 -0.0822143 0.310049 
-1.37888 -0.0820226 0.310089 
-1.37999 -0.0816503 0.310182 
-1.38133 -0.0816933 0.310234 
-1.38253 -0.0816518 0.31026 
-1.38359 -0.0815676 0.31026 
-1.38436 -0.0810786 0.310259 
-1.38446 -0.0809975 0.310257 
-1.38512 -0.0803648 0.310209 
-1.38518 -0.0802334 0.310198 
-1.38544 -0.0794762 0.31011 
-1.38546 -0.0793981 0.310098 
-1.38525 -0.0785888 0.310004 
-1.38514 -0.0781014 0.309909 
-1.38501 -0.0777406 0.309828 
-1.38449 -0.076903 0.309638 
-1.38443 -0.0768051 0.309608 
-1.38382 -0.0760477 0.309389 
-1.38315 -0.0753886 0.309187 
-1.38294 -0.0751931 0.309119 
-1.38185 -0.0743464 0.308848 
-1.38092 -0.0736705 0.308576 
-1.38063 -0.0734716 0.308491 
-1.37922 -0.0726008 0.308118 
-1.38038 -0.0737924 0.306913 
-1.37999 -0.0735258 0.306598 
-1.37949 -0.0732646 0.306257 
-1.38035 -0.0738971 0.306238 
-1.38148 -0.0747007 0.306422 
-1.38243 -0.075479 0.306535 
-1.38331 -0.0762726 0.306673 
-1.38362 -0.0766807 0.306646 
-1.38382 -0.0769928 0.306613 
-1.38421 -0.0777193 0.306545 
-1.3843 -0.0781844 0.30642 
-1.3843 -0.0783979 0.30635 
-1.38445 -0.0791205 0.306257 
-1.38438 -0.0798206 0.306084 
-1.38439 -0.0805576 0.306008 
-1.38427 -0.0812867 0.305902 
-1.38424 -0.0813309 0.305883 
-1.38373 -0.0819537 0.305614 
-1.38337 -0.0826736 0.305467 
-1.38291 -0.0833917 0.305307 
-1.38244 -0.0841297 0.305181 
-1.38229 -0.0844674 0.305168 
-1.38204 -0.0848994 0.305136 
-1.38141 -0.0856444 0.305019 
-1.38117 -0.0860459 0.305024 
-1.38087 -0.0864443 0.305017 
-1.38046 -0.0869755 0.305029 
-1.38021 -0.0872548 0.305035 
-1.37964 -0.087781 0.305024 
-1.3793 -0.0880534 0.305007 
-1.3787 -0.0885014 0.304996 
-1.37818 -0.0888876 0.305036 
-1.37798 -0.089011 0.305036 
-1.37769 -0.0892559 0.305199 
-1.37748 -0.0894023 0.305386 
-1.37753 -0.0893715 0.305649 
-1.37769 -0.0892762 0.305803 
-1.37782 -0.089166 0.305982 
-1.37774 -0.089043 0.306225 
-1.37798 -0.0887972 0.306447 
-1.37812 -0.0886138 0.306599 
-1.37806 -0.0882903 0.306866 
-1.37809 -0.0882343 0.306902 
-1.37829 -0.0876755 0.307223 
-1.3783 -0.0876179 0.307254 
-1.37881 -0.0869581 0.307551 
-1.37897 -0.0865075 0.307731 
-1.379 -0.086296 0.307808 
-1.37872 -0.0856968 0.307995 
-1.37866 -0.0856317 0.308013 
-1.3785 -0.0849405 0.308185 
-1.37828 -0.0846501 0.30824 
-1.37791 -0.0842461 0.308301 
-1.37773 -0.083531 0.308412 
-1.37794 -0.0827959 0.308526 
-1.37904 -0.0820384 0.308668 
-1.37917 -0.0819671 0.30868 
-1.3805 -0.0817461 0.308752 
-1.3817 -0.0816855 0.30878 
-1.38276 -0.0816244 0.308777 
-1.38369 -0.0815438 0.308745 
-1.38434 -0.0810478 0.308717 
-1.38442 -0.0809655 0.308711 
-1.38481 -0.0802159 0.308652 
-1.38486 -0.0800951 0.308636 
-1.38503 -0.0793706 0.308523 
-1.385 -0.079185 0.308497 
-1.38482 -0.0785477 0.308399 
-1.38437 -0.0777299 0.308268 
-1.38427 -0.0775385 0.308221 
-1.38383 -0.0768855 0.30806 
-1.38305 -0.0760576 0.307861 
-1.38286 -0.0758588 0.307797 
-1.38215 -0.0751968 0.307575 
-1.38154 -0.0746642 0.307351 
-1.38106 -0.0742867 0.307166 
-1.3779 -0.0729568 0.305146 
-1.37837 -0.0732024 0.304982 
-1.37852 -0.0732956 0.304951 
-1.37884 -0.0735431 0.304811 
-1.37924 -0.0739052 0.304678 
-1.38031 -0.0746908 0.304816 
-1.38066 -0.0749766 0.304846 
-1.3812 -0.0754535 0.30489 
-1.38198 -0.0762201 0.304961 
-1.38265 -0.0768002 0.305137 
-1.38293 -0.0770639 0.305214 
-1.38313 -0.0773711 0.305196 
-1.38336 -0.0777953 0.30516 
-1.38362 -0.0785102 0.305061 
-1.38361 -0.0789699 0.304916 
-1.38357 -0.079181 0.304837 
-1.38359 -0.0798994 0.304714 
-1.38338 -0.0805874 0.304513 
-1.38322 -0.0813064 0.304381 
-1.38318 -0.0813505 0.304363 
-1.38267 -0.0819728 0.304095 
-1.38232 -0.0826922 0.303948 
-1.38184 -0.0834056 0.303779 
-1.38124 -0.0841165 0.303585 
-1.38085 -0.0848338 0.303533 
-1.38082 -0.0848813 0.30353 
-1.38003 -0.0855883 0.30332 
-1.3795 -0.0863793 0.303302 
-1.37942 -0.0865056 0.303312 
-1.37892 -0.0871977 0.303346 
-1.37881 -0.087319 0.30335 
-1.3781 -0.0880084 0.303353 
-1.37801 -0.0880822 0.30335 
-1.37714 -0.0887454 0.303343 
-1.37703 -0.0888202 0.30334 
-1.37618 -0.0893413 0.30332 
-1.37587 -0.0895884 0.303477 
-1.37573 -0.0897017 0.303684 
-1.37579 -0.0896753 0.303947 
-1.37582 -0.0895875 0.304213 
-1.37614 -0.0893842 0.304436 
-1.37635 -0.089211 0.304615 
-1.37636 -0.0889756 0.304886 
-1.37642 -0.0888606 0.304982 
-1.37646 -0.0885944 0.305193 
-1.37659 -0.0882776 0.305398 
-1.37675 -0.0879876 0.305561 
-1.37689 -0.0876507 0.305734 
-1.37758 -0.0869818 0.306026 
-1.37775 -0.0866515 0.306159 
-1.37789 -0.0863148 0.306282 
-1.37791 -0.0856407 0.306497 
-1.37788 -0.0854837 0.306541 
-1.37773 -0.0849521 0.306672 
-1.37772 -0.0842485 0.306822 
-1.37815 -0.0835234 0.306968 
-1.37932 -0.0830034 0.307088 
-1.38055 -0.0828308 0.307133 
-1.3816 -0.0828156 0.307123 
-1.38212 -0.0826445 0.307129 
-1.38259 -0.0824637 0.307128 
-1.38343 -0.0820487 0.307103 
-1.38366 -0.0817855 0.3071 
-1.38406 -0.0811211 0.307078 
-1.38412 -0.0809745 0.307068 
-1.38433 -0.0801521 0.306996 
-1.38434 -0.0800585 0.306984 
-1.38429 -0.0793269 0.306885 
-1.38418 -0.0788449 0.306802 
-1.38406 -0.0784894 0.306727 
-1.38355 -0.0776755 0.306599 
-1.38288 -0.0768601 0.30644 
-1.38284 -0.0768086 0.306427 
-1.38209 -0.0760242 0.306222 
-1.38111 -0.0752098 0.306029 
-1.38007 -0.0744087 0.305762 
-1.38 -0.0743559 0.305743 
-1.37875 -0.0735064 0.305437 
-1.37661 -0.0729585 0.303579 
-1.37678 -0.0730249 0.303363 
-1.37715 -0.0732645 0.30328 
-1.37736 -0.0734283 0.303212 
-1.37751 -0.0736599 0.302977 
-1.37772 -0.0738482 0.302936 
-1.37875 -0.0746266 0.303057 
-1.37987 -0.0754512 0.303289 
-1.38056 -0.0759909 0.30346 
-1.38093 -0.0762934 0.303551 
-1.38175 -0.0771024 0.303716 
-1.38226 -0.0778543 0.303715 
-1.38231 -0.0780077 0.303675 
-1.38241 -0.0785355 0.303534 
-1.38258 -0.0792566 0.303442 
-1.38255 -0.0796457 0.303339 
-1.38249 -0.0799467 0.303248 
-1.38242 -0.080662 0.30312 
-1.38217 -0.0813615 0.302941 
-1.38178 -0.0820559 0.30273 
-1.38144 -0.0827772 0.302589 
-1.38096 -0.0834903 0.30242 
-1.38039 -0.0842082 0.302244 
-1.38008 -0.0850014 0.302259 
-1.37997 -0.0852368 0.302271 
-1.37962 -0.0857932 0.302257 
-1.37926 -0.0863027 0.302263 
-1.37903 -0.0866019 0.302272 
-1.37855 -0.0871334 0.30228 
-1.37826 -0.0874087 0.302273 
-1.37766 -0.0879017 0.302257 
-1.37723 -0.0882132 0.30225 
-1.37675 -0.0885363 0.302245 
-1.3759 -0.0890317 0.302229 
-1.37575 -0.0891077 0.302218 
-1.37507 -0.0894551 0.302279 
-1.37432 -0.0897533 0.302332 
-1.37382 -0.0898889 0.302455 
-1.3736 -0.0898451 0.302657 
-1.37332 -0.0897627 0.302848 
-1.37337 -0.0895405 0.303067 
-1.37337 -0.0894628 0.303136 
-1.37304 -0.089248 0.303329 
-1.3731 -0.0889856 0.303497 
-1.3731 -0.0887536 0.303633 
-1.37322 -0.0883685 0.303834 
-1.3735 -0.0879085 0.304049 
-1.37355 -0.0877225 0.304128 
-1.37431 -0.0870471 0.30441 
-1.37485 -0.0863674 0.304657 
-1.37516 -0.0856799 0.304867 
-1.37517 -0.0856339 0.30488 
-1.37517 -0.0849821 0.305037 
-1.3757 -0.0842676 0.305211 
-1.3764 -0.0838963 0.305313 
-1.37783 -0.083645 0.30541 
-1.3785 -0.0834844 0.305452 
-1.37914 -0.0833098 0.305486 
-1.38024 -0.0831599 0.305499 
-1.38118 -0.0830579 0.305471 
-1.38203 -0.082797 0.305436 
-1.38238 -0.0825258 0.305433 
-1.38279 -0.082191 0.305412 
-1.38326 -0.0816753 0.305358 
-1.38334 -0.0815268 0.305346 
-1.38353 -0.0808616 0.305301 
-1.38352 -0.0801798 0.305254 
-1.38351 -0.0800544 0.305239 
-1.3832 -0.0792855 0.305221 
-1.38278 -0.0785017 0.305159 
-1.38228 -0.0776826 0.30502 
-1.38196 -0.0772227 0.304912 
-1.38166 -0.0768413 0.30481 
-1.38084 -0.0760147 0.304609 
-1.38023 -0.0754568 0.304426 
-1.37987 -0.0751558 0.304321 
-1.37874 -0.0743143 0.304057 
-1.37747 -0.0734886 0.303803 
-1.371 -0.0710885 0.301705 
-1.371 -0.0709273 0.30147 
-1.37087 -0.0707671 0.301209 
-1.37134 -0.0709679 0.301227 
-1.3725 -0.0715169 0.301263 
-1.37282 -0.0716795 0.301267 
-1.37431 -0.072478 0.301485 
-1.37564 -0.0732582 0.301652 
-1.37682 -0.0740322 0.301788 
-1.37794 -0.0748284 0.301952 
-1.37799 -0.0748734 0.301953 
-1.37878 -0.0755668 0.30197 
-1.3796 -0.0763401 0.30206 
-1.38017 -0.0770747 0.30204 
-1.38074 -0.0778445 0.302085 
-1.38118 -0.0786029 0.302099 
-1.38119 -0.0786456 0.30209 
-1.38129 -0.0793034 0.301956 
-1.38149 -0.080062 0.301939 
-1.38149 -0.0807905 0.301845 
-1.38124 -0.0814846 0.301656 
-1.38096 -0.082201 0.301503 
-1.38066 -0.0829321 0.301388 
-1.3804 -0.0836996 0.301352 
-1.38013 -0.0843681 0.301351 
-1.38007 -0.0844899 0.301351 
-1.37952 -0.0852465 0.301267 
-1.37896 -0.0858975 0.301203 
-1.37885 -0.0860115 0.301191 
-1.37805 -0.0867933 0.30113 
-1.37792 -0.0869158 0.301126 
-1.37707 -0.0875865 0.301086 
-1.3769 -0.0877036 0.301076 
-1.37583 -0.0883694 0.300999 
-1.3757 -0.0884406 0.300988 
-1.37476 -0.088928 0.300981 
-1.37419 -0.0891828 0.300944 
-1.37346 -0.0894823 0.300886 
-1.37275 -0.0897066 0.300954 
-1.37241 -0.0897086 0.301126 
-1.37233 -0.0895401 0.301368 
-1.37238 -0.0894853 0.301414 
-1.37254 -0.089149 0.3017 
-1.37261 -0.0889216 0.301867 
-1.37277 -0.0886397 0.302044 
-1.37304 -0.0883063 0.302232 
-1.37333 -0.0877822 0.302495 
-1.37335 -0.0876712 0.302547 
-1.37365 -0.0870134 0.302822 
-1.37386 -0.0866358 0.302964 
-1.37396 -0.0863425 0.303064 
-1.37452 -0.0856512 0.303286 
-1.37511 -0.0849435 0.303488 
-1.3758 -0.0846249 0.303581 
-1.37691 -0.0841901 0.303696 
-1.37733 -0.0840301 0.303732 
-1.37844 -0.0838817 0.303747 
-1.37939 -0.0837953 0.303718 
-1.38028 -0.0835335 0.303692 
-1.38062 -0.0832598 0.303708 
-1.38118 -0.0827579 0.303716 
-1.38147 -0.0824452 0.303711 
-1.38184 -0.0819096 0.30369 
-1.382 -0.0816244 0.303665 
-1.38203 -0.0808559 0.30368 
-1.38205 -0.080249 0.303633 
-1.38203 -0.0800451 0.303611 
-1.38181 -0.0792456 0.303534 
-1.38141 -0.0784505 0.303449 
-1.38112 -0.0779771 0.303375 
-1.38088 -0.0776349 0.303313 
-1.38012 -0.076864 0.303241 
-1.37991 -0.0766694 0.303218 
-1.37924 -0.0760864 0.303139 
-1.37823 -0.0752976 0.302999 
-1.37707 -0.0744984 0.302825 
-1.3758 -0.0736972 0.302624 
-1.37439 -0.0728903 0.302393 
-1.37284 -0.0720738 0.302131 
-1.37122 -0.0712299 0.301789 
-1.37486 -0.0738228 0.300564 
-1.37441 -0.0735155 0.300243 
-1.37521 -0.0740598 0.300226 
-1.37587 -0.0745553 0.300232 
-1.37614 -0.0747856 0.300222 
-1.37703 -0.0755441 0.30029 
-1.37778 -0.0762929 0.30032 
-1.37809 -0.0766993 0.300291 
-1.37828 -0.0770102 0.300258 
-1.37878 -0.0777593 0.300254 
-1.37919 -0.0785124 0.300256 
-1.37932 -0.079222 0.300138 
-1.37948 -0.0799677 0.300091 
-1.37953 -0.0807119 0.300039 
-1.37946 -0.0814483 0.299958 
-1.37929 -0.0821888 0.299868 
-1.37906 -0.082938 0.299799 
-1.37888 -0.083732 0.299829 
-1.37887 -0.0838141 0.299842 
-1.37868 -0.084572 0.299943 
-1.37863 -0.0846997 0.299957 
-1.37823 -0.0853983 0.300015 
-1.37815 -0.0855247 0.300023 
-1.37753 -0.0862099 0.300033 
-1.3774 -0.0863295 0.300032 
-1.37654 -0.0870142 0.300004 
-1.37644 -0.087087 0.299998 
-1.37539 -0.0877385 0.29995 
-1.37526 -0.0878093 0.299938 
-1.37394 -0.0884595 0.29981 
-1.37364 -0.0885858 0.299807 
-1.37291 -0.0888575 0.299791 
-1.37225 -0.0890015 0.299877 
-1.37235 -0.0887822 0.300103 
-1.37237 -0.0887022 0.300177 
-1.37278 -0.0881958 0.300526 
-1.37287 -0.0880855 0.300592 
-1.37329 -0.0875693 0.300873 
-1.37361 -0.08711 0.301092 
-1.37368 -0.0869212 0.301176 
-1.3744 -0.0862425 0.301436 
-1.37542 -0.0855334 0.301661 
-1.37558 -0.0854604 0.30168 
-1.37687 -0.0849928 0.301765 
-1.3774 -0.0847375 0.301801 
-1.37806 -0.0844036 0.301835 
-1.37883 -0.0839313 0.301864 
-1.3791 -0.0837019 0.301882 
-1.37956 -0.0831561 0.30193 
-1.38003 -0.0825058 0.30195 
-1.38013 -0.0823613 0.301946 
-1.38036 -0.0815888 0.301972 
-1.38032 -0.0808378 0.302016 
-1.38029 -0.0800918 0.301971 
-1.38028 -0.0800385 0.301966 
-1.38005 -0.0792475 0.301905 
-1.37965 -0.0784528 0.30182 
-1.37909 -0.0776559 0.301721 
-1.37883 -0.0772954 0.301643 
-1.37845 -0.0768281 0.301536 
-1.37762 -0.0760113 0.301355 
-1.3769 -0.0753469 0.301135 
-1.37667 -0.0751511 0.301064 
-1.37554 -0.0743014 0.300783 
-1.37431 -0.0747254 0.299089 
-1.37418 -0.0746242 0.298825 
-1.37447 -0.0748606 0.298761 
-1.37501 -0.0753504 0.2987 
-1.37521 -0.0755539 0.298675 
-1.37597 -0.0763051 0.298713 
-1.37658 -0.0770463 0.298713 
-1.37681 -0.0774485 0.298669 
-1.37696 -0.0777598 0.298623 
-1.37731 -0.0784969 0.298587 
-1.37759 -0.0792419 0.298562 
-1.37759 -0.0799467 0.298414 
-1.37761 -0.0806801 0.298339 
-1.37753 -0.0814154 0.298257 
-1.37736 -0.082155 0.298167 
-1.37713 -0.0829031 0.298098 
-1.37695 -0.0836961 0.298129 
-1.37694 -0.0837781 0.298142 
-1.37677 -0.084542 0.298258 
-1.37674 -0.0846196 0.298269 
-1.3766 -0.085157 0.298435 
-1.37643 -0.0854381 0.298486 
-1.37617 -0.085768 0.298532 
-1.37601 -0.0860203 0.298721 
-1.37555 -0.0863846 0.29877 
-1.37537 -0.0865117 0.298779 
-1.37492 -0.0867421 0.298906 
-1.37447 -0.0868771 0.29904 
-1.37397 -0.0869406 0.299169 
-1.37359 -0.0868179 0.299342 
-1.37362 -0.0867578 0.299376 
-1.37449 -0.0860718 0.299633 
-1.37463 -0.0860017 0.299648 
-1.37591 -0.0853046 0.29977 
-1.37603 -0.0852257 0.299782 
-1.377 -0.0845258 0.299864 
-1.37726 -0.0842827 0.299894 
-1.37775 -0.083759 0.299946 
-1.37816 -0.0830228 0.300062 
-1.37851 -0.0822998 0.300099 
-1.37853 -0.0822481 0.3001 
-1.37866 -0.0814941 0.300153 
-1.37869 -0.0807171 0.300146 
-1.37852 -0.0799508 0.300152 
-1.37818 -0.0791951 0.300155 
-1.37784 -0.078434 0.300044 
-1.37781 -0.0783835 0.300035 
-1.37724 -0.0775877 0.299935 
-1.37656 -0.0767731 0.299773 
-1.37572 -0.0759585 0.299594 
-1.37546 -0.0757053 0.299507 
-1.37475 -0.0750813 0.299264 
-1.37227 -0.0747602 0.297119 
-1.3724 -0.0748603 0.297102 
-1.37319 -0.0755628 0.297043 
-1.37337 -0.0757422 0.297032 
-1.37385 -0.076274 0.296987 
-1.37455 -0.0770451 0.297062 
-1.37499 -0.0777699 0.297003 
-1.37539 -0.0785165 0.296994 
-1.3754 -0.0785591 0.296985 
-1.37549 -0.0792111 0.296846 
-1.37569 -0.0799661 0.296826 
-1.37561 -0.0806721 0.296686 
-1.37542 -0.0813779 0.296534 
-1.37522 -0.0821096 0.296427 
-1.3751 -0.0828864 0.296431 
-1.37512 -0.0832821 0.296508 
-1.37519 -0.0837676 0.29667 
-1.37519 -0.0839038 0.296715 
-1.37537 -0.0841568 0.296977 
-1.37559 -0.0841957 0.297267 
-1.37572 -0.0840785 0.297364 
-1.37619 -0.0834504 0.297705 
-1.37622 -0.0834097 0.297723 
-1.3765 -0.0827786 0.297943 
-1.37672 -0.082039 0.29804 
-1.37679 -0.0813027 0.298121 
-1.37673 -0.0805587 0.298173 
-1.37654 -0.0798034 0.298197 
-1.37621 -0.0790444 0.298191 
-1.37575 -0.0782837 0.298167 
-1.37522 -0.0775167 0.298022 
-1.37518 -0.0774615 0.29801 
-1.37446 -0.0766671 0.297885 
-1.3736 -0.0758379 0.297671 
-1.37309 -0.0753909 0.29749 
-1.37248 -0.0749088 0.297214 
